157 189571
18975 1
5178 1
7598 175981
5719875198547182749 51798571
85 18795471895
7 57891275
5 789571857
590218309895 1
3489512 5690
547 187
1587157 1
75 175892
4 5
1274198 712894
12 124
174 1
15 2
5626 5
135 14
12 4
12 4
14 124
4 12
412 4
123412 3
13 1
4 1
4 1
41 27
4127849174 12
88 9223372036854775807
9223372036854775807 9223372036814775807
9223372036854775802 9223372036854775806
9223372031854775807 9223372036854775800
184 1284
4 4
4 4
4 4
19283109 8381283
1247178194 1247891274891
992929292929292292 18291085109851991
