75 50
183 74 7 11 21 37 68 54 61 33 74 19 30 55 43 4 52 20 12 54 31 6 11 5 68 8 14 61 57 13 29 32 12 12 19 9 47 12 39 32 21 37 27 49 68 47 30 44 43 40 75 72 23 10 2 15 68 66 74 27 3 27 58 13 16 53 72 61 41 35 70 39 48 21 12 41 44 18 61 12 35 38 8 56 46 60 47 39 50 45 64 52 48 24 41 62 54 38 26 19 49 72 56 22 69 45 39 38 39 2 48 50 39 32 8 61 17 53 2 65 74 43 19 47 65 59 11 21 73 13 17 24 9 49 22 3 70 59 17 34 38 63 60 75 71 67 60 12 44 61 54 43 6 49 66 47 10 53 67 7 65 8 8 50 55 28 51 28 12 44 60 26 9 44 25 5 13 61 15 56 24 45 75 28
75 73 53 9 17 26 24 19 72 66 40 62 74 48 22 64 74 63 31 36 32 29 43 4 55 40 74 57 16 32 62 54 29 23 45 44 30 66 44 26 40 8 69 22 38 73 11 20 44 23 37 57 34 5 59 70 42 41 51 39 71 21 18 8 41 60 49 68 34 75 75 71 7 53 17 26
122 21 72 68 46 6 72 73 10 36 4 16 48 63 55 50 24 75 73 39 13 14 65 42 56 7 11 33 15 8 43 73 41 40 66 11 42 6 24 64 38 24 4 10 28 71 73 64 71 70 27 24 8 32 7 61 36 30 34 63 34 73 5 16 53 11 39 35 13 60 23 47 24 39 69 64 51 66 52 62 4 20 26 9 48 29 10 24 56 40 12 30 53 13 42 47 20 6 6 45 6 42 16 42 21 25 31 68 16 23 54 32 39 21 37 12 46 59 32 26 39 56 53
5 19 7 74 66 21
154 32 45 20 68 48 22 10 17 68 34 14 15 28 24 34 14 72 34 9 44 59 49 69 24 16 30 73 62 64 55 46 32 24 73 25 66 19 29 19 23 69 28 32 21 58 72 41 54 43 45 22 26 30 27 56 40 64 53 26 64 32 8 20 63 75 39 65 18 74 9 36 67 43 74 25 37 71 60 15 38 41 43 70 65 65 50 41 65 39 61 53 66 64 67 65 75 43 54 18 41 69 60 45 36 58 6 67 65 72 18 27 38 56 33 39 57 7 75 46 41 72 23 43 60 26 32 60 63 10 14 41 74 68 22 46 62 22 50 52 18 74 15 62 66 43 26 47 56 37 29 33 33 58 12
14 20 57 15 31 43 33 68 73 24 51 72 15 13 58
88 18 42 58 72 20 41 42 48 17 53 57 11 9 22 53 71 37 34 53 17 13 71 35 70 9 10 39 41 32 35 46 42 69 28 46 21 69 13 61 18 66 43 21 75 65 67 70 34 33 55 43 38 58 10 40 67 21 11 33 45 38 11 19 39 39 57 61 40 70 46 50 61 21 64 68 18 63 63 44 20 50 20 58 33 22 30 24 43
177 32 32 38 22 47 53 49 72 14 55 52 69 62 37 22 46 15 58 70 38 31 17 46 51 50 25 50 35 65 35 57 38 9 19 52 64 64 42 60 19 22 37 12 75 15 26 62 21 75 56 67 30 14 38 23 55 71 64 31 10 40 12 40 40 40 16 29 45 49 30 55 12 75 59 28 15 9 14 44 25 11 53 63 16 32 10 12 27 15 34 29 47 38 60 28 69 17 65 38 74 20 34 11 19 17 47 42 34 53 28 67 72 72 55 13 28 73 16 46 30 59 16 18 38 67 37 31 75 27 10 24 55 35 26 15 61 14 49 19 75 68 11 72 14 74 9 50 21 33 20 42 33 28 51 62 36 30 17 53 48 35 68 27 62 35 33 47 40 23 74 40 32 26 36 54 41 53
191 22 58 21 16 39 19 75 60 28 20 32 17 13 58 14 21 55 39 38 40 75 10 29 69 35 47 15 18 30 65 25 40 47 36 44 10 43 43 61 60 51 17 67 54 63 72 63 43 33 26 73 32 26 26 25 49 62 28 55 14 17 71 42 55 29 10 53 61 44 38 45 17 43 34 60 31 28 47 62 52 61 59 74 75 74 22 49 58 38 26 62 46 19 28 23 39 28 66 22 60 27 57 68 58 13 52 11 32 21 63 74 73 45 70 72 43 14 43 25 43 58 75 11 67 25 24 28 43 12 40 26 27 19 16 10 23 56 11 45 67 63 43 62 32 35 57 65 40 24 12 73 70 75 74 62 24 20 12 57 20 43 71 38 52 11 36 63 57 35 32 47 22 63 33 44 23 14 31 51 27 31 48 21 30 44 71 44 52 74 24 60
199 18 35 19 31 17 32 20 31 59 12 53 73 73 65 19 17 26 58 12 56 67 11 58 66 27 45 18 67 54 27 68 61 52 14 18 60 35 28 15 20 31 60 17 28 49 25 37 66 72 40 46 65 40 31 55 57 67 64 50 45 16 43 32 59 46 40 45 72 59 50 16 14 36 23 34 74 39 60 66 36 24 39 27 56 59 74 37 52 64 13 21 71 47 42 56 19 71 26 15 56 65 23 60 25 35 20 25 65 69 17 27 19 45 44 64 30 42 27 71 32 32 18 28 68 50 73 14 47 23 20 28 14 32 14 28 58 23 44 48 18 51 64 28 22 34 17 44 67 35 41 24 56 49 41 51 25 40 54 61 53 65 15 56 22 18 11 71 32 44 45 41 19 34 59 33 59 67 66 51 26 31 64 72 69 31 47 18 60 27 71 39 16 75 20 29 20 22 25 43
169 74 33 42 13 75 55 59 74 29 55 59 55 68 74 46 34 71 65 55 54 53 47 62 33 63 62 67 65 71 59 66 70 16 32 71 15 75 54 13 28 33 61 72 25 59 42 47 55 31 27 33 73 62 19 30 49 70 21 38 65 68 28 59 73 49 55 12 48 33 14 65 55 63 61 68 46 27 40 25 46 55 47 43 41 54 61 14 48 70 40 38 63 56 21 60 29 64 60 66 22 62 55 65 49 40 57 20 55 21 33 25 64 68 57 29 47 42 31 19 37 59 45 24 40 55 72 57 43 56 47 53 43 26 42 16 54 24 24 33 33 46 47 22 38 28 39 73 58 59 17 19 42 50 31 70 29 27 52 61 72 23 38 39 38 69 43 16 17 56
26 39 55 59 41 42 55 49 67 18 15 57 67 14 72 57 41 30 65 29 32 28 29 14 72 19 50
60 72 14 14 44 73 56 51 31 37 62 59 45 41 40 68 44 64 69 59 36 24 39 64 18 69 73 43 28 55 68 44 51 67 43 17 64 23 54 19 44 40 63 73 65 25 63 32 75 55 75 35 65 38 23 70 29 19 35 43 58
187 29 67 71 26 30 46 44 17 56 56 38 39 15 72 16 61 25 70 61 17 75 32 56 35 29 58 69 42 68 30 52 22 21 50 33 36 20 64 40 63 45 65 26 45 63 30 32 74 24 20 17 23 37 59 45 53 41 38 21 36 53 58 43 61 34 63 23 42 54 48 29 23 39 43 55 27 58 72 27 67 18 31 16 40 75 49 19 43 72 25 64 52 71 33 39 29 22 48 56 61 20 73 69 47 40 50 61 24 49 75 17 52 30 18 19 30 52 23 60 51 34 50 29 29 68 53 45 16 25 26 63 33 25 58 67 52 33 52 61 67 51 63 45 68 68 49 24 45 58 69 22 16 43 38 30 37 15 60 41 28 73 30 48 24 73 39 61 32 15 46 25 53 33 56 47 26 29 57 58 72 50 67 75 20 29 31 44
99 53 71 70 40 65 42 43 28 47 56 47 19 23 73 32 69 75 37 36 30 47 27 34 52 30 19 60 23 73 36 23 50 31 69 66 73 28 25 25 59 66 48 63 65 45 71 58 36 24 19 51 55 22 61 32 29 56 68 36 53 20 43 19 36 37 62 33 41 63 34 24 45 66 63 34 36 59 17 56 59 72 23 39 18 68 47 31 49 39 44 18 44 71 74 56 24 52 65 49
103 28 40 72 34 42 69 62 21 54 55 37 44 32 34 22 37 56 46 70 30 26 73 75 29 61 41 62 43 43 57 48 58 25 48 21 54 41 66 59 24 45 24 51 65 41 56 26 25 27 20 42 36 17 42 52 66 66 43 37 38 24 68 20 36 40 28 73 65 19 60 17 51 67 51 40 36 32 53 48 46 56 74 65 61 40 46 55 34 72 75 55 24 72 63 43 40 74 40 29 21 25 33 60
169 74 24 41 46 46 47 26 62 48 18 53 47 71 54 56 75 63 74 40 44 32 50 57 73 21 59 66 64 24 33 23 72 40 38 42 60 60 50 46 32 51 74 54 38 52 34 38 31 24 60 49 39 35 31 28 30 64 18 68 62 26 73 59 40 28 25 24 70 50 44 26 25 34 62 45 69 20 65 74 27 42 48 40 51 53 42 63 41 34 47 19 42 36 60 64 46 60 62 40 34 23 49 41 39 27 60 24 30 42 23 31 66 45 45 41 22 69 20 45 27 41 46 44 59 23 24 30 65 61 52 23 58 75 38 71 27 22 20 31 38 75 44 28 36 71 43 40 56 37 59 65 60 21 25 44 26 32 48 65 75 24 70 57 24 24 52 25 29 46
90 28 68 70 38 66 56 27 73 32 54 52 31 75 21 59 42 44 38 68 25 57 73 47 58 50 56 72 37 71 36 50 23 44 60 58 35 40 67 48 69 61 25 24 60 27 23 43 68 42 51 74 39 48 62 21 22 42 34 40 53 67 30 73 35 71 56 51 35 63 40 44 48 46 66 48 70 70 31 62 53 64 20 32 52 63 35 56 45 66 36
110 69 68 37 39 23 28 34 37 50 52 23 62 34 47 66 24 61 50 66 54 33 43 23 59 51 37 69 27 34 56 73 67 48 75 31 36 27 29 53 42 61 40 68 75 68 58 63 37 33 37 71 30 61 74 53 20 20 46 28 34 67 25 66 39 24 21 39 72 30 72 22 71 37 70 54 69 53 41 70 50 58 65 60 27 47 38 28 47 48 20 46 39 25 20 43 70 21 62 50 71 43 52 66 44 30 28 21 63 49 71
1 57
144 34 69 59 30 75 31 68 25 73 58 22 43 45 58 70 33 46 49 68 62 59 62 71 43 43 72 68 42 22 63 60 50 56 44 58 71 53 50 36 50 32 37 71 71 35 27 45 60 70 37 62 53 40 73 36 23 70 28 44 32 69 44 60 66 66 42 61 59 32 22 49 59 53 60 54 28 65 39 66 59 71 69 52 51 66 66 52 22 34 36 32 28 59 32 34 65 52 73 49 25 35 38 62 28 23 56 35 28 74 41 28 69 34 58 44 41 65 36 41 23 51 68 45 50 40 57 55 33 71 28 36 30 61 22 37 62 56 66 30 54 31 36 63 60
65 34 32 43 30 68 56 34 46 47 41 65 24 68 54 41 34 63 51 41 59 55 41 32 46 49 29 23 65 53 28 28 65 69 27 51 62 60 62 64 63 59 53 65 51 63 30 62 50 37 59 65 48 24 75 50 51 60 51 72 69 56 56 58 50 60
53 27 48 48 27 27 40 63 66 27 38 24 74 68 31 72 73 42 57 73 75 59 74 46 70 62 25 55 55 50 62 73 53 63 73 33 66 38 48 32 41 62 32 67 54 67 63 28 34 73 53 61 32 52
63 66 74 58 37 28 40 66 35 47 41 60 40 28 36 38 38 25 27 64 64 31 64 44 42 56 56 40 74 55 69 55 45 67 62 58 44 26 73 29 74 38 38 63 66 49 51 53 74 53 41 36 33 29 55 25 34 60 40 32 40 33 36 60
18 52 33 29 51 39 41 45 51 45 53 35 35 56 71 58 57 26 48
20 32 67 49 56 44 66 68 67 28 44 55 32 75 43 40 56 60 55 69 69
109 36 58 38 52 30 31 31 42 65 43 56 54 56 37 46 60 46 72 29 62 59 39 50 71 31 57 58 63 28 67 36 36 50 62 60 52 65 31 34 70 47 62 49 43 72 35 75 42 32 44 44 31 56 34 74 75 31 72 62 32 64 70 40 54 57 41 30 62 60 36 57 31 70 46 62 34 53 30 64 57 46 48 28 42 54 74 42 74 39 28 30 43 39 42 69 36 71 39 70 56 47 51 75 57 37 62 32 63 64
168 36 51 46 39 73 61 42 38 32 70 60 71 60 74 74 50 62 40 40 36 41 32 30 59 39 62 67 62 66 54 49 73 55 66 36 31 52 29 40 55 49 51 51 34 49 75 55 36 39 46 69 31 49 49 61 38 61 52 71 51 56 45 75 61 61 61 64 37 61 75 43 35 29 65 66 50 64 71 36 53 41 55 55 62 54 66 71 40 68 46 41 48 41 40 60 73 73 48 35 58 73 75 43 74 43 33 74 57 29 60 34 67 65 40 53 43 30 75 54 49 45 67 47 57 57 31 54 54 50 39 63 48 38 30 72 52 61 49 33 40 33 65 31 48 29 56 62 56 55 67 29 71 37 48 31 65 50 56 44 51 46 57 49 55 58 45 58 69
157 47 48 58 75 52 75 75 68 44 62 73 46 46 74 41 34 57 62 45 54 41 67 74 74 67 73 37 54 46 75 51 63 47 73 63 63 66 56 55 34 42 52 51 53 44 56 57 71 42 72 44 47 57 42 45 42 33 47 60 49 46 75 31 63 72 58 45 62 38 70 61 45 47 30 68 61 56 43 51 63 34 65 74 61 71 38 68 75 55 52 42 71 46 43 52 42 65 67 69 68 62 54 37 73 54 69 52 74 36 67 55 40 50 54 66 46 62 58 39 41 74 45 30 38 53 52 51 42 38 38 34 64 56 35 61 34 68 31 72 75 69 52 33 43 30 69 53 56 45 56 67 38 72 67 46 49 37
35 62 52 36 69 60 39 74 37 33 74 47 63 41 47 66 71 71 59 38 64 44 63 56 57 66 51 69 61 53 57 41 47 34 54 40
44 34 60 65 40 62 39 70 63 38 60 32 72 56 42 40 58 67 47 51 47 51 67 43 69 52 46 66 33 53 47 34 56 51 67 40 58 74 34 65 56 62 65 52 42
55 74 57 33 44 55 65 51 43 68 38 67 37 70 69 73 39 38 53 36 53 35 51 55 71 57 38 70 50 54 73 56 52 54 48 55 68 37 66 70 64 63 53 69 58 38 58 56 43 35 59 63 72 34 34 67
61 45 52 65 69 45 72 75 54 63 56 56 71 70 46 41 72 50 52 39 57 74 64 65 35 47 47 41 54 47 66 49 57 40 38 50 49 74 49 69 61 69 47 55 63 59 60 58 73 34 61 54 74 49 42 75 61 55 40 39 66 70
154 53 73 36 41 49 40 38 61 54 75 75 58 39 64 52 72 60 45 47 65 58 49 53 40 65 62 42 38 70 72 61 50 69 62 56 42 67 59 70 47 59 71 72 65 59 48 61 45 60 75 75 42 48 54 49 37 40 56 42 37 52 70 52 47 58 75 56 50 59 50 64 44 47 61 74 71 74 61 43 59 60 44 68 35 64 42 37 69 65 47 73 42 41 49 56 65 49 37 41 75 54 70 43 67 55 43 64 56 69 72 39 55 41 74 55 70 40 60 65 71 72 63 39 37 38 60 69 54 64 75 55 43 72 63 75 51 71 63 72 66 60 37 46 68 36 66 64 43 50 53 38 48 42 44
196 67 53 71 41 62 49 66 48 41 65 44 48 39 74 52 57 42 62 57 39 70 66 45 52 74 58 72 60 48 59 56 71 36 43 68 54 56 58 59 61 40 59 66 43 57 74 64 63 60 38 58 47 68 67 63 58 42 59 42 46 74 54 73 66 54 65 45 74 40 68 52 44 43 74 51 65 64 39 52 40 73 67 51 65 50 70 48 56 46 46 66 44 57 63 67 75 45 36 65 49 60 73 49 67 63 64 48 51 59 57 48 57 48 55 38 62 50 42 75 52 45 65 60 66 45 51 57 46 43 38 59 59 68 64 43 47 52 47 55 67 68 67 40 72 46 43 59 52 41 58 68 50 39 45 72 40 52 53 50 52 48 65 75 72 53 74 43 61 38 62 53 70 53 57 67 64 56 42 72 62 56 65 36 51 74 73 56 50 42 62 66 46 52 58 42 61
92 52 69 54 66 73 51 59 38 37 63 49 58 39 38 40 48 71 45 50 59 59 51 51 62 59 73 70 39 75 63 45 40 56 62 69 53 37 41 55 37 67 56 47 59 57 50 70 41 48 45 64 70 48 67 56 59 53 39 51 52 66 59 55 74 73 38 41 74 42 48 63 62 67 63 45 37 37 39 41 37 75 57 71 75 48 40 48 65 71 62 69 61
37 47 65 57 43 61 64 62 75 68 45 75 68 58 41 48 71 52 63 64 52 41 53 57 74 39 42 41 41 54 69 60 63 59 41 68 60 46
101 62 42 53 65 75 60 61 43 75 60 65 55 47 54 45 54 67 39 60 46 64 65 46 73 47 57 73 75 69 53 68 70 56 60 60 70 44 45 74 43 44 64 75 52 57 44 46 48 60 45 56 63 71 41 61 43 59 73 57 67 65 49 40 60 70 39 54 39 60 52 58 65 55 57 56 74 63 63 61 47 48 56 71 43 58 71 47 41 68 65 48 57 53 64 41 48 64 56 63 48 48
179 71 53 49 40 56 72 63 54 67 65 64 41 59 72 53 61 75 68 68 68 43 42 50 41 48 74 71 40 74 71 51 49 64 60 66 45 72 53 59 43 58 63 45 57 59 74 42 75 46 51 67 49 53 42 67 41 56 42 41 71 73 68 60 41 69 50 46 65 43 45 49 41 49 70 59 68 68 41 47 54 52 75 44 45 57 51 46 53 53 63 48 66 56 49 67 49 75 54 54 43 75 43 60 48 73 43 57 45 45 64 40 73 43 44 43 60 55 65 74 68 53 62 58 49 71 65 58 71 43 52 54 59 56 74 67 69 42 64 55 63 53 55 60 72 59 43 57 54 69 55 46 62 41 44 71 73 69 69 48 53 61 62 72 57 60 43 51 42 48 46 65 41 61 66 73 44 69 54 74
38 56 42 60 75 73 74 63 48 43 43 74 63 57 53 52 47 61 44 75 63 74 54 66 51 45 69 55 74 55 48 72 70 61 69 46 58 67 45
185 43 43 51 59 53 52 56 66 54 69 67 42 63 73 47 55 42 75 52 52 62 72 52 49 49 57 70 67 56 44 46 65 53 63 48 65 73 62 55 59 63 46 59 51 51 64 72 59 72 48 43 58 52 54 73 60 43 68 59 65 44 71 54 55 58 60 44 64 55 57 47 42 69 65 59 53 53 55 70 49 62 46 74 46 58 71 72 67 71 55 57 73 50 43 53 67 62 55 63 75 45 68 49 46 57 67 65 43 46 60 58 74 64 56 45 54 60 75 53 55 55 42 53 63 44 72 62 72 51 49 71 62 42 44 75 65 43 64 74 48 56 57 54 44 45 57 64 71 65 50 59 44 50 70 73 60 74 68 56 57 75 51 44 49 62 51 47 63 73 45 43 54 68 56 64 46 45 61 49 68 69 66 44 51 68
10 57 59 47 65 62 69 58 44 46 66
159 54 57 66 73 49 72 56 59 57 50 60 48 49 65 51 62 65 66 48 59 72 59 63 59 45 73 69 57 52 47 72 62 60 62 59 65 59 71 48 72 45 65 44 51 54 51 69 75 73 73 59 70 56 46 53 57 75 46 70 51 49 66 69 65 53 53 55 68 48 59 64 50 48 64 57 58 71 50 58 68 47 73 62 60 75 71 73 75 73 68 50 46 58 44 68 67 53 47 59 57 62 47 63 67 67 44 49 62 50 63 55 54 60 73 70 60 69 67 59 66 59 65 69 74 65 61 65 74 64 49 56 50 52 75 73 44 44 47 62 50 66 73 60 51 71 54 67 64 46 50 54 61 71 47 59 61 64 49 59
184 65 58 47 65 45 67 45 53 49 50 74 73 55 48 67 58 46 74 58 75 73 63 48 59 53 71 58 70 64 57 62 53 68 62 72 68 54 70 74 58 75 71 53 55 72 73 66 73 71 47 73 68 65 74 50 71 67 63 65 56 73 52 62 66 69 58 56 45 53 53 59 52 48 65 60 75 63 49 72 58 51 67 49 71 65 54 66 55 70 54 66 68 59 52 58 50 64 69 51 72 46 63 46 47 52 60 46 68 64 72 49 68 63 53 63 51 60 51 61 54 58 49 46 72 54 57 47 71 51 53 67 50 69 67 51 74 49 52 67 66 46 71 58 63 46 74 69 61 49 52 68 63 54 70 57 61 51 59 57 55 65 46 59 58 68 65 55 70 70 46 60 72 72 71 59 73 69 50 56 74 55 48 59 62
134 71 67 57 66 62 68 52 63 62 55 70 57 70 61 72 63 47 62 51 60 47 55 63 46 46 57 67 57 69 63 52 57 54 63 69 63 47 75 50 56 54 66 67 70 73 63 49 75 71 54 51 64 63 68 64 55 72 55 67 57 64 65 60 73 74 53 60 75 75 56 55 75 46 69 70 74 48 73 65 66 52 62 54 61 46 65 63 72 66 54 46 55 65 60 74 63 68 50 54 67 60 64 66 52 49 52 72 51 50 53 63 48 61 72 55 62 53 72 50 73 50 50 52 69 65 72 48 49 46 57 62 52 67 74
5 59 49 47 53 63
41 63 57 52 59 60 64 70 65 67 61 57 55 62 75 54 52 49 69 65 64 61 75 57 52 52 65 67 74 57 58 51 56 51 67 67 63 56 61 64 59 58
22 51 52 71 61 49 57 53 73 70 65 53 55 58 57 72 72 54 69 57 71 60 73
86 50 67 52 65 56 67 63 58 74 68 53 57 75 69 65 55 66 57 72 57 65 74 55 58 64 64 65 73 73 71 56 73 63 58 64 71 50 51 53 50 69 56 59 68 75 50 75 68 58 72 75 75 72 54 58 61 70 73 58 67 71 66 66 60 75 54 55 51 57 58 53 53 66 62 73 67 62 73 59 72 69 58 72 67 64 56
166 75 61 53 63 68 63 59 58 69 66 55 67 64 57 65 73 75 71 75 57 58 70 73 68 66 66 68 57 69 68 73 69 56 52 56 73 65 67 58 60 57 62 54 72 71 68 71 70 66 71 53 73 65 53 65 56 68 60 62 61 54 61 56 61 65 62 61 56 53 68 65 61 56 68 60 51 63 55 73 53 52 75 52 67 52 68 74 71 52 62 59 58 72 64 68 63 52 55 68 56 72 58 67 53 52 53 55 64 57 52 68 61 54 69 54 57 62 52 55 65 63 63 72 61 53 67 51 55 71 68 60 68 75 53 72 54 55 51 67 64 55 62 74 58 55 52 64 66 55 68 56 69 57 54 56 60 70 56 66 68 74 52 60 75 57 58
102 68 55 71 67 52 73 57 61 74 61 62 63 59 54 73 69 62 59 75 74 55 59 66 61 66 54 56 52 73 73 66 58 68 53 73 69 66 71 70 65 56 72 52 64 75 73 73 53 72 64 75 67 72 57 52 54 59 72 54 73 61 61 55 54 54 68 71 69 63 57 74 60 54 74 64 53 63 61 70 75 74 69 67 62 66 59 56 73 56 59 62 57 60 57 59 62 66 70 71 53 52 69
137 61 54 74 65 65 55 56 60 71 62 67 71 59 60 68 68 63 71 62 67 69 65 75 65 59 69 71 70 54 54 54 62 55 53 68 68 72 65 69 67 68 54 56 68 61 65 54 72 61 63 63 71 70 56 60 53 72 73 64 67 74 66 70 70 60 62 62 73 68 72 64 60 73 61 75 59 73 54 72 75 64 53 71 75 56 72 53 70 63 58 61 61 71 73 73 72 59 53 69 69 73 74 53 64 59 53 64 74 71 60 67 53 54 62 53 58 53 70 75 63 75 54 66 65 74 63 55 75 57 72 68 54 70 68 66 71 62
24 65 70 61 71 75 74 61 54 70 58 54 74 61 60 58 72 65 54 67 73 72 61 60 68
161 58 64 68 58 62 68 69 64 69 60 66 55 62 59 71 68 74 58 69 61 61 56 56 56 68 66 68 64 58 63 57 59 70 68 61 75 58 75 61 72 57 72 71 62 55 66 73 74 67 65 58 74 64 57 73 75 68 63 64 69 69 64 73 61 75 58 61 58 56 67 75 56 64 68 62 62 56 59 59 69 67 62 65 55 64 62 55 56 68 62 68 62 71 63 68 70 67 74 73 66 64 71 65 71 61 72 57 63 75 61 75 66 66 64 67 75 69 65 74 61 72 66 68 67 73 59 59 62 55 55 73 64 69 60 59 75 57 60 60 75 64 59 63 55 68 73 75 59 62 72 64 58 60 56 68 57 58 71 64 59 71
110 70 72 62 59 57 70 71 69 58 75 72 56 63 73 58 64 72 63 59 56 56 74 63 67 63 70 70 71 60 58 74 75 66 60 70 68 74 65 73 68 56 69 60 56 58 62 56 67 70 71 59 62 69 58 73 56 73 60 64 57 74 62 68 65 58 62 69 68 63 66 60 56 71 64 56 66 63 56 57 69 63 60 75 56 63 64 69 72 60 69 65 59 67 70 60 69 68 65 61 56 67 57 56 74 57 68 64 64 60 65
1 61
186 74 75 67 69 72 65 59 75 74 60 64 66 62 59 69 63 62 59 74 69 59 65 71 63 63 69 71 73 63 72 61 61 71 70 70 66 75 72 63 73 74 70 64 59 69 73 62 72 72 61 63 73 68 58 58 73 68 69 70 73 65 73 74 58 65 69 66 64 65 72 60 61 64 66 62 75 61 67 71 75 68 59 70 60 59 70 75 67 63 68 64 70 63 61 68 69 72 59 73 59 73 75 60 61 63 65 58 66 72 72 63 64 71 75 64 70 67 61 62 72 71 66 64 75 69 75 68 65 74 63 64 71 63 67 72 68 72 70 75 66 64 62 70 59 60 58 70 67 59 72 64 73 62 68 70 74 65 60 61 63 65 66 74 70 73 68 63 69 63 60 75 69 62 69 69 62 67 63 72 68 59 58 63 61 68 73
75 63 62 61 63 60 61 61 64 59 70 59 62 71 61 59 74 60 72 62 75 69 63 65 66 71 64 59 65 59 74 69 71 69 62 66 61 64 68 66 64 63 67 75 75 60 75 64 69 62 67 69 72 62 66 62 74 63 70 72 71 69 73 66 70 59 73 72 72 66 62 68 70 61 67 60
198 64 75 75 69 61 64 72 67 63 63 64 61 75 71 71 74 75 75 66 73 72 64 62 75 65 64 62 61 64 67 75 68 66 74 61 67 63 73 74 66 61 63 67 60 74 62 74 74 61 64 71 73 68 74 73 73 62 75 74 67 66 73 75 72 72 61 64 75 74 62 65 75 65 72 75 64 74 73 62 75 61 73 72 69 71 69 67 74 69 65 65 75 63 64 72 75 65 60 74 64 62 63 63 68 75 63 72 73 60 74 72 62 71 68 71 67 62 62 65 71 68 70 70 71 74 66 70 64 66 68 68 69 71 71 61 70 74 73 67 75 71 63 61 66 71 72 73 73 75 62 68 67 72 63 62 71 69 72 75 60 64 67 69 75 62 70 69 61 67 60 60 62 63 61 68 74 73 66 72 72 68 64 63 65 67 65 60 61 61 75 61 65 66 70 64 68 64 73
89 75 61 69 67 66 62 62 67 65 70 73 72 68 68 73 63 73 70 75 74 72 62 65 66 70 63 63 70 74 61 70 73 69 63 64 74 72 72 72 61 67 69 72 66 69 69 68 66 71 74 64 67 67 75 64 61 62 66 62 75 74 71 64 67 66 67 72 69 70 69 69 61 62 72 73 70 73 72 67 68 70 62 66 61 61 69 61 69 75
49 74 65 67 66 74 67 63 65 67 69 70 63 70 66 74 70 71 69 64 70 70 73 69 74 65 63 71 74 71 63 63 68 66 68 72 62 72 72 66 75 63 72 63 69 62 75 63 72 66
126 74 67 73 66 65 68 70 69 75 70 69 75 74 71 70 75 71 64 68 75 64 73 75 72 68 65 63 64 66 70 63 66 63 73 69 65 68 64 74 67 71 67 69 71 64 63 70 74 66 65 73 67 75 75 66 67 64 68 71 69 65 71 72 65 71 65 70 65 66 68 71 63 74 64 71 64 66 68 63 69 70 75 63 71 74 66 65 64 71 73 70 73 70 66 65 65 71 72 67 74 64 65 64 64 66 72 67 72 66 67 65 73 69 65 69 69 70 71 71 66 70 67 65 64 73 67
4 75 74 64 74
93 68 69 66 67 67 74 71 67 66 72 71 67 71 73 68 65 66 67 68 67 75 73 66 67 72 65 75 67 71 66 72 74 70 72 65 70 70 69 73 71 75 66 74 70 74 66 70 73 68 72 73 65 67 74 68 74 75 65 65 70 66 71 68 70 67 67 75 72 69 70 67 68 71 74 71 69 73 66 75 74 71 72 75 73 71 67 69 70 65 68 75 67 74
101 73 66 72 73 73 72 73 71 71 69 74 72 70 68 75 72 75 75 75 68 75 68 66 70 70 74 71 70 71 73 71 68 73 70 68 72 66 75 68 73 70 66 69 74 70 70 73 71 69 74 73 68 68 73 75 72 72 70 68 67 70 73 72 69 69 74 66 69 75 68 69 69 70 72 70 74 67 67 72 72 75 69 67 69 69 66 75 67 72 69 70 66 66 66 70 72 66 70 67 75 74
34 75 68 67 70 67 71 67 68 71 68 73 67 75 71 69 67 68 75 69 74 75 70 73 71 69 69 70 74 72 72 74 71 71 72
173 73 69 75 71 72 70 73 69 70 70 73 69 72 73 69 71 69 69 68 70 70 73 68 72 70 69 68 72 75 68 69 72 69 68 68 73 70 73 75 72 68 72 73 72 69 74 75 70 68 75 72 70 73 73 74 75 74 74 72 73 74 73 70 68 74 70 73 68 75 72 73 75 68 70 72 69 69 71 72 69 71 68 71 68 73 69 75 71 75 71 69 74 69 71 74 75 73 71 75 72 68 72 72 68 75 68 70 68 71 74 69 74 74 72 74 72 73 74 75 72 69 68 70 70 71 68 69 68 72 69 73 72 73 69 72 72 69 74 72 72 72 73 71 71 69 69 75 74 75 74 71 69 75 73 71 70 74 73 71 70 74 68 74 71 69 70 68 70 69 72 74 73 70
129 71 73 75 70 72 69 72 72 69 73 69 71 74 73 71 71 73 73 69 71 73 74 75 71 70 70 69 73 73 75 70 74 72 69 75 75 75 69 69 75 73 75 75 70 72 70 72 75 72 71 75 75 69 74 75 71 75 75 73 71 74 74 74 69 73 71 73 72 72 74 69 74 73 69 75 74 75 70 71 72 72 71 71 72 69 70 72 74 75 69 74 71 73 72 69 70 74 74 71 75 70 69 74 72 69 71 75 74 72 71 75 73 73 70 75 71 69 71 69 73 72 74 74 69 75 74 75 74 72
17 73 71 73 72 74 75 70 72 73 70 74 75 75 71 74 74 72
62 73 74 74 75 72 73 73 71 72 71 71 73 75 73 71 73 75 71 73 74 73 73 73 75 72 73 72 75 71 73 74 71 73 72 75 75 71 75 75 73 75 75 72 72 74 72 71 73 74 73 73 73 72 71 74 75 73 75 74 71 75 72
190 75 75 72 72 75 72 74 73 72 72 72 72 72 74 74 73 74 75 73 72 72 73 72 74 74 73 75 73 72 73 75 75 72 72 72 72 72 74 73 72 75 74 72 75 72 74 72 74 73 73 74 73 74 75 75 73 72 74 74 72 72 74 75 72 74 75 72 74 74 74 75 73 72 75 72 72 74 72 74 75 74 73 73 72 72 72 73 72 75 72 72 75 74 75 75 72 75 72 74 73 74 73 74 74 73 74 74 75 74 72 74 72 73 75 73 73 72 74 73 75 74 73 74 72 73 73 72 72 73 75 73 75 72 75 73 73 73 75 72 75 72 75 72 73 74 73 75 74 75 72 73 74 74 75 74 75 73 75 75 74 74 72 74 74 75 75 72 72 75 72 75 75 75 75 72 74 72 75 72 72 72 74 74 74 73 72 73 74 75 72
125 75 73 73 74 75 73 74 75 73 73 75 75 74 75 75 73 74 73 73 74 74 74 73 73 74 73 73 74 74 73 73 74 74 74 75 74 75 74 74 73 75 74 73 73 74 73 74 75 74 75 74 74 74 75 74 75 75 75 74 74 75 75 75 74 75 75 73 74 73 75 74 73 73 75 75 74 73 73 74 73 73 73 74 75 73 73 75 73 75 74 74 73 74 74 75 73 73 75 75 74 74 74 73 74 75 75 73 73 75 73 73 74 74 75 74 74 73 73 73 75 75 74 73 74 74
186 75 74 74 74 74 75 74 75 75 75 74 74 75 75 74 75 74 74 74 74 74 74 75 74 74 74 75 74 75 75 74 74 75 74 74 75 74 74 74 75 74 74 75 75 74 74 74 74 74 74 75 74 74 74 75 75 74 74 75 75 75 75 75 74 74 75 74 74 75 74 75 75 75 74 74 75 74 75 75 74 75 74 75 74 74 74 75 74 74 74 75 75 75 74 75 75 75 75 75 75 74 74 74 75 75 75 74 75 74 75 74 75 74 75 75 74 75 74 75 75 74 74 74 74 75 75 75 74 75 75 75 75 75 74 74 74 75 74 74 75 75 74 74 75 75 74 74 74 74 75 75 75 75 75 75 74 74 74 75 75 75 74 74 75 74 74 75 75 74 75 74 74 75 75 75 74 75 75 74 75 74 75 74 74 74 75
152 75 75 75 75 75 75 75 75 75 75 75 75 75 75 75 75 75 75 75 75 75 75 75 75 75 75 75 75 75 75 75 75 75 75 75 75 75 75 75 75 75 75 75 75 75 75 75 75 75 75 75 75 75 75 75 75 75 75 75 75 75 75 75 75 75 75 75 75 75 75 75 75 75 75 75 75 75 75 75 75 75 75 75 75 75 75 75 75 75 75 75 75 75 75 75 75 75 75 75 75 75 75 75 75 75 75 75 75 75 75 75 75 75 75 75 75 75 75 75 75 75 75 75 75 75 75 75 75 75 75 75 75 75 75 75 75 75 75 75 75 75 75 75 75 75 75 75 75 75 75 75 75
