1000 5000
1 0 60
2 0 4
3 1 18
4 3 39
5 3 97
6 5 7
7 1 42
8 2 56
9 2 42
10 2 11
11 6 19
12 0 58
13 12 20
14 10 42
15 4 4
16 4 55
17 11 55
18 15 23
19 11 20
20 11 34
21 10 5
22 21 37
23 19 69
24 1 23
25 13 18
26 14 6
27 7 54
28 26 32
29 19 18
30 12 61
31 15 94
32 22 95
33 17 3
34 20 93
35 30 19
36 14 78
37 5 78
38 31 1
39 18 49
40 10 93
41 21 66
42 26 20
43 31 58
44 13 85
45 28 69
46 2 22
47 10 15
48 4 31
49 6 38
50 48 88
51 12 54
52 42 36
53 42 21
54 3 76
55 52 82
56 0 50
57 13 81
58 26 49
59 29 69
60 53 98
61 51 92
62 29 63
63 60 17
64 52 77
65 14 27
66 39 82
67 53 88
68 19 22
69 22 67
70 53 38
71 56 79
72 60 55
73 30 77
74 1 74
75 22 75
76 37 90
77 73 54
78 11 59
79 37 97
80 43 54
81 59 81
82 1 16
83 12 2
84 13 22
85 77 95
86 67 42
87 86 7
88 59 1
89 71 95
90 45 48
91 76 76
92 23 11
93 73 64
94 24 8
95 50 23
96 39 43
97 63 46
98 53 55
99 22 28
100 2 78
101 49 74
102 64 75
103 46 7
104 37 99
105 11 56
106 16 27
107 85 96
108 7 63
109 63 99
110 62 32
111 25 90
112 2 98
113 58 59
114 61 23
115 88 25
116 63 7
117 69 30
118 35 39
119 61 94
120 15 29
121 65 43
122 7 65
123 80 46
124 64 95
125 33 68
126 103 67
127 90 68
128 120 73
129 40 100
130 46 8
131 42 50
132 55 101
133 22 11
134 133 40
135 58 44
136 9 8
137 133 75
138 5 4
139 73 17
140 110 78
141 94 35
142 119 64
143 123 93
144 117 88
145 116 64
146 135 11
147 0 32
148 75 36
149 98 80
150 7 38
151 97 98
152 144 64
153 123 68
154 41 68
155 43 87
156 55 9
157 29 18
158 3 64
159 114 83
160 77 27
161 37 57
162 80 90
163 15 37
164 133 64
165 27 5
166 3 55
167 164 56
168 157 93
169 54 85
170 155 36
171 67 88
172 83 82
173 90 3
174 50 96
175 22 14
176 31 38
177 65 25
178 167 22
179 146 5
180 70 61
181 86 42
182 88 13
183 121 29
184 127 20
185 130 34
186 158 85
187 163 12
188 48 84
189 5 63
190 89 47
191 143 30
192 38 4
193 93 20
194 130 58
195 105 38
196 188 74
197 62 33
198 60 30
199 190 25
200 196 17
201 122 24
202 81 97
203 17 6
204 154 11
205 127 92
206 172 54
207 200 46
208 153 88
209 171 87
210 118 38
211 57 56
212 98 80
213 38 78
214 187 6
215 180 58
216 175 84
217 26 95
218 96 14
219 174 22
220 47 66
221 137 38
222 14 67
223 157 61
224 5 24
225 108 90
226 186 21
227 50 69
228 13 79
229 197 23
230 213 28
231 42 70
232 32 91
233 112 19
234 219 27
235 188 25
236 56 36
237 41 14
238 195 46
239 149 33
240 197 97
241 39 23
242 162 14
243 188 92
244 93 94
245 39 45
246 204 68
247 169 71
248 160 99
249 159 70
250 240 19
251 54 56
252 116 16
253 220 89
254 77 58
255 244 55
256 2 87
257 87 45
258 19 90
259 85 91
260 136 30
261 149 51
262 4 81
263 85 54
264 248 10
265 34 29
266 254 29
267 157 9
268 18 28
269 100 83
270 137 92
271 80 46
272 259 49
273 149 93
274 265 14
275 208 69
276 267 10
277 163 85
278 67 70
279 148 75
280 116 69
281 132 49
282 207 72
283 88 56
284 233 80
285 152 73
286 227 50
287 128 95
288 127 35
289 96 92
290 261 52
291 153 18
292 193 36
293 148 92
294 225 49
295 268 53
296 197 31
297 168 59
298 255 16
299 39 38
300 13 69
301 3 95
302 33 34
303 286 39
304 76 26
305 237 2
306 17 71
307 254 52
308 186 6
309 156 35
310 120 37
311 143 71
312 33 24
313 280 32
314 122 98
315 120 98
316 272 92
317 111 65
318 117 35
319 78 65
320 41 33
321 188 80
322 271 88
323 320 61
324 218 92
325 37 92
326 296 28
327 260 18
328 74 27
329 328 37
330 65 75
331 100 33
332 203 4
333 66 68
334 309 41
335 217 31
336 239 76
337 219 84
338 299 83
339 300 52
340 178 48
341 286 96
342 313 37
343 126 27
344 205 42
345 151 73
346 304 47
347 119 97
348 57 63
349 237 49
350 230 87
351 100 94
352 168 101
353 229 4
354 113 65
355 293 46
356 38 31
357 159 20
358 133 7
359 258 16
360 73 34
361 6 8
362 78 3
363 31 101
364 123 53
365 45 69
366 231 94
367 272 47
368 260 47
369 275 84
370 79 96
371 324 88
372 260 43
373 226 74
374 217 1
375 316 85
376 122 14
377 47 53
378 48 67
379 106 78
380 37 77
381 75 81
382 24 52
383 253 49
384 298 13
385 342 8
386 315 29
387 175 52
388 232 55
389 282 82
390 272 68
391 341 8
392 382 46
393 338 55
394 150 96
395 226 79
396 271 53
397 392 31
398 319 97
399 119 47
400 347 6
401 25 37
402 99 55
403 10 43
404 82 36
405 223 63
406 12 58
407 200 64
408 8 75
409 222 33
410 16 44
411 64 99
412 253 19
413 357 51
414 233 31
415 228 67
416 359 99
417 303 98
418 377 90
419 263 53
420 331 83
421 217 100
422 300 61
423 289 97
424 78 70
425 340 15
426 86 57
427 60 86
428 141 94
429 279 67
430 238 31
431 41 59
432 50 55
433 71 47
434 132 19
435 127 7
436 76 16
437 149 96
438 119 36
439 228 91
440 266 62
441 118 73
442 207 1
443 275 100
444 390 14
445 43 18
446 430 52
447 5 14
448 261 48
449 307 32
450 23 67
451 94 35
452 62 4
453 188 74
454 130 50
455 208 59
456 84 63
457 194 14
458 231 19
459 164 1
460 347 18
461 251 44
462 107 42
463 247 64
464 19 16
465 321 19
466 320 74
467 423 14
468 149 97
469 232 6
470 258 61
471 243 31
472 359 96
473 58 52
474 234 51
475 157 27
476 258 16
477 366 42
478 336 75
479 335 59
480 346 50
481 148 97
482 263 94
483 125 84
484 183 49
485 311 17
486 125 51
487 56 1
488 76 76
489 9 71
490 445 7
491 390 91
492 306 50
493 428 63
494 167 54
495 181 66
496 410 27
497 137 21
498 347 61
499 371 51
500 45 60
501 79 29
502 323 46
503 315 14
504 173 100
505 57 8
506 275 97
507 371 16
508 441 81
509 355 43
510 334 81
511 189 6
512 248 72
513 247 54
514 371 66
515 343 60
516 42 7
517 361 18
518 284 40
519 353 74
520 489 97
521 320 60
522 202 97
523 74 10
524 216 65
525 211 78
526 2 1
527 379 83
528 433 36
529 3 50
530 271 28
531 404 33
532 21 99
533 48 75
534 357 94
535 207 51
536 12 75
537 270 10
538 320 38
539 201 3
540 18 27
541 208 67
542 254 53
543 16 82
544 332 52
545 222 4
546 353 67
547 21 95
548 102 1
549 353 15
550 265 35
551 380 66
552 65 94
553 469 97
554 460 93
555 4 93
556 440 4
557 356 23
558 208 53
559 295 84
560 206 6
561 270 45
562 448 55
563 519 51
564 355 100
565 3 4
566 407 2
567 201 22
568 530 32
569 551 81
570 440 59
571 497 50
572 537 41
573 467 77
574 91 29
575 59 58
576 397 35
577 391 24
578 3 92
579 146 30
580 250 50
581 170 99
582 347 78
583 506 18
584 160 43
585 432 15
586 348 61
587 547 83
588 372 93
589 104 39
590 299 15
591 536 95
592 198 34
593 199 94
594 577 14
595 150 71
596 546 53
597 16 87
598 150 53
599 230 96
600 182 75
601 60 5
602 31 24
603 315 78
604 386 50
605 453 55
606 399 55
607 259 97
608 511 23
609 326 48
610 202 97
611 570 49
612 358 50
613 549 70
614 485 30
615 452 16
616 165 99
617 148 31
618 461 57
619 385 23
620 6 72
621 398 36
622 412 84
623 429 36
624 546 99
625 82 48
626 174 74
627 194 41
628 290 4
629 362 63
630 118 5
631 11 44
632 158 44
633 457 56
634 290 66
635 435 70
636 268 90
637 313 48
638 407 49
639 514 33
640 537 68
641 459 78
642 399 46
643 554 31
644 65 85
645 249 100
646 79 70
647 26 95
648 547 45
649 251 57
650 270 53
651 15 55
652 179 8
653 505 1
654 278 9
655 386 61
656 367 67
657 580 21
658 486 96
659 27 64
660 145 20
661 128 44
662 278 42
663 497 17
664 587 49
665 144 37
666 440 53
667 333 18
668 165 4
669 527 82
670 525 82
671 501 64
672 516 8
673 492 59
674 171 42
675 230 87
676 539 20
677 469 52
678 447 55
679 161 36
680 603 8
681 680 67
682 660 32
683 153 8
684 131 37
685 68 91
686 641 48
687 435 39
688 290 56
689 255 9
690 515 8
691 359 38
692 310 80
693 14 55
694 289 29
695 684 85
696 306 15
697 501 41
698 2 52
699 422 50
700 686 70
701 355 86
702 531 55
703 129 81
704 633 56
705 449 100
706 697 12
707 26 17
708 27 55
709 76 56
710 705 32
711 525 92
712 349 93
713 670 101
714 19 56
715 473 16
716 553 89
717 246 38
718 383 21
719 220 90
720 649 76
721 206 34
722 256 55
723 281 33
724 542 7
725 357 13
726 440 27
727 123 67
728 118 10
729 165 52
730 539 11
731 455 49
732 98 39
733 442 28
734 0 38
735 86 84
736 161 44
737 359 24
738 602 9
739 709 31
740 592 38
741 544 95
742 562 12
743 546 51
744 634 73
745 300 44
746 24 41
747 435 94
748 98 22
749 519 56
750 121 65
751 596 65
752 590 52
753 10 7
754 117 29
755 169 34
756 462 78
757 261 31
758 617 42
759 710 101
760 585 3
761 701 45
762 491 29
763 148 3
764 215 93
765 525 60
766 264 97
767 239 38
768 371 84
769 690 37
770 624 94
771 229 31
772 12 4
773 495 77
774 535 41
775 474 44
776 705 2
777 501 79
778 370 7
779 542 76
780 334 20
781 622 30
782 544 23
783 768 30
784 558 37
785 326 43
786 97 80
787 314 62
788 264 60
789 624 42
790 706 54
791 52 71
792 395 62
793 202 81
794 698 53
795 307 79
796 350 4
797 1 31
798 236 80
799 132 30
800 540 52
801 504 20
802 687 75
803 76 101
804 351 39
805 663 50
806 246 5
807 741 32
808 642 67
809 763 94
810 430 29
811 108 51
812 157 51
813 397 8
814 810 27
815 269 11
816 62 79
817 644 17
818 139 71
819 128 41
820 775 31
821 182 55
822 358 12
823 446 7
824 235 96
825 793 67
826 635 67
827 380 49
828 570 54
829 601 76
830 171 51
831 328 90
832 415 2
833 636 44
834 758 24
835 387 73
836 261 64
837 196 72
838 594 61
839 149 61
840 93 13
841 547 87
842 6 18
843 139 75
844 144 100
845 322 30
846 445 21
847 17 98
848 659 95
849 647 9
850 634 93
851 322 5
852 293 79
853 789 56
854 563 59
855 826 78
856 412 34
857 346 47
858 655 86
859 840 30
860 368 90
861 197 71
862 456 67
863 766 80
864 670 20
865 54 70
866 100 58
867 166 25
868 610 23
869 425 41
870 405 74
871 658 76
872 92 81
873 362 15
874 87 21
875 72 94
876 850 62
877 486 86
878 147 2
879 864 83
880 227 98
881 548 93
882 180 12
883 448 27
884 645 37
885 206 21
886 105 10
887 701 84
888 637 36
889 197 22
890 196 17
891 307 41
892 363 65
893 765 35
894 390 6
895 567 101
896 77 44
897 407 62
898 19 64
899 236 16
900 640 96
901 419 20
902 540 16
903 374 92
904 190 38
905 153 54
906 335 30
907 719 24
908 277 56
909 279 61
910 50 77
911 31 16
912 404 51
913 229 4
914 35 26
915 776 56
916 178 84
917 163 71
918 315 71
919 90 67
920 175 31
921 201 87
922 671 25
923 80 85
924 387 101
925 594 76
926 387 55
927 600 59
928 254 59
929 207 90
930 11 73
931 824 49
932 818 87
933 602 75
934 913 11
935 322 22
936 429 54
937 222 51
938 2 14
939 347 94
940 896 72
941 44 68
942 267 33
943 113 25
944 628 34
945 515 54
946 48 81
947 294 66
948 593 13
949 315 9
950 667 56
951 513 26
952 778 7
953 562 39
954 121 19
955 106 31
956 585 16
957 507 60
958 676 32
959 604 17
960 239 8
961 318 92
962 641 3
963 643 52
964 657 96
965 14 64
966 502 97
967 334 19
968 266 19
969 238 64
970 505 34
971 557 37
972 401 46
973 480 22
974 411 64
975 928 78
976 248 2
977 385 59
978 149 42
979 189 98
980 889 44
981 774 73
982 838 78
983 199 13
984 955 1
985 232 96
986 441 82
987 946 98
988 555 68
989 179 96
990 419 63
991 431 73
992 22 65
993 769 24
994 184 32
995 599 19
996 869 15
997 786 87
998 349 32
999 752 72
271 691 1
144 281 7
96 490 69
162 882 78
162 402 2
358 571 21
219 295 99
740 832 76
93 710 31
407 439 46
595 779 94
115 842 12
162 282 61
169 513 49
239 452 44
147 963 67
564 687 43
286 697 96
511 722 69
77 633 24
363 886 100
837 931 69
182 575 96
460 498 49
131 152 48
270 730 28
635 659 73
15 403 99
592 896 48
10 825 93
322 443 3
388 954 33
256 639 41
289 670 50
130 268 95
142 691 92
320 577 57
405 837 95
63 454 6
284 417 68
186 714 74
309 855 62
138 500 47
346 391 41
232 282 10
40 346 100
722 853 86
227 504 72
714 992 67
23 774 85
141 761 25
273 884 97
39 115 57
127 842 80
679 889 64
221 555 38
804 885 36
25 832 43
498 711 15
45 709 44
126 851 78
431 451 75
578 937 2
212 463 17
45 938 57
258 910 48
346 957 94
337 454 11
328 614 90
364 573 6
37 541 47
385 415 90
648 953 40
632 977 53
145 437 62
2 274 93
393 751 19
654 992 65
300 649 43
73 227 17
7 898 92
186 459 28
103 907 59
453 967 22
132 186 90
108 788 30
35 987 2
281 494 85
707 859 76
209 572 72
757 890 32
116 447 19
381 468 95
491 535 74
245 386 31
356 535 82
252 552 6
201 710 54
404 513 69
131 734 66
835 958 100
660 686 66
141 152 21
79 237 58
351 406 88
347 941 50
840 848 99
190 603 70
380 684 1
556 623 101
127 491 3
142 310 34
465 542 9
144 535 86
87 820 36
325 747 14
472 916 1
268 583 84
193 635 75
142 559 18
95 195 76
176 475 59
411 786 50
537 938 60
721 924 32
444 867 5
514 759 15
585 706 60
563 714 69
261 954 14
658 723 61
240 395 57
169 815 99
458 547 19
305 655 94
433 690 12
357 788 56
664 900 47
574 815 63
654 730 58
536 576 40
189 603 78
263 960 38
735 801 84
560 761 31
162 936 92
498 924 94
187 609 45
28 171 9
189 606 49
815 971 98
98 826 12
354 485 87
41 125 61
125 762 74
306 374 39
94 214 85
720 956 33
585 832 66
376 849 91
176 343 51
137 450 87
567 813 61
503 991 46
399 790 9
325 664 21
439 988 88
124 415 73
339 439 72
8 458 87
316 475 35
507 747 1
430 434 70
16 227 60
387 668 10
685 801 11
273 906 98
38 50 99
348 550 91
121 958 47
317 774 62
564 752 11
517 526 51
446 790 92
200 684 43
253 298 23
719 744 71
431 957 97
64 691 31
279 810 59
722 861 60
10 201 46
189 599 37
476 986 69
281 628 4
448 818 86
2 138 98
233 832 9
800 821 80
302 576 38
191 788 100
24 469 47
480 553 87
489 527 60
70 114 4
113 663 14
344 357 45
203 551 37
215 500 29
365 643 27
126 790 72
205 573 90
779 944 4
297 316 40
531 752 97
97 549 51
59 573 95
298 405 55
584 757 97
396 751 54
68 131 47
46 852 88
322 510 87
324 532 87
775 911 43
247 616 9
494 931 56
360 530 83
334 564 55
37 350 54
597 692 11
26 186 77
135 553 17
446 753 11
184 576 79
469 644 26
183 729 11
360 651 11
584 648 95
652 988 11
415 750 12
330 660 55
423 628 26
232 372 54
647 986 75
291 334 21
305 652 82
433 848 100
266 525 87
137 995 63
784 909 62
197 479 100
523 771 39
709 950 14
483 834 100
630 691 30
503 915 69
83 85 39
131 549 24
20 168 7
216 899 35
14 480 76
53 466 51
285 529 30
314 955 73
702 782 79
572 643 99
284 999 98
456 847 26
234 571 2
692 977 23
124 402 26
360 623 75
64 665 57
482 567 46
108 245 3
97 975 68
53 420 41
95 184 2
656 706 74
676 899 58
178 957 33
311 478 77
72 496 17
389 395 99
33 410 11
195 652 80
640 794 47
708 904 101
147 956 78
521 589 47
830 888 34
424 967 75
67 134 33
28 100 99
644 842 31
5 855 28
141 927 14
803 901 11
605 889 75
265 842 91
568 924 22
391 894 90
607 836 89
190 719 30
181 454 7
512 705 36
252 659 64
448 847 22
150 417 50
211 487 69
720 958 100
819 988 42
65 395 92
629 787 90
178 431 35
964 971 69
484 964 23
129 348 75
433 920 67
347 503 60
0 584 61
22 153 17
97 966 75
129 229 12
351 997 66
134 155 77
202 489 9
700 794 58
15 539 73
62 156 45
478 745 43
459 937 80
715 736 24
12 536 4
673 790 29
249 290 72
386 693 80
519 853 9
168 370 84
204 356 58
106 482 2
617 687 22
668 722 81
167 247 88
54 932 79
161 757 79
110 170 90
665 728 101
40 923 52
645 983 35
723 925 99
418 559 8
269 725 17
488 834 63
315 744 71
415 429 31
255 959 74
458 877 93
447 702 48
423 954 41
372 688 24
302 988 40
60 158 96
189 375 100
62 992 63
334 501 42
800 890 69
160 863 3
86 678 37
2 755 34
462 822 25
39 550 20
15 66 39
112 886 97
44 655 57
81 497 94
440 997 86
48 203 86
21 635 58
50 968 82
843 917 43
309 743 67
426 912 17
583 792 97
227 545 24
639 849 49
636 849 100
74 324 8
217 656 21
432 820 80
63 312 93
767 858 91
232 466 73
197 660 42
566 856 63
503 578 35
10 450 31
595 979 22
63 602 35
602 800 3
49 462 72
249 753 51
433 555 2
338 653 55
0 390 33
469 847 84
196 200 8
657 765 20
791 813 75
311 890 10
537 561 2
203 642 83
545 754 80
185 928 48
0 23 27
149 473 96
391 549 6
503 597 19
295 595 12
304 971 92
211 560 45
85 104 80
369 741 94
34 713 69
808 954 47
411 867 17
583 898 24
735 864 86
253 594 80
327 657 87
355 726 52
54 908 100
7 941 56
337 950 37
286 533 90
207 392 45
352 597 17
523 810 31
292 756 29
697 873 18
263 606 33
557 971 86
558 843 32
552 742 100
279 390 77
25 718 2
78 795 84
58 857 59
22 975 47
107 883 72
180 861 7
698 904 33
251 920 95
504 785 92
68 975 59
602 732 39
838 877 7
730 755 24
367 911 40
246 294 45
244 718 44
879 996 21
223 446 99
31 344 23
239 718 101
108 621 7
4 819 101
132 922 22
68 427 60
256 936 68
301 799 50
134 558 68
587 760 85
548 872 89
195 651 54
618 836 11
180 623 29
742 947 44
130 208 30
242 776 78
483 652 30
658 774 3
343 370 17
724 947 91
182 994 21
577 968 98
38 462 58
699 971 43
201 759 55
182 726 87
459 608 39
18 676 14
285 499 22
438 624 81
245 559 79
682 699 46
185 792 9
322 799 44
342 813 42
872 906 93
8 767 78
203 562 49
953 976 92
349 626 96
643 855 4
278 797 86
153 996 79
460 774 20
767 893 83
138 764 11
187 388 96
365 398 45
32 169 76
214 824 55
42 991 59
25 539 83
198 724 15
266 919 93
147 317 49
288 518 27
681 974 58
270 847 19
596 816 90
223 420 70
52 197 39
239 754 78
524 725 69
162 344 39
477 528 55
464 701 36
319 914 2
259 901 76
754 905 98
373 626 91
228 485 32
66 231 7
723 909 18
274 792 101
18 68 100
162 792 40
120 373 79
21 42 85
854 989 53
60 710 44
290 554 94
342 940 85
454 933 39
395 762 26
10 333 49
327 734 80
453 881 88
560 931 96
470 626 58
211 557 2
284 722 35
40 627 1
460 731 44
750 936 56
317 873 20
517 727 31
604 814 62
177 287 11
356 871 70
92 720 31
504 695 15
249 544 41
323 757 72
61 491 40
678 914 25
55 496 37
66 915 81
284 463 80
335 590 1
234 699 92
624 741 43
55 190 75
605 828 61
905 999 3
46 938 68
276 473 4
172 621 98
34 686 85
190 238 72
275 925 41
358 428 83
806 932 80
143 612 43
592 946 47
652 849 29
602 847 51
507 814 22
660 887 31
269 275 71
193 941 69
287 662 82
89 803 76
394 921 53
665 941 77
561 774 46
654 686 13
322 994 101
510 733 58
545 547 101
313 797 10
611 912 98
668 946 70
131 449 84
636 885 74
115 897 83
145 955 49
228 440 2
476 720 55
231 720 92
283 568 89
323 647 66
402 561 94
532 767 89
113 529 85
196 424 82
281 346 56
473 867 28
806 978 49
336 432 49
97 694 59
617 744 45
20 682 19
87 360 30
650 826 38
900 977 56
198 560 53
189 330 101
71 85 45
23 109 101
579 775 46
46 824 61
11 577 70
127 804 67
217 324 64
290 470 57
684 784 50
147 723 91
709 943 97
359 620 39
27 558 80
557 917 11
134 213 22
187 703 84
412 988 79
309 392 71
376 940 82
139 456 34
854 910 13
784 807 63
496 938 35
314 532 79
186 975 89
227 430 63
89 455 26
318 839 33
24 545 77
227 896 35
595 713 6
33 145 80
29 842 100
586 733 14
120 888 78
709 793 27
27 737 19
495 513 66
108 842 49
239 727 85
313 928 25
518 969 40
184 789 33
181 642 3
115 740 18
169 527 41
687 783 42
266 580 26
6 900 11
333 753 20
9 600 65
240 472 81
348 716 76
797 944 86
30 978 36
96 841 89
23 508 12
136 782 9
213 920 73
549 990 87
823 991 48
180 255 38
406 708 18
409 571 89
290 577 49
205 790 8
585 954 81
462 539 43
720 882 62
216 881 81
97 754 67
304 784 78
746 899 44
496 990 73
388 714 70
289 876 15
253 495 83
29 603 50
288 859 19
50 89 44
91 736 27
386 516 7
85 958 58
94 255 51
156 733 15
176 982 37
524 610 57
135 358 48
186 270 46
233 645 41
203 804 64
448 557 68
839 880 79
457 954 98
111 196 97
334 786 29
717 962 51
304 933 22
144 753 18
938 994 53
509 736 85
59 534 41
242 602 33
66 369 49
534 975 66
238 703 46
139 597 3
481 556 45
860 951 11
637 787 98
225 976 19
609 651 60
155 861 39
65 705 35
499 881 48
562 753 16
582 925 28
35 227 24
707 831 29
10 400 40
118 649 11
53 430 39
317 482 3
777 805 89
249 587 62
537 897 56
389 403 6
492 678 65
553 714 53
132 987 96
290 795 77
161 836 6
412 875 4
45 821 11
793 941 58
542 854 45
263 525 67
181 900 72
24 535 71
338 667 101
121 669 11
932 952 58
852 959 14
528 882 27
395 645 9
127 387 78
205 850 52
783 999 16
178 814 99
445 702 50
238 985 82
361 729 74
625 874 17
526 690 98
46 431 12
63 268 53
56 771 18
142 417 32
579 681 98
167 230 42
309 369 40
110 689 29
864 956 87
77 995 53
336 843 57
292 420 97
792 956 54
80 192 50
452 892 47
501 989 38
637 950 62
123 593 58
14 577 39
593 965 20
850 912 89
720 881 43
397 448 20
300 852 57
40 422 67
282 479 11
343 499 80
353 417 62
569 698 67
312 771 61
105 401 63
513 813 72
357 428 13
178 831 36
150 332 5
575 802 80
619 731 101
341 732 81
408 450 67
85 928 100
67 975 64
8 919 78
616 625 47
126 624 83
263 833 56
594 618 93
24 185 100
157 359 39
514 870 95
96 825 65
58 740 83
686 909 20
865 971 46
47 330 99
366 730 65
259 965 47
152 761 52
63 192 70
815 834 71
97 193 86
135 781 54
381 610 50
50 930 74
456 594 4
847 940 17
175 319 68
316 736 87
72 431 6
386 843 92
519 649 27
127 837 86
247 925 40
449 850 22
40 529 96
240 370 28
346 901 2
113 622 20
50 657 56
372 693 19
162 328 19
176 545 35
615 935 31
226 469 69
429 838 100
213 627 38
650 893 49
11 822 69
21 210 76
15 827 3
862 974 57
64 65 21
284 332 61
350 951 84
425 840 24
37 117 72
173 273 77
231 415 65
444 599 13
177 933 90
74 100 58
402 906 57
475 934 17
58 508 70
590 746 74
819 828 87
673 941 13
474 774 53
677 961 31
411 480 90
267 502 94
61 434 56
688 811 19
41 413 35
274 918 90
767 889 100
36 519 74
181 744 99
811 858 48
142 879 89
313 608 10
792 862 42
387 930 44
28 230 31
44 60 22
432 993 97
622 748 101
174 891 58
624 790 54
797 910 37
265 485 76
560 783 96
628 927 62
142 361 49
294 345 75
413 477 85
160 612 84
616 712 69
297 582 31
656 895 81
27 927 34
744 798 30
149 606 87
203 243 73
365 657 61
508 812 23
456 830 7
161 929 26
381 765 70
513 666 67
538 890 90
98 824 83
787 929 14
552 864 29
209 386 24
161 481 70
133 162 60
130 649 99
353 836 3
67 901 42
394 688 5
424 962 4
98 165 50
514 820 3
552 858 57
279 610 53
514 521 51
101 232 101
951 976 85
599 879 64
279 922 29
15 678 74
267 811 71
542 577 29
153 406 51
132 281 85
859 973 38
160 876 13
170 308 18
585 765 56
820 885 75
676 703 30
282 379 10
124 833 84
551 903 49
489 635 12
496 560 31
169 203 60
454 954 96
287 355 95
46 924 100
222 610 39
488 750 89
176 569 58
16 463 8
173 283 100
910 971 86
428 980 101
130 683 45
318 421 5
665 810 79
873 948 31
602 745 48
421 792 73
327 550 89
232 594 64
335 851 62
359 370 85
11 122 12
325 780 74
612 821 77
495 998 73
107 167 64
8 552 20
147 582 58
274 559 93
180 605 65
595 610 35
902 987 69
384 552 84
823 840 71
6 445 51
299 842 4
130 658 49
236 562 62
73 187 28
3 760 17
197 218 82
224 841 66
101 183 71
657 746 71
566 972 59
303 520 15
35 496 34
51 972 66
534 592 70
196 496 96
214 225 71
144 250 38
713 758 39
105 313 64
584 935 43
208 629 31
106 244 60
193 979 45
176 865 32
584 927 29
163 917 19
732 751 42
318 661 95
233 619 68
401 851 101
521 623 6
439 502 91
298 716 95
463 605 2
539 767 72
236 684 91
393 457 77
111 573 62
197 260 92
157 757 2
172 956 10
246 885 49
398 676 35
186 953 86
86 249 80
444 833 27
299 345 78
706 852 91
77 512 34
645 870 11
84 677 59
202 883 15
140 372 41
111 900 69
939 945 92
482 785 5
91 450 75
20 488 49
242 591 88
149 763 72
133 928 52
498 781 89
149 833 99
63 781 74
310 753 16
252 701 2
571 941 34
17 987 77
207 317 10
330 473 90
105 315 101
198 523 74
505 865 36
789 973 33
114 372 41
48 332 23
609 703 49
306 419 52
91 437 58
512 994 50
623 998 46
343 726 101
168 365 21
108 350 94
13 91 30
330 926 96
561 715 86
122 507 82
557 576 50
645 669 41
337 651 87
719 808 52
672 783 64
122 397 4
716 910 62
248 555 100
403 650 45
103 644 38
558 713 64
360 565 50
18 489 24
366 465 96
246 454 8
175 245 57
102 435 17
37 890 7
606 750 91
706 858 82
831 943 95
356 806 69
758 845 75
480 770 42
8 166 65
547 901 61
865 945 1
473 679 19
551 661 77
737 935 62
479 788 10
320 934 41
71 604 76
617 938 20
513 959 4
685 727 65
407 469 86
86 843 74
259 316 6
8 292 37
270 629 38
194 631 100
296 700 10
169 879 7
32 337 90
296 572 80
95 718 35
147 224 76
225 819 2
195 514 100
401 632 60
52 636 49
344 526 28
217 348 97
346 751 47
571 746 74
3 526 32
84 113 15
318 731 76
534 855 101
97 123 75
263 974 8
613 717 96
235 683 93
170 759 41
252 794 92
377 668 45
263 726 45
232 707 15
44 691 90
905 920 15
663 844 100
209 955 89
218 804 42
43 193 94
106 231 76
591 673 25
363 493 88
177 433 84
363 702 62
362 976 23
846 993 64
297 342 14
257 283 11
416 645 86
58 93 30
232 780 99
509 872 10
424 661 54
190 678 34
244 626 31
0 769 93
357 975 20
90 561 22
467 975 53
430 467 96
470 904 16
185 735 48
241 568 44
56 65 67
667 799 36
190 281 58
73 638 87
50 584 67
572 590 49
208 520 100
65 850 31
104 780 35
29 714 90
172 375 101
578 896 83
682 773 87
150 693 41
420 605 71
522 710 46
331 939 14
951 989 78
152 962 18
254 828 17
460 632 1
573 873 64
615 671 55
224 269 60
142 810 29
398 682 24
36 566 6
337 396 46
378 558 101
54 709 13
358 419 71
108 197 60
20 780 79
350 913 46
713 881 93
625 812 69
704 837 15
458 778 76
540 856 13
75 835 51
302 936 83
569 818 48
520 735 73
565 974 73
985 992 31
674 999 47
421 903 44
817 985 81
499 768 46
125 685 92
301 898 4
542 802 30
167 414 4
47 254 95
240 404 49
425 868 35
492 790 42
44 987 56
432 707 30
256 765 80
458 459 27
677 828 21
126 285 45
140 216 59
155 726 18
189 335 71
456 977 2
166 343 12
482 872 96
44 232 20
71 140 74
404 966 63
402 923 74
339 753 87
133 408 67
5 140 60
562 785 100
565 708 93
605 617 70
132 907 20
633 642 21
53 732 44
161 816 36
41 89 80
227 754 33
385 668 74
441 947 32
169 312 15
297 933 99
176 389 64
193 408 6
480 840 57
280 502 77
182 475 18
216 838 25
68 437 32
54 665 12
99 687 26
335 367 101
436 793 21
251 282 86
106 673 18
368 443 68
334 360 65
306 764 89
210 245 25
563 597 72
261 604 37
13 417 3
293 477 81
369 400 72
194 896 22
200 379 37
360 749 76
223 923 91
364 534 33
88 639 63
511 733 48
687 846 97
585 833 98
230 724 31
487 743 12
24 119 53
539 637 46
74 384 56
825 968 66
601 912 50
426 825 21
33 416 98
562 580 4
568 744 60
27 618 45
151 274 67
734 919 80
378 475 10
454 996 21
297 716 27
115 905 12
332 349 43
378 431 70
329 369 39
546 624 45
174 837 7
64 323 19
41 705 84
57 857 10
174 817 51
418 813 77
420 667 45
202 380 90
93 292 14
799 845 33
558 821 21
271 284 57
729 861 81
59 623 14
32 395 12
170 326 23
384 869 57
419 453 87
156 834 30
396 645 76
69 598 37
157 756 89
59 306 37
366 492 85
24 653 78
287 687 1
163 999 44
802 979 60
287 824 72
392 430 96
768 891 5
141 206 72
401 897 96
415 962 85
264 464 46
436 465 84
383 553 72
82 354 41
342 769 10
109 847 16
742 766 43
89 550 50
462 533 26
777 849 5
778 995 21
185 841 42
619 688 50
60 625 92
200 872 6
511 843 50
33 125 75
412 671 101
751 821 66
175 944 61
167 586 34
65 812 21
165 538 40
114 962 14
403 926 65
18 897 66
307 910 8
410 859 18
645 811 33
10 995 18
393 490 5
56 380 77
288 969 43
475 771 31
616 633 84
947 960 89
595 848 5
14 376 99
757 778 56
480 560 42
106 335 91
44 153 21
446 933 32
111 982 22
189 699 88
251 497 46
764 896 21
107 291 58
370 704 23
102 495 87
386 544 67
447 650 30
188 762 49
208 953 48
31 594 48
78 723 64
67 981 51
128 879 23
656 829 92
155 382 3
520 896 37
70 967 9
317 898 69
407 662 20
193 200 37
840 998 53
72 313 1
91 772 1
695 895 39
132 781 29
250 548 71
482 612 7
750 787 59
427 558 22
699 985 15
605 784 84
183 739 77
226 979 78
450 964 14
207 466 31
302 469 9
119 808 27
657 793 77
117 982 29
81 265 99
454 822 97
384 398 2
178 746 26
124 176 76
591 922 101
174 929 37
771 974 27
12 739 90
232 234 68
611 983 1
430 544 10
733 880 74
456 929 53
357 674 19
237 861 32
122 307 97
42 198 53
274 625 14
226 414 78
194 912 97
666 873 54
510 897 69
548 998 75
5 78 39
770 972 40
534 740 34
430 823 99
872 882 3
295 575 69
423 916 11
504 602 14
70 980 10
403 876 62
503 621 14
310 709 92
193 254 29
194 589 24
69 314 87
463 612 59
502 593 1
535 617 90
445 567 49
387 769 59
7 781 36
178 371 27
308 546 19
184 764 66
598 602 24
536 831 2
393 975 20
159 540 55
372 571 24
179 599 65
289 371 71
701 743 14
104 412 30
499 801 81
67 857 97
58 382 63
174 439 14
128 445 70
465 619 46
243 591 26
205 421 86
444 960 18
690 721 98
188 247 55
346 939 35
484 610 80
12 135 99
110 260 11
362 810 46
86 385 80
289 725 53
201 656 67
266 894 101
4 889 73
74 966 56
687 882 42
213 801 63
622 732 15
344 559 30
17 335 73
114 966 24
33 915 2
280 943 22
168 771 23
303 738 6
976 991 59
490 891 10
405 941 15
499 628 67
469 856 55
252 405 90
599 606 82
545 870 90
10 415 96
255 336 69
258 476 55
784 910 8
559 805 86
195 972 81
294 817 50
279 460 24
356 940 40
61 400 61
192 768 70
645 817 36
281 694 1
768 784 64
19 226 24
368 811 65
378 510 87
113 673 76
112 788 19
403 419 91
530 997 36
700 835 62
126 244 19
683 684 34
168 636 47
277 480 27
654 763 16
723 917 26
436 710 20
231 831 30
748 968 23
279 588 7
690 752 93
907 984 7
335 345 39
720 745 87
139 653 101
331 404 20
539 691 4
471 824 26
770 983 34
723 746 58
138 288 33
32 712 18
73 359 62
416 429 22
443 501 31
124 767 17
192 367 96
251 935 17
345 589 60
272 276 21
37 900 40
52 709 51
88 697 86
599 673 46
35 660 85
284 914 43
21 291 24
49 112 93
452 718 96
529 624 19
337 509 32
680 765 13
547 809 5
866 980 35
115 818 14
453 845 80
300 880 4
104 392 78
291 522 43
706 769 79
379 842 42
290 984 77
506 702 41
647 729 92
609 756 72
62 417 77
237 773 20
203 302 62
34 298 42
101 997 77
910 923 82
28 42 37
668 818 80
892 946 58
501 554 4
519 922 80
738 797 99
58 598 60
777 944 101
584 832 14
385 422 96
323 867 27
131 606 93
542 687 59
379 761 74
78 878 42
131 912 71
784 920 83
365 877 53
56 183 52
117 652 88
817 991 39
527 962 84
135 220 30
278 686 41
638 724 54
885 968 9
521 992 51
173 566 2
681 968 101
293 566 24
616 827 70
336 409 19
139 863 95
499 787 5
716 865 89
203 486 48
772 869 30
31 46 48
600 974 23
564 932 45
552 684 80
430 560 75
604 645 43
253 629 56
125 263 70
282 331 79
365 590 63
257 772 99
475 885 81
250 347 94
135 359 11
609 612 56
464 807 48
351 757 101
166 565 73
810 866 9
581 759 48
4 587 25
30 578 19
284 978 97
527 789 22
40 973 49
92 168 10
217 637 51
465 766 74
140 944 58
300 922 2
629 958 6
313 925 68
773 919 63
453 792 85
269 547 55
712 861 64
220 664 42
673 743 74
111 302 22
329 540 23
364 889 41
596 903 73
598 868 95
149 614 35
763 944 49
313 995 44
426 664 101
726 730 83
704 737 51
233 624 66
234 860 96
384 605 21
28 763 60
852 985 2
187 234 40
432 474 96
212 515 90
719 804 15
491 657 53
324 364 60
470 643 26
483 694 22
307 805 69
204 989 31
31 809 68
429 463 1
354 419 53
639 829 93
341 577 20
0 728 52
803 895 22
318 795 18
319 484 25
679 994 72
104 613 44
425 519 29
284 771 91
445 535 49
625 903 83
32 356 17
494 729 24
40 646 53
553 812 86
777 813 58
205 755 5
511 600 66
714 726 62
75 480 85
62 771 15
158 647 54
799 877 57
213 235 35
246 758 83
129 661 44
273 280 56
104 423 2
64 452 88
231 313 33
15 488 100
389 873 11
163 514 40
117 333 99
249 482 70
114 757 48
193 848 41
498 825 2
211 335 60
312 824 25
172 631 86
269 712 67
584 944 49
1 11 43
509 606 30
851 918 41
45 556 81
234 738 74
652 757 22
655 675 91
354 912 2
695 840 67
38 431 64
390 701 88
88 469 82
348 884 87
104 259 16
385 789 20
195 899 74
125 673 38
320 800 6
70 138 90
745 769 67
509 600 28
299 454 77
158 381 81
237 782 1
36 83 80
43 282 67
54 509 62
124 557 47
907 948 9
586 781 60
114 455 26
400 656 37
69 301 52
433 849 23
132 921 33
249 407 67
282 958 7
3 887 94
36 560 34
66 469 61
313 893 18
896 945 38
269 689 54
204 968 75
354 673 3
13 775 50
708 931 89
873 957 88
117 183 48
101 500 85
233 400 12
80 787 86
501 924 95
161 332 89
102 481 93
70 911 87
435 511 37
733 888 35
294 909 44
666 949 35
245 495 70
5 726 80
557 631 97
230 482 73
287 907 53
21 922 100
444 685 55
281 536 22
425 518 101
31 255 2
731 993 48
88 898 93
358 582 4
565 947 36
582 963 69
141 799 9
208 558 37
240 551 69
365 406 26
887 940 5
293 440 74
120 460 13
354 396 15
337 479 27
289 373 63
622 736 86
232 336 62
159 797 4
30 337 98
224 503 72
429 718 30
277 282 70
291 650 57
765 786 6
217 613 26
292 803 80
443 551 21
116 338 95
763 837 90
155 212 1
268 475 59
466 800 12
253 965 71
785 899 14
79 649 98
839 958 88
194 428 79
540 792 79
535 875 35
225 607 3
184 913 62
781 863 31
282 464 87
250 491 11
444 568 99
256 266 7
863 879 7
360 492 90
550 687 55
235 911 100
123 697 58
370 638 93
238 708 97
241 806 69
380 891 50
309 715 86
206 452 79
395 536 81
227 607 9
101 793 25
215 456 67
48 910 93
374 875 47
151 566 78
410 796 98
949 984 52
224 642 19
193 436 79
55 115 37
344 949 66
417 929 24
228 942 27
127 254 90
290 465 3
174 511 32
486 659 84
536 916 21
760 930 33
106 233 24
195 370 98
582 669 38
741 818 80
299 400 54
36 823 97
947 955 93
657 684 39
568 810 6
195 974 101
251 622 98
284 808 8
6 709 19
411 420 76
67 964 85
648 663 16
358 555 29
452 746 37
99 242 47
177 836 31
60 902 23
279 950 88
445 797 97
919 938 67
620 869 74
45 918 45
472 763 67
216 506 86
73 480 47
424 934 53
89 495 62
410 930 9
410 844 30
258 652 12
192 460 100
24 554 95
416 743 29
466 967 67
154 730 1
56 396 65
215 578 41
124 188 36
7 739 94
571 758 89
761 931 25
556 971 19
99 256 30
284 375 50
668 875 15
196 393 66
881 967 37
587 844 45
111 769 75
111 524 71
496 672 32
57 608 53
17 827 46
36 848 83
588 819 67
312 478 25
188 371 64
353 488 98
843 890 15
252 769 28
373 514 39
709 902 61
278 465 61
299 732 92
520 795 73
62 710 28
525 965 63
22 932 54
4 836 77
55 429 35
86 661 28
277 945 57
442 491 17
381 872 51
618 660 96
422 948 45
24 304 94
914 977 66
18 504 91
346 993 6
518 813 89
617 690 61
90 385 61
587 719 95
427 975 12
675 938 52
54 467 60
19 36 76
145 757 39
862 888 43
327 596 2
209 915 89
318 970 34
851 968 90
243 780 16
331 375 72
283 647 65
238 473 33
556 779 46
498 936 69
747 852 38
249 964 8
335 777 37
616 902 39
447 802 60
321 842 11
268 911 96
345 858 54
712 907 77
221 779 98
254 815 31
443 537 76
667 785 88
251 851 12
518 540 53
188 966 27
132 674 46
51 533 9
484 734 44
166 510 22
447 949 45
194 594 86
87 583 2
171 956 41
327 838 50
23 119 43
182 885 56
145 903 5
419 719 40
245 393 90
14 781 95
124 160 67
141 762 43
365 488 94
53 419 92
407 850 101
383 919 17
319 660 49
20 366 73
31 570 14
351 431 55
537 868 65
604 860 32
76 484 66
256 518 37
580 603 48
463 550 82
388 431 94
372 642 3
425 666 38
111 928 13
166 449 63
88 254 43
290 972 13
165 307 40
716 924 90
71 324 86
429 848 64
62 304 54
206 985 12
697 795 14
232 468 47
465 557 77
584 769 90
555 704 2
817 820 19
692 951 46
887 973 22
6 584 15
978 984 91
546 785 30
638 786 26
730 969 61
307 528 5
283 666 50
53 860 87
2 39 27
59 210 88
551 967 9
505 711 71
380 389 71
189 720 51
385 537 3
439 860 80
481 491 4
342 399 81
302 847 93
179 316 33
506 648 61
97 491 67
72 97 61
189 994 92
56 578 42
398 493 92
387 566 85
203 581 10
754 860 31
525 562 91
649 697 63
6 322 73
919 920 3
508 960 99
37 945 17
134 433 101
273 360 73
601 998 81
530 882 44
162 544 56
142 360 10
89 637 75
385 660 87
649 858 58
95 923 1
385 983 67
226 882 60
584 754 32
511 774 16
733 854 35
10 884 41
480 820 96
505 676 38
184 560 86
114 291 101
47 786 18
179 504 13
387 853 35
829 946 24
552 660 88
349 597 46
323 803 76
77 985 73
140 907 11
233 264 57
30 760 82
31 241 20
141 417 61
31 317 46
273 951 16
341 344 92
70 462 81
121 456 43
584 846 42
1 491 5
418 450 7
226 345 1
207 811 95
410 757 10
96 102 55
113 826 9
258 365 57
546 754 52
86 972 41
162 225 1
374 694 24
108 702 87
40 817 99
262 900 66
369 627 24
404 899 99
374 389 47
374 755 100
685 839 56
320 427 101
416 927 68
848 870 2
677 818 86
816 909 46
347 702 51
273 381 8
167 197 21
685 711 16
839 853 58
75 297 35
111 892 31
285 834 47
223 364 35
780 917 49
51 329 3
251 983 62
695 725 40
583 637 61
593 883 19
182 539 92
256 321 55
527 715 72
236 694 38
58 517 58
229 974 51
94 468 47
623 927 96
966 985 18
239 535 30
50 876 61
354 610 1
121 475 69
256 480 58
224 660 44
134 269 8
769 992 81
432 600 1
840 866 74
359 925 55
332 836 89
432 973 75
17 706 12
475 711 35
330 939 35
199 572 44
231 800 83
27 438 39
350 858 11
9 578 89
35 183 33
632 853 65
117 158 88
337 779 10
76 650 83
41 280 86
236 739 11
86 696 39
43 553 8
387 635 38
9 427 96
254 464 84
819 845 88
262 656 95
103 108 77
59 658 83
289 810 52
942 984 81
18 493 69
96 776 8
586 740 77
755 967 56
669 756 72
72 526 31
82 764 89
530 543 47
393 511 64
110 641 87
11 769 39
458 679 77
77 521 37
348 973 17
263 304 34
445 969 15
191 590 18
301 730 98
443 816 32
152 798 64
534 543 51
239 616 66
139 368 84
25 791 14
623 868 92
803 809 52
220 430 17
427 749 12
65 528 78
460 676 72
110 186 4
147 939 88
232 460 40
506 905 14
312 901 89
89 361 75
64 242 1
571 856 31
54 404 77
306 533 95
621 751 52
273 389 100
616 877 73
444 881 92
212 500 60
525 630 90
358 374 19
436 992 81
59 419 29
86 448 88
578 877 84
225 608 76
481 813 41
118 331 7
425 721 37
430 455 90
413 929 55
631 764 34
238 926 53
656 671 80
555 667 93
666 884 23
244 383 30
220 309 30
144 908 17
128 383 39
860 903 91
19 554 92
13 864 36
39 995 100
634 862 6
487 754 76
375 941 51
158 878 65
288 319 19
35 261 23
336 653 99
487 727 1
48 449 41
580 864 70
484 779 12
35 311 78
391 490 58
676 786 29
485 750 9
796 822 24
202 699 84
228 997 73
352 496 14
17 156 47
372 640 92
15 388 53
483 671 74
159 898 28
413 699 90
134 436 81
92 519 3
66 499 26
351 558 5
102 838 95
125 424 13
707 884 59
221 419 87
436 845 20
592 977 41
596 684 39
504 534 86
94 244 3
18 575 26
31 624 48
439 683 46
404 879 48
637 821 53
325 720 46
701 837 49
248 879 82
447 672 16
724 750 46
124 724 19
540 899 2
296 360 84
550 829 73
109 785 28
501 891 91
188 268 50
192 800 10
178 229 92
582 769 8
12 199 30
184 914 90
427 580 59
247 960 61
645 705 82
333 841 72
112 526 57
332 825 73
387 467 82
629 760 2
39 504 37
493 705 38
559 647 56
187 610 15
758 836 51
48 436 9
507 666 3
959 985 92
267 823 23
359 822 96
74 210 63
25 607 53
24 86 24
186 635 19
756 854 31
437 463 7
310 438 27
372 785 92
528 757 2
47 404 67
494 802 38
440 615 32
522 756 88
143 998 27
710 714 19
616 872 74
397 412 21
383 444 57
31 629 97
743 943 75
278 355 24
183 298 81
330 862 52
188 644 46
56 989 9
9 662 82
137 477 50
34 802 55
279 827 94
453 908 28
69 464 13
436 644 9
404 929 100
488 567 33
19 182 31
692 943 70
880 882 73
704 869 87
397 404 74
621 957 30
11 555 54
610 872 79
25 587 3
476 537 15
135 455 40
216 476 51
202 209 70
506 730 58
402 777 14
91 571 4
89 170 89
509 613 47
115 173 97
710 977 24
62 122 37
179 267 42
87 636 69
249 498 44
124 933 23
539 865 19
718 958 14
987 988 42
188 916 26
61 309 33
459 664 75
311 500 11
207 445 99
59 154 98
217 866 89
333 420 87
209 633 93
30 410 55
160 755 83
658 985 29
287 863 100
259 329 69
737 739 52
464 999 62
126 877 100
277 539 50
214 319 66
370 830 67
176 732 21
262 673 3
536 966 77
108 212 66
551 939 13
630 689 50
192 973 76
62 829 17
220 821 71
34 48 10
77 182 81
127 690 46
602 651 49
556 983 23
80 910 18
183 831 54
334 391 13
333 797 31
84 377 63
534 603 39
315 836 60
222 548 22
873 979 32
208 748 79
16 975 59
420 871 100
638 662 3
190 522 15
409 637 17
194 973 12
396 613 5
605 763 61
595 930 58
121 877 100
273 862 17
435 624 49
505 754 68
96 748 43
138 497 66
181 229 3
590 661 79
72 547 30
116 258 18
634 783 53
763 809 5
961 993 72
495 916 47
23 103 89
650 777 38
212 849 96
234 367 86
589 612 46
437 870 16
237 438 5
193 774 90
240 597 33
262 879 10
361 574 82
584 696 56
103 530 92
187 890 52
172 202 11
5 255 98
98 157 77
604 873 49
13 946 26
55 544 83
512 963 27
253 330 4
298 394 2
327 599 84
34 570 30
420 739 10
240 807 7
20 892 34
451 562 25
736 859 9
35 216 3
221 348 84
83 371 19
268 362 79
81 620 45
531 563 93
603 706 71
681 698 100
887 895 17
564 648 77
368 582 24
394 855 43
376 438 18
263 718 40
502 979 22
747 848 86
520 549 35
33 724 65
68 334 26
511 606 17
81 949 78
316 645 75
122 740 45
241 579 24
242 501 1
676 866 57
182 198 91
56 529 35
337 759 49
697 876 101
424 521 98
40 900 3
328 441 83
682 880 61
28 178 85
260 761 91
241 970 92
600 756 82
322 339 87
13 67 42
94 804 24
581 919 100
392 552 86
585 646 52
526 821 77
187 206 69
406 624 73
394 845 41
225 737 94
21 149 93
74 177 34
177 906 29
581 943 50
53 405 98
29 135 89
18 206 76
100 754 89
51 515 36
764 793 68
274 441 67
49 333 64
92 586 84
291 922 12
829 894 34
21 69 54
49 286 26
305 527 9
816 843 23
604 869 24
26 118 61
110 137 63
83 958 27
515 856 76
196 893 46
547 676 29
133 281 13
43 876 1
49 722 31
27 226 48
181 424 71
879 951 77
409 603 35
592 925 75
24 256 25
234 899 26
806 879 65
9 268 96
13 248 81
130 883 28
804 889 17
246 803 81
169 923 62
511 760 69
177 858 54
79 539 57
211 961 37
388 848 2
737 964 42
171 749 76
573 670 19
163 316 83
183 519 6
577 724 73
180 384 18
170 553 7
357 832 6
514 955 65
109 152 64
67 132 28
137 252 8
860 987 2
156 221 65
15 652 52
0 620 78
274 387 90
340 896 49
472 914 7
282 289 18
291 361 67
338 783 23
177 998 18
437 738 38
119 917 11
80 400 18
314 921 41
436 954 39
396 762 70
218 360 100
253 405 1
164 459 74
353 933 17
148 286 89
152 444 88
753 933 17
191 875 93
861 976 43
854 994 71
25 514 36
768 834 89
304 569 44
899 986 86
282 588 52
256 793 16
53 696 72
166 586 3
892 935 31
668 988 14
412 834 19
485 653 100
235 969 95
869 955 47
825 905 1
731 833 40
509 913 50
181 684 48
199 568 49
135 556 1
480 944 2
246 425 51
184 871 36
610 934 11
728 824 54
372 766 94
178 636 29
463 528 42
63 623 73
517 637 32
475 796 48
446 851 26
354 361 36
352 866 56
397 613 65
216 437 99
732 964 99
445 566 81
159 737 52
63 74 40
348 688 100
108 383 41
674 839 93
613 809 11
82 161 11
835 993 97
422 768 10
492 542 88
168 613 85
243 433 83
48 456 33
136 371 27
597 612 85
896 918 34
319 808 99
214 639 44
456 971 61
341 657 57
433 694 22
92 565 55
524 879 78
111 674 1
572 897 34
30 609 5
861 953 44
315 775 30
76 913 43
286 414 17
170 841 55
693 999 20
408 708 18
158 466 98
154 983 71
48 285 16
675 855 64
700 761 4
33 681 31
64 463 59
625 691 74
137 414 42
276 619 36
389 863 94
811 959 78
77 398 6
700 826 53
670 914 19
247 518 54
375 388 55
588 908 81
479 774 88
224 303 65
22 333 58
183 792 66
149 934 90
357 396 100
792 808 73
394 636 13
720 978 31
146 203 27
90 932 78
160 492 82
386 949 21
326 926 100
266 750 70
164 536 69
311 400 79
256 798 65
451 874 69
168 243 19
92 497 43
562 606 95
111 174 92
517 638 54
308 732 55
704 898 22
480 655 39
287 643 81
248 786 67
572 775 63
609 902 44
422 968 15
656 821 49
512 693 96
234 516 64
26 273 46
443 714 71
90 250 43
64 408 13
47 702 9
596 774 38
133 253 30
751 978 36
338 688 12
5 366 75
228 729 41
250 261 89
116 518 59
338 777 78
428 727 89
422 602 56
47 521 83
652 760 70
124 222 98
187 563 11
387 570 64
413 962 60
727 845 1
401 831 90
143 726 18
494 700 8
274 402 59
103 513 12
578 868 61
227 760 77
121 281 6
47 100 99
474 597 89
206 887 24
70 906 65
220 727 47
598 882 61
569 744 72
288 903 10
30 316 4
150 704 12
235 276 20
508 922 68
254 755 11
489 701 35
121 698 78
737 797 74
341 962 2
121 201 97
66 993 95
335 981 84
108 155 46
246 748 35
372 496 95
200 905 69
863 943 10
334 697 21
599 976 35
257 354 67
739 994 98
655 664 78
282 720 42
136 513 94
447 609 82
641 712 65
338 649 5
753 827 27
556 638 18
201 523 29
412 800 39
566 742 24
584 999 90
379 386 36
54 703 101
525 685 62
68 740 57
214 538 95
155 285 34
444 672 13
324 889 22
370 723 77
40 823 72
22 585 87
557 945 100
345 904 45
763 800 32
937 986 78
66 232 2
433 476 80
389 670 96
310 349 98
81 300 101
329 673 76
684 751 66
194 440 59
59 916 12
157 520 76
152 302 79
10 990 73
495 978 47
307 529 6
928 938 16
836 928 32
83 393 3
577 933 67
717 905 80
684 998 83
86 752 71
195 311 5
325 725 92
439 711 11
359 580 77
653 967 99
10 416 89
334 802 36
358 464 89
603 927 75
652 712 37
121 992 100
902 992 65
176 406 30
288 810 90
116 405 16
932 939 44
92 506 92
518 630 89
431 590 25
316 354 37
224 954 25
158 641 44
216 568 48
444 538 40
156 968 37
650 763 91
351 901 36
446 518 64
538 763 98
152 570 46
328 709 76
276 811 66
328 805 20
251 811 16
182 336 15
504 523 53
149 918 38
458 532 56
307 353 56
401 491 17
248 894 57
326 375 36
81 352 7
569 701 31
34 112 67
252 478 72
50 684 55
503 764 95
30 564 57
49 605 33
411 510 38
114 154 9
192 501 29
60 368 81
279 512 37
886 992 12
633 662 83
208 602 8
140 999 45
584 888 34
166 825 28
163 333 10
63 616 79
510 802 87
605 606 5
201 547 69
201 968 12
198 995 99
144 287 30
431 743 26
241 242 52
157 643 37
908 951 16
164 618 80
621 724 76
51 566 84
287 388 13
915 955 83
191 961 15
49 464 40
92 939 84
328 995 61
896 975 23
133 779 101
381 578 2
20 270 63
656 911 2
424 829 25
318 701 60
834 990 53
172 553 52
153 881 6
384 397 26
140 650 40
27 96 73
594 685 11
346 444 29
389 890 27
309 528 27
106 395 93
59 369 85
211 990 69
93 492 55
35 628 40
475 850 44
437 566 7
434 589 1
383 713 43
456 833 95
425 743 34
177 352 56
646 865 18
593 901 12
106 558 91
460 538 7
229 534 19
257 736 94
516 911 6
226 288 67
34 229 67
73 828 52
608 680 72
368 648 84
542 954 95
751 897 39
645 879 65
359 375 25
80 415 51
757 813 4
32 486 60
569 938 61
42 963 63
176 698 71
557 823 99
159 401 6
743 851 18
108 367 19
372 931 86
422 795 84
499 638 38
16 377 88
127 250 20
655 708 98
243 563 36
34 144 52
535 878 98
497 661 2
726 877 95
538 946 61
232 576 45
530 710 8
154 729 84
206 337 61
247 879 47
885 936 5
575 859 89
46 105 71
15 648 37
268 878 62
497 993 31
753 756 13
454 540 38
536 559 84
423 902 86
201 258 34
34 825 76
87 243 23
380 921 69
463 492 95
625 867 48
241 943 52
118 650 46
633 771 77
75 863 81
489 490 44
403 800 77
22 336 96
81 703 1
476 532 82
327 763 37
166 261 67
504 918 22
273 759 101
699 741 75
110 701 26
268 386 93
821 856 82
596 762 17
286 938 80
647 654 39
210 698 98
454 847 34
202 890 66
518 914 84
209 724 69
167 302 4
101 305 81
657 891 64
151 869 30
508 924 50
375 703 23
604 760 99
286 365 51
336 376 43
529 823 18
35 516 37
334 722 59
144 783 71
104 908 25
395 766 43
556 787 63
218 230 6
566 956 61
43 940 93
614 629 31
186 784 6
43 255 30
295 724 98
345 834 74
127 280 17
535 862 45
235 817 66
408 438 32
421 623 69
917 992 36
122 516 90
588 699 78
393 605 35
298 898 38
784 999 70
137 425 68
455 883 95
633 925 15
394 880 45
294 729 68
81 693 79
675 970 29
170 206 62
134 389 33
55 742 67
857 874 78
31 694 80
4 22 31
107 900 56
596 970 64
548 619 11
391 644 55
313 640 77
763 946 30
449 932 44
177 680 82
753 926 88
87 440 59
33 828 1
81 369 77
62 115 78
321 556 29
219 596 68
511 731 16
749 833 84
918 950 7
96 222 42
353 679 39
290 330 60
151 948 80
62 540 47
117 736 20
30 265 39
405 928 88
76 246 66
663 737 93
237 952 26
319 459 38
471 906 58
323 849 78
230 400 6
294 589 39
130 767 5
177 280 13
160 477 73
194 266 28
524 832 72
316 707 18
401 743 11
539 745 59
298 708 47
304 757 101
102 901 25
517 828 41
22 246 96
85 255 93
245 950 82
397 608 83
267 409 27
527 770 67
41 298 67
185 868 60
533 882 62
501 717 2
527 937 50
549 848 4
188 951 40
124 296 21
202 584 23
213 308 69
422 819 37
611 753 28
472 607 20
210 857 1
732 867 67
894 965 75
843 911 93
574 878 7
312 823 68
9 339 30
265 558 16
441 622 87
167 440 74
22 786 30
240 435 8
37 351 36
463 622 10
616 892 45
160 424 71
462 679 56
482 818 22
219 399 72
358 510 43
959 996 75
356 390 39
416 436 77
573 591 64
326 776 63
1 84 41
107 488 75
113 513 56
848 949 51
24 802 32
52 401 91
83 660 34
202 224 52
483 610 78
120 621 44
93 184 38
451 663 17
165 223 81
615 741 78
81 292 35
264 279 81
506 865 83
481 953 57
201 545 54
62 362 27
497 679 90
564 688 1
72 152 39
191 626 1
112 738 33
491 677 70
276 458 38
151 219 66
47 754 10
279 732 48
332 717 30
196 475 13
790 902 60
718 834 48
60 967 24
27 336 27
317 402 26
184 976 30
542 615 81
256 712 56
529 641 67
369 703 48
199 380 30
112 538 1
512 644 82
588 946 85
127 290 23
677 995 62
45 454 31
777 928 99
986 994 77
269 854 38
228 630 97
556 960 90
278 299 94
292 875 65
302 923 67
547 681 50
446 985 30
125 210 40
110 789 53
446 848 100
435 862 58
202 995 30
269 899 92
79 902 11
50 206 69
356 778 49
159 389 35
589 816 25
190 622 45
351 888 45
98 121 91
43 74 73
360 496 89
490 927 59
646 651 47
145 848 81
480 544 1
347 504 52
713 871 50
472 717 16
468 533 52
45 592 50
272 831 42
171 713 80
56 584 56
14 300 79
208 349 99
153 986 72
69 208 12
231 604 4
101 201 54
343 704 23
95 654 43
675 796 71
442 830 16
328 852 81
42 707 81
401 895 96
327 829 56
211 753 47
140 389 71
827 855 82
62 375 72
537 748 22
221 940 66
50 680 72
472 605 22
20 917 40
743 899 87
752 874 100
297 612 76
228 730 79
608 651 1
827 971 100
63 352 91
112 185 75
142 981 22
568 785 63
358 722 34
267 524 95
427 822 41
576 734 26
11 845 28
12 174 48
273 547 75
210 767 60
277 483 48
69 274 9
170 777 41
501 841 82
385 574 97
50 712 4
394 732 96
119 253 64
588 877 80
601 961 15
202 905 29
51 642 93
575 910 8
263 487 82
520 880 80
199 809 97
162 929 19
204 906 73
833 861 5
11 779 58
145 291 3
503 982 42
150 215 100
420 766 18
240 758 93
444 966 6
455 864 10
360 814 66
205 269 21
824 941 9
566 931 76
239 589 14
84 380 48
357 668 86
692 919 15
467 803 24
723 930 55
98 304 85
81 849 27
502 903 16
454 683 20
160 956 9
786 984 68
412 683 70
541 753 97
523 675 7
36 74 100
60 993 3
290 644 81
445 903 75
571 680 88
859 871 61
858 990 1
547 733 88
231 616 50
545 657 100
183 525 59
131 448 61
95 713 91
623 769 68
17 60 78
947 975 100
463 907 36
250 387 11
1 335 79
91 515 6
87 984 94
568 664 74
324 903 77
419 936 89
517 922 98
360 485 70
856 857 31
73 857 24
122 441 91
505 532 88
430 686 88
243 432 68
662 977 48
149 582 33
608 815 96
49 324 4
140 402 71
209 644 56
736 989 47
630 963 7
744 963 96
293 920 19
116 641 91
169 562 45
14 592 80
66 732 35
153 661 74
729 959 74
87 250 54
648 963 50
717 886 8
63 843 56
612 807 100
311 645 23
792 870 6
409 737 47
472 793 58
308 702 34
293 986 29
276 650 24
657 776 60
11 80 18
171 350 57
605 892 66
96 370 67
567 840 65
6 95 40
472 733 60
291 455 52
222 471 72
430 774 101
213 279 56
128 534 35
233 884 93
308 638 10
518 784 58
42 699 35
748 994 10
45 925 83
101 489 71
640 642 81
0 395 22
853 880 81
422 569 91
662 663 74
3 457 1
372 885 96
606 959 56
38 947 5
39 644 21
56 500 44
591 860 84
102 553 71
236 385 68
720 818 35
106 516 64
561 964 15
678 995 28
77 474 1
245 545 23
341 872 6
37 687 83
246 362 16
109 628 27
141 194 15
428 783 39
314 564 20
506 815 37
310 397 81
441 853 90
305 434 5
441 981 55
44 107 89
487 747 38
528 810 60
788 799 24
437 553 29
307 496 98
477 507 49
50 147 77
492 527 101
142 463 78
260 476 86
76 925 57
492 519 17
801 918 74
693 922 33
624 974 20
592 950 33
64 943 46
615 898 9
175 522 46
198 910 75
482 576 2
545 999 37
548 826 81
575 610 55
228 931 54
718 977 25
468 548 42
48 652 47
503 747 33
48 55 89
80 226 75
349 374 90
321 483 87
152 752 2
117 172 38
398 702 56
176 935 90
86 638 28
416 676 100
95 282 44
106 119 87
703 949 64
227 647 13
255 751 23
532 877 80
182 350 22
49 731 10
261 899 64
157 168 90
759 919 54
42 418 25
99 115 29
671 972 2
145 309 75
539 580 60
60 230 21
621 671 22
170 694 43
114 605 93
444 628 31
65 360 71
559 844 11
605 939 82
228 374 59
694 710 36
6 583 62
476 830 20
304 634 34
485 508 59
510 672 51
135 322 74
417 798 72
456 933 27
483 591 57
99 265 81
573 847 83
18 366 41
382 646 74
10 101 7
543 635 29
565 659 11
507 794 75
503 678 87
830 893 87
602 752 65
189 388 4
433 628 53
314 384 55
116 237 12
407 796 13
536 758 43
149 655 40
258 788 78
467 615 18
330 445 96
253 559 63
351 532 64
507 939 8
293 670 20
212 947 48
133 477 79
178 964 12
88 829 40
275 635 61
576 759 84
610 691 94
682 945 88
401 434 78
522 715 20
65 817 73
86 400 77
788 919 44
39 689 14
198 906 38
634 946 61
166 850 89
126 334 68
662 709 43
598 789 90
211 658 55
119 946 60
333 751 75
677 893 6
23 503 61
389 725 10
261 834 51
470 885 24
97 638 9
407 801 48
270 306 6
651 800 26
738 833 18
209 213 90
735 780 57
671 692 15
66 321 77
845 878 49
314 904 64
497 553 11
291 837 89
193 315 14
609 951 10
327 963 84
498 731 37
101 196 19
643 789 19
479 880 87
224 815 89
33 829 99
173 896 27
379 394 33
235 951 68
141 722 53
357 845 27
595 597 4
623 669 11
94 912 33
49 701 44
103 144 44
135 962 58
66 904 86
255 737 72
245 634 3
633 980 96
272 594 83
99 359 33
122 201 40
244 433 84
227 918 17
169 388 67
90 604 53
357 543 20
216 999 54
160 864 35
219 652 83
190 913 83
512 836 68
740 811 27
610 768 95
168 603 69
3 389 15
651 891 64
95 743 25
637 926 34
502 854 15
209 890 2
141 815 85
754 943 98
310 499 64
383 868 2
146 664 68
404 767 68
534 735 16
80 294 81
236 343 58
454 756 39
504 580 17
10 467 38
165 587 35
464 667 45
207 415 62
126 378 1
357 995 69
112 132 39
1 550 61
689 705 13
351 988 75
152 648 96
35 307 91
819 930 20
383 737 82
585 698 46
331 718 69
597 835 79
35 108 77
228 557 52
534 805 89
358 809 33
463 617 95
126 287 98
214 634 97
440 960 72
228 991 3
71 268 87
51 647 95
138 469 86
895 924 96
174 192 13
564 836 97
139 168 19
332 731 79
337 985 13
105 308 37
74 631 66
324 723 55
214 920 15
757 895 30
719 842 23
116 398 35
397 925 38
550 651 90
755 927 37
524 758 91
115 821 12
558 799 101
608 707 77
86 510 18
109 180 31
484 540 100
20 593 3
321 935 90
650 928 68
163 565 15
91 360 54
353 430 95
305 622 12
451 948 98
225 658 39
21 821 97
466 585 53
299 816 58
261 814 69
36 915 64
481 823 10
464 929 38
469 731 33
414 567 68
2 248 98
145 378 15
216 797 21
129 289 50
843 879 15
32 665 59
209 961 83
878 965 36
148 677 3
84 215 87
664 689 25
2 31 4
222 501 72
571 617 61
209 660 33
718 758 60
533 903 97
155 462 100
105 702 86
649 702 72
303 924 3
601 798 47
374 513 66
60 731 52
59 300 64
593 899 67
524 929 22
320 337 41
446 477 70
181 664 73
7 552 82
555 838 4
685 834 79
626 962 4
386 859 77
246 407 50
35 256 5
767 930 98
269 707 31
162 814 56
180 732 86
164 799 23
340 778 2
194 811 62
324 604 92
305 657 65
563 612 51
202 505 10
484 717 62
142 550 45
148 575 93
626 834 97
324 557 59
284 985 96
509 648 94
278 933 86
267 375 29
708 992 96
91 960 79
332 960 101
423 930 95
424 682 1
396 467 46
273 628 12
410 985 59
363 738 5
207 935 14
12 471 17
292 646 74
257 769 38
547 968 96
380 784 25
0 603 60
94 598 82
897 988 44
98 718 26
114 246 52
298 744 41
81 106 83
380 942 72
210 702 76
927 952 63
149 855 63
39 774 51
94 855 25
818 927 67
383 438 3
636 714 80
340 438 100
909 950 23
469 952 25
74 879 37
160 400 11
919 941 12
514 729 98
246 554 88
528 938 36
251 419 26
758 927 84
746 797 32
41 865 31
54 460 38
257 340 97
351 837 37
148 905 84
55 302 6
107 916 85
557 723 64
127 877 25
24 951 42
313 839 94
513 892 32
774 992 48
268 998 9
209 695 36
209 937 60
425 723 57
400 674 3
527 987 59
520 574 61
440 946 47
749 895 27
496 577 47
317 764 74
532 863 44
415 497 51
13 52 52
215 232 62
398 450 8
223 252 100
121 823 26
72 857 59
282 848 77
332 475 92
439 509 40
321 491 6
539 724 8
635 714 53
740 805 31
295 617 59
378 955 75
82 986 60
252 343 93
137 666 2
35 529 19
402 469 21
476 953 47
395 568 25
538 945 1
284 636 99
430 635 89
94 523 31
363 480 71
178 952 86
17 441 56
571 573 62
20 716 81
200 260 8
639 941 51
229 769 55
65 846 4
339 842 82
190 591 34
876 952 93
21 345 6
527 909 1
326 972 21
29 993 35
404 617 48
167 993 67
507 695 67
97 326 85
714 989 75
273 354 36
