100 4950
43 90 2299
13 70 701
6 22 127
17 35 3364
58 99 1155
8 43 300
15 88 3518
19 46 2134
34 87 3349
39 60 4135
58 74 3872
10 89 4518
76 78 3466
3 50 1025
43 91 1817
6 28 1676
5 34 1086
22 92 4072
1 8 2624
4 9 1145
1 5 74
47 84 3201
10 97 4135
48 59 2242
66 87 795
57 85 1491
1 39 1056
13 48 693
32 56 3590
7 10 493
1 93 3560
42 91 874
3 85 4306
46 88 4519
31 59 563
46 47 53
35 59 959
20 99 4547
19 98 1096
59 81 3722
20 93 2899
6 31 1279
80 92 314
62 87 1891
52 89 1301
11 41 3798
36 67 3194
47 86 2454
62 85 4405
92 97 4502
49 83 816
93 99 2804
33 41 4659
50 58 1456
33 47 46
64 74 3973
37 42 1661
14 85 2462
2 74 9
56 60 577
33 82 3222
11 33 1872
13 43 2996
33 98 2748
10 14 2784
18 50 4091
8 85 356
51 67 1946
28 89 1400
0 29 1415
32 33 1528
24 67 4633
29 83 3999
3 37 1901
62 95 725
21 58 4323
31 99 4234
74 75 2581
68 85 3655
0 5 760
0 16 2276
12 13 3715
52 56 1696
85 86 1909
17 24 2543
58 76 312
0 92 4081
60 69 1648
3 93 4548
2 38 3520
53 64 4833
49 63 1959
87 99 4187
73 87 3478
34 59 2082
38 46 1039
14 83 3083
70 96 2874
56 84 4103
53 61 4223
80 95 1755
24 31 1963
13 39 3845
17 94 3511
27 54 3128
21 53 2875
42 97 830
59 97 920
3 43 1586
25 73 4488
21 50 1405
11 38 556
33 58 3517
72 85 3542
6 21 3770
8 12 2463
42 56 4479
25 27 2233
5 84 3858
28 29 4693
17 47 2921
47 55 2114
29 30 2487
26 49 557
0 39 2780
72 82 3919
53 58 3407
2 32 3158
74 82 1391
18 97 903
60 85 315
58 85 2070
32 69 4243
39 94 3466
25 61 4736
7 34 3900
19 56 1246
19 63 3144
1 47 2600
7 80 3321
22 86 852
74 89 3048
52 72 2863
47 97 2234
9 86 3764
53 54 257
38 67 3404
81 83 2062
5 41 950
47 88 3190
32 48 2629
20 83 4403
29 94 1090
64 94 4019
5 79 3608
42 76 1033
58 90 1833
57 71 2408
40 67 2004
16 60 411
42 54 2055
5 65 152
56 74 2853
37 81 3801
4 88 1409
9 26 3063
8 92 4204
2 27 3697
89 94 633
42 66 1672
29 45 1657
57 84 2766
81 99 616
44 49 3463
26 85 475
19 96 2332
55 69 3480
39 80 2880
21 86 129
35 77 3080
48 75 3185
54 83 2820
25 54 642
52 69 1912
51 77 3459
22 49 3562
25 48 1515
78 96 3964
16 94 2682
31 37 2332
16 24 749
23 62 2006
18 46 139
32 84 2784
47 52 1049
14 88 4088
67 77 2197
19 61 3182
32 90 1405
13 80 4147
47 53 3132
10 96 4596
2 62 428
11 89 1387
0 9 1542
68 72 4184
62 71 2317
83 97 4414
8 66 3584
15 41 1243
16 92 3558
24 29 881
29 93 293
14 75 3097
1 3 3011
9 27 4011
51 87 273
51 82 3242
4 60 765
11 30 2984
5 6 3678
67 88 4152
8 21 3000
6 59 3164
30 99 2855
0 45 3983
37 82 2729
49 51 2517
30 88 2032
14 23 4266
5 96 589
37 64 3656
18 67 395
0 96 1737
63 78 4451
64 95 576
43 89 507
75 77 4854
0 2 366
0 62 3196
15 30 2185
50 73 2985
1 72 4266
56 76 1262
28 99 405
51 73 1121
80 81 4413
11 67 3182
21 87 1808
6 44 280
37 65 1905
39 40 2640
65 95 213
16 43 4390
40 51 2308
22 43 219
31 75 2938
59 63 2909
7 95 4176
33 69 1290
58 96 3149
60 61 1354
14 28 3169
8 83 1046
33 62 3150
52 63 1409
36 92 4050
23 95 3787
82 94 1762
17 33 2538
11 88 3756
75 93 734
15 62 4839
24 70 4776
45 89 4622
33 70 2957
76 89 1465
61 72 2095
35 61 1571
95 96 4534
0 54 3556
10 26 1130
13 91 1806
40 61 3414
55 61 355
24 56 4386
82 96 2633
46 65 2807
79 93 2012
86 99 3552
28 56 4805
1 65 3040
20 33 249
0 71 2772
68 91 3426
87 98 528
46 63 99
67 69 632
41 86 55
1 30 4465
66 97 2540
29 66 3874
41 68 1464
22 56 1990
6 13 2292
33 65 4534
82 93 2611
8 16 3424
8 48 1317
72 83 4869
6 84 4850
44 81 3545
56 70 2734
0 82 4434
61 92 297
57 91 4738
18 29 1507
13 71 3024
18 51 4576
64 70 764
91 98 362
92 93 3
5 76 2794
20 32 4683
56 78 4561
25 92 83
11 82 4479
28 79 937
23 27 657
31 65 4195
15 25 4829
27 89 1015
50 60 2065
14 89 4065
55 80 4478
42 47 4444
13 49 502
8 19 1123
54 69 934
71 90 3809
19 53 4936
14 20 2306
28 35 1001
5 8 845
27 50 1434
45 99 2557
4 91 2572
33 59 4516
11 97 187
27 93 2274
29 90 1769
14 32 893
54 68 294
28 82 1001
65 81 902
22 63 683
18 45 2118
32 53 4413
23 53 2832
1 29 4083
28 78 1245
71 81 3865
44 77 3534
7 43 2096
69 90 274
3 73 4343
48 57 169
31 70 4306
23 97 3934
52 88 4445
30 45 637
45 73 4381
1 64 4641
11 44 2708
48 61 1666
61 67 2301
71 89 502
20 41 3513
11 35 2051
18 87 3557
38 47 2232
16 74 920
7 20 196
5 60 1454
30 80 3640
10 13 1284
17 78 3481
64 83 4202
44 69 3425
62 96 1628
37 53 913
55 63 685
64 67 706
10 55 1783
0 36 3122
5 67 1437
14 92 3614
19 39 842
22 95 4673
13 54 1935
5 47 4896
41 99 4404
27 64 4618
21 60 1857
32 38 398
9 87 4912
38 91 3790
4 62 3053
61 82 2787
20 23 2026
76 90 1513
16 98 1208
18 78 1890
18 49 971
56 86 1085
24 85 1914
18 58 4556
52 53 2958
8 41 1178
56 85 2247
22 69 1689
11 99 1370
34 53 2287
7 18 2878
15 24 3544
68 88 1170
67 85 1285
72 91 4474
16 41 946
54 97 4528
19 94 4412
32 62 815
22 28 2611
84 87 96
14 15 2708
23 83 457
57 66 3289
48 51 2840
12 88 4201
2 20 2021
27 51 552
4 89 2415
15 35 1063
34 60 2869
23 98 1487
3 20 2861
7 81 4135
2 85 129
28 39 589
12 93 4066
4 17 1659
50 90 4226
51 72 577
14 36 4464
21 82 2663
38 90 2505
2 66 4047
25 50 3810
48 58 2250
9 76 4655
28 65 1655
0 30 4506
11 34 3759
20 98 1959
30 84 3482
2 79 3159
43 51 944
46 67 1628
20 40 4339
22 82 722
44 46 2098
7 62 2566
63 97 1175
34 38 4313
34 51 1104
16 61 3936
72 88 2082
61 71 2189
1 62 3564
22 29 4753
30 33 3358
32 39 784
15 61 3001
42 94 4571
2 8 2260
9 56 3479
76 79 1318
9 41 4747
76 86 140
27 39 552
17 59 3606
29 64 4556
15 64 1135
12 58 4235
23 37 4671
45 52 4543
29 46 2250
50 75 4162
4 84 2913
17 45 817
72 98 2100
67 99 2939
17 51 3732
7 27 2790
12 83 1579
91 99 1597
66 80 7
59 83 3617
2 91 4652
16 46 855
34 43 2249
19 23 4450
45 54 2553
45 83 1222
4 85 4473
63 77 776
27 81 3192
7 51 405
32 66 2932
25 80 2092
7 86 990
74 93 1214
50 51 282
44 90 2230
21 37 2688
22 59 3447
1 91 826
19 52 1753
15 71 1670
19 57 4189
17 84 988
1 21 1501
31 83 3575
32 73 3118
26 83 383
17 19 1779
26 86 557
42 53 3991
65 94 2745
49 59 3481
20 50 4396
20 77 1472
28 45 1364
18 37 904
45 48 3651
11 56 1338
10 40 1192
31 52 293
44 78 2160
69 71 1563
58 78 1499
13 50 3866
62 94 3168
31 73 4297
59 62 1514
13 92 1179
49 81 2437
61 62 1334
1 16 681
34 99 1022
6 83 1574
62 63 4875
28 75 2424
68 81 1848
62 77 3134
3 63 3412
83 84 3468
11 80 3367
32 63 1000
42 62 1001
54 94 1174
9 57 2565
40 41 335
65 82 1656
50 59 1328
11 47 842
51 81 1684
42 89 4683
17 34 3107
64 66 2399
2 92 4135
35 40 4757
17 89 325
56 80 933
47 57 672
36 65 2624
27 34 410
62 75 2970
0 90 416
51 59 3243
35 86 4263
21 93 3776
40 98 3629
4 40 2319
74 77 2345
39 52 568
49 98 494
8 80 2001
16 23 288
22 96 3009
74 97 1852
11 63 2805
24 38 774
1 44 3864
21 33 288
6 36 750
52 57 3819
14 86 629
29 87 1766
47 81 298
11 51 4225
26 42 328
93 98 2044
0 25 1628
3 97 639
30 96 315
45 84 591
19 50 4525
30 31 1932
9 81 1229
2 65 1743
9 92 3303
6 61 2714
40 69 3825
14 59 2576
8 60 2309
31 58 2449
15 55 1124
83 87 1174
21 52 374
20 91 4600
48 87 1763
42 55 805
40 47 97
20 79 2499
77 88 4887
0 72 2144
3 56 1396
2 46 1322
38 87 861
79 98 4229
34 86 605
60 88 589
5 82 4907
38 79 940
29 92 3289
4 59 697
30 83 828
43 53 1588
4 49 2669
33 48 4097
71 91 62
20 69 1732
12 75 2083
31 97 4220
30 95 2637
18 41 3909
74 78 43
16 36 4916
82 84 431
27 58 1602
17 38 1440
21 69 4317
5 37 3989
6 32 3335
55 75 188
18 65 2268
18 20 1175
64 77 2105
71 85 4199
13 26 2975
10 36 2006
25 49 281
41 65 4419
30 50 3569
33 77 3565
2 94 2196
52 71 2176
5 80 1061
78 85 4729
70 82 4906
32 97 964
13 45 2248
29 72 3317
24 63 4597
27 90 4478
38 76 3040
20 34 3383
3 58 1690
37 54 4212
16 93 2216
40 78 1487
23 80 669
35 38 3149
49 55 2617
12 47 2730
38 43 327
1 97 1285
53 74 446
37 70 4192
45 77 3259
8 25 4333
13 35 416
12 52 329
41 77 2284
1 61 3979
50 74 662
6 27 111
44 59 2125
5 94 4384
29 69 1568
1 82 1103
0 37 3334
31 61 843
4 29 4418
70 72 1208
30 32 2762
30 78 1564
37 80 2959
43 60 3399
3 62 256
2 34 2011
5 73 3612
56 92 4203
15 54 1137
18 26 2201
30 97 4654
19 59 3292
28 64 1106
58 91 4259
33 55 565
17 40 2405
34 47 1220
47 94 3372
61 95 3800
52 64 2807
75 79 4417
34 79 1310
17 88 277
44 80 2296
9 58 2158
58 92 4685
47 56 2651
29 41 4632
8 65 2488
9 53 3027
1 55 2540
2 88 4337
43 70 2539
3 94 2767
25 78 1248
47 79 3808
62 99 2333
24 50 1532
3 8 3906
85 92 4263
11 90 4564
12 43 2997
31 74 3022
36 69 607
15 60 4647
76 97 3211
24 26 1157
2 53 3399
5 92 1452
8 88 4551
72 92 4830
86 92 4605
59 61 519
31 66 1020
16 86 664
37 98 1020
46 64 1737
28 67 1915
6 23 3308
1 52 645
39 55 577
78 83 688
52 93 4199
54 91 4868
30 76 2869
8 86 2419
53 85 3330
83 89 2498
36 94 4755
11 25 4560
18 59 3480
11 74 3062
56 59 1353
52 99 2934
44 98 3601
16 87 1196
29 84 2497
15 44 752
0 85 4180
70 74 1595
79 95 2363
52 61 3923
49 64 2716
2 78 4159
45 96 1045
10 81 4260
8 99 357
84 88 3801
8 98 2585
16 52 4802
59 82 3333
42 74 2932
5 91 383
16 17 2203
37 45 3979
53 62 4206
12 26 1813
58 77 2994
17 69 2983
24 68 3296
18 82 2261
64 79 3536
58 68 1489
8 68 949
19 33 54
19 76 3432
40 52 2397
10 63 1685
39 99 3978
73 82 1490
59 74 4850
31 40 1190
81 87 3783
54 84 3520
14 68 4940
58 72 3530
7 25 2544
3 76 3641
27 47 557
24 62 2685
5 50 3093
3 64 2193
52 58 3578
69 75 3849
46 48 299
10 45 1785
50 86 4072
3 80 372
0 59 3172
30 41 4907
7 67 2484
67 91 639
4 83 4896
17 37 760
14 55 2975
37 52 2511
25 82 2033
36 88 4937
34 40 1759
22 37 492
64 78 2281
2 51 4264
87 92 4206
24 30 3650
36 80 313
50 77 3861
35 78 2244
1 51 2644
22 93 1138
30 64 4347
27 31 2659
42 70 415
6 75 4516
27 46 754
61 73 837
7 12 610
74 92 98
81 88 1624
49 72 873
80 94 4451
51 58 4255
38 78 3490
23 76 4537
25 44 4457
59 86 1727
54 82 2365
52 55 3026
70 84 1534
16 45 2423
19 78 4711
25 88 3224
18 88 2878
47 75 4460
24 98 1161
53 63 4934
49 54 3369
55 88 2070
75 80 161
12 32 3962
22 61 4575
89 93 1708
84 96 2095
40 53 1280
43 48 4402
78 99 4021
59 79 3862
47 66 989
26 29 1384
79 82 284
81 89 1226
41 49 2020
2 89 3440
10 18 123
45 81 4179
11 49 4473
5 69 2934
9 47 786
13 60 405
22 51 1437
11 55 1390
16 20 951
23 54 1549
84 97 2534
37 96 513
4 39 4780
32 65 598
2 68 4836
92 99 3428
6 18 4726
89 97 2454
52 74 2640
13 33 192
6 52 719
63 94 2700
43 49 3549
11 77 1513
50 69 631
61 88 1374
42 71 4799
31 44 2743
9 11 3786
22 39 2029
14 73 660
83 91 2548
24 36 4328
20 35 4397
44 83 2607
20 92 149
66 91 675
43 93 2329
52 65 3094
50 70 300
5 48 2481
63 87 2201
23 55 227
47 67 4816
20 82 2725
63 99 1129
6 98 1128
54 73 4198
60 64 16
9 32 1393
3 49 4811
60 63 3445
12 73 49
15 59 1138
26 64 915
62 84 1571
27 67 1302
4 6 3069
60 72 2844
9 69 2768
15 52 4667
2 5 221
6 48 798
1 53 1873
14 80 4519
54 76 3
87 88 4629
10 71 1882
42 79 4788
51 70 4701
38 61 59
3 99 2052
21 29 2364
26 51 1037
5 21 1584
42 64 2730
17 27 3745
3 54 3711
43 85 4802
1 38 3609
27 53 1751
69 80 257
40 68 4938
25 26 291
11 32 4180
17 63 4718
92 96 3333
8 71 3530
24 76 502
27 45 905
8 69 1930
21 56 1880
13 75 1789
21 62 2368
71 92 2792
21 28 1315
22 31 1090
27 37 4534
88 98 1472
78 98 3979
52 68 4141
55 67 1254
80 93 3848
7 46 4050
21 48 4079
20 76 1731
17 52 2811
54 60 1893
14 63 3060
3 39 3674
21 92 3902
12 14 639
43 56 3664
46 69 4408
23 87 4589
33 61 1987
40 77 1223
8 35 2373
43 59 2309
18 31 1566
9 39 3391
18 43 1247
18 90 4035
31 36 812
36 56 4293
68 84 3254
40 62 1270
1 17 2643
6 8 2164
85 93 4897
68 77 1496
21 95 3682
5 88 3282
56 79 4776
14 84 665
57 89 3446
52 83 345
12 36 472
14 31 1065
18 27 4950
54 74 1981
1 85 3189
1 22 2591
19 35 2783
8 51 1830
13 29 2756
36 58 1324
34 70 4299
25 87 4069
77 96 4537
13 15 3168
7 16 4262
1 25 2429
44 76 1028
52 62 1858
51 62 4673
65 74 823
69 77 2210
60 80 2662
4 71 66
28 98 1438
49 78 2167
33 80 735
55 97 3513
80 91 1034
27 88 1218
47 90 641
4 36 2113
68 71 490
54 62 3487
15 81 2221
17 25 748
28 73 4949
15 73 4653
9 89 3834
41 46 2387
8 54 3223
72 79 2795
9 82 1598
88 95 71
11 68 3073
7 9 2511
34 61 315
34 35 427
80 86 3257
17 91 4201
47 87 222
41 92 1861
55 70 1729
10 44 1816
7 19 4734
60 98 2690
37 57 2609
58 83 80
47 93 350
13 38 2625
7 73 194
43 45 315
17 83 1626
24 33 1019
14 46 1318
57 99 2300
32 91 59
8 64 2431
37 75 3028
36 91 2666
15 72 4374
30 73 4836
9 23 4027
41 78 1691
1 66 1951
66 86 4322
21 94 3424
13 89 3821
43 71 2892
6 60 4487
27 60 2104
20 31 3798
19 73 4149
2 41 2538
49 75 4634
63 83 3318
52 82 2966
6 39 4808
32 54 99
22 90 4054
14 41 657
54 65 960
56 72 2109
57 94 4463
5 95 4502
16 18 2567
63 72 924
16 27 4667
25 62 3600
11 31 2059
34 44 3827
33 97 689
28 97 444
8 11 3859
45 50 4211
82 89 2453
17 32 4462
80 89 2744
53 94 823
8 44 1922
78 94 3256
32 52 234
29 96 2209
43 47 2526
41 82 3250
38 70 864
66 73 1746
9 78 1761
96 97 2744
60 91 4521
12 68 1966
9 50 4916
30 75 2173
3 53 900
37 58 4013
7 93 873
5 12 211
32 94 2049
8 62 3732
47 48 3741
27 80 4867
16 89 31
37 60 3
42 51 4175
7 72 2149
8 96 4307
79 99 3824
4 90 2126
58 82 3300
31 47 162
26 41 1907
90 95 4453
19 22 1172
62 68 2987
7 52 2562
62 69 4255
50 62 2177
15 46 4820
63 65 2848
82 87 116
36 81 2089
30 71 2280
64 90 3914
17 39 3797
9 52 2463
13 34 745
94 98 415
40 87 1818
18 47 2217
12 64 576
31 87 4059
46 74 85
56 64 3774
77 86 2394
53 59 4918
17 80 2563
22 94 2699
52 98 1711
10 72 4054
23 88 2659
70 99 280
39 90 3706
24 34 940
74 80 4291
55 82 2554
62 72 4459
62 73 9
54 99 2323
12 91 2917
47 82 3924
30 35 4867
0 61 3880
40 95 1921
15 49 433
15 68 1466
52 86 2887
20 96 2305
81 82 2975
23 90 879
13 32 448
28 69 713
10 22 4695
67 97 2462
13 97 2614
13 30 2048
4 47 633
18 79 1368
49 92 3109
55 76 1558
70 98 63
48 49 2771
65 96 1298
12 56 520
61 69 2000
65 84 1219
18 81 63
76 95 4413
50 97 4606
17 60 3744
8 94 2873
39 91 4591
11 20 805
24 49 2939
16 30 2478
89 91 302
54 66 2874
34 55 1968
49 91 4463
49 65 4083
15 63 2127
5 18 700
13 67 2774
10 80 1807
16 95 2019
29 37 4238
21 85 828
17 82 3123
27 32 246
17 66 1723
0 78 4786
61 84 4939
9 65 4870
59 67 167
56 65 3177
40 56 1102
22 64 1958
36 71 2432
65 77 690
54 67 4659
51 89 2389
38 65 4724
13 44 4749
69 96 4313
19 43 2553
72 75 3370
30 58 4250
16 79 3420
7 56 4351
30 92 4809
22 76 812
16 57 2351
20 60 2332
14 22 4539
25 36 4509
79 84 1167
82 95 264
23 91 4231
0 13 2218
59 98 2904
2 9 447
59 95 2439
40 91 1409
28 93 931
14 45 630
18 35 2724
35 50 107
73 83 1423
21 76 2161
35 84 1419
44 85 2850
17 28 4376
27 91 3470
2 97 4111
78 97 2668
45 68 2448
30 48 3254
43 95 2069
4 79 638
15 84 3753
1 79 803
27 48 1785
77 87 2223
42 58 3138
17 76 3390
20 97 2574
28 46 1901
6 40 4851
3 57 2829
9 79 2533
19 99 3067
0 57 1522
62 98 4371
1 94 4890
30 52 945
14 49 904
43 64 1473
2 12 1073
6 80 594
38 98 3941
32 95 3572
35 79 988
52 66 3491
2 60 2728
2 69 4134
7 17 860
31 78 2046
15 29 3036
14 25 1295
17 65 2436
66 85 1355
3 19 3059
0 98 264
1 81 133
14 39 1140
63 79 2581
62 76 2797
51 93 3750
41 80 222
28 61 2685
28 80 4454
35 71 3845
43 86 1800
10 93 4139
13 37 1540
16 48 2524
14 44 3702
29 38 4263
21 79 3108
79 90 3653
2 3 2565
35 93 1682
59 77 2079
21 57 4779
44 65 4414
4 77 3275
24 65 1579
94 97 4455
62 65 4413
33 79 2989
18 96 2730
7 76 3844
69 86 4149
2 96 76
28 57 242
24 99 4775
33 72 2545
55 93 1447
13 27 62
0 94 825
32 55 2191
32 46 3870
11 84 4230
46 90 2886
58 84 2490
32 43 3924
5 71 2133
54 63 2387
63 67 4293
11 36 2471
29 56 3276
7 23 1377
47 73 74
29 31 597
5 51 839
50 57 3038
38 50 4114
9 25 2895
1 13 2513
20 48 1853
77 97 1899
31 42 4136
5 70 1760
49 56 2316
84 93 2712
54 70 4124
34 93 4276
35 52 4102
62 66 1246
5 28 1221
44 73 2559
21 73 2574
48 65 4835
42 92 3126
21 64 3349
74 91 1907
25 85 3866
19 62 4187
15 57 912
9 97 1592
58 87 537
4 25 3434
6 97 4236
8 15 1042
56 77 4800
27 63 2019
12 28 1700
24 27 549
1 49 2122
6 7 696
23 79 3244
0 46 1618
10 85 4101
28 33 4501
92 98 2102
28 72 1245
53 79 819
61 75 2527
45 98 1663
2 42 1870
42 98 2789
46 73 1568
36 73 2339
44 75 2332
49 84 3192
52 85 3473
1 42 920
6 62 1158
37 39 2880
4 12 1331
4 92 1069
12 29 1140
28 88 1487
24 83 1213
55 90 2367
44 50 1306
26 31 2793
54 88 2790
59 66 2188
77 78 4083
71 93 586
13 19 2996
24 81 911
34 63 2475
9 62 4309
27 49 729
26 74 3442
33 92 4196
6 95 4187
34 41 31
75 87 3737
53 69 3751
19 42 164
28 76 2474
31 53 3266
20 29 4593
7 91 4703
17 29 3045
23 35 703
7 89 810
53 60 1537
61 68 1791
11 26 4096
37 85 2883
53 80 3846
66 70 4256
27 33 3772
60 86 146
60 74 883
12 81 379
1 70 2637
31 91 92
29 39 3533
76 82 2705
13 46 4720
70 95 3691
43 76 1228
12 37 3159
19 41 2042
29 67 574
41 84 4124
17 42 3490
42 90 2504
41 59 1007
16 40 3826
17 74 1691
21 83 2618
23 33 658
7 98 594
66 99 106
41 93 1695
60 76 4375
9 74 879
66 83 1221
33 73 1554
1 86 4293
0 41 238
0 12 3533
27 97 2937
11 14 3340
60 92 2606
38 74 855
34 76 1717
23 86 341
42 78 2580
38 84 480
10 51 2926
33 56 2500
21 30 1860
9 68 87
56 96 2300
2 49 4615
75 83 2189
71 88 2735
7 79 4831
19 85 1478
70 83 3838
1 34 4949
1 46 4348
3 28 3843
4 54 3585
34 46 4718
40 45 3406
0 50 943
78 84 1348
30 53 4781
3 18 4118
12 85 3414
29 58 334
15 53 1509
67 80 4012
15 26 1465
46 85 1881
55 64 4448
7 28 2910
9 64 3151
0 80 4682
42 96 3111
1 96 3208
31 46 3590
19 92 1822
60 81 1978
39 73 4495
68 70 4438
24 46 3937
2 4 868
23 77 3159
21 59 2583
2 11 57
51 78 4411
32 87 1285
32 92 550
48 78 2938
29 91 955
19 31 832
6 99 3959
30 68 3073
66 88 3763
20 66 4752
14 17 290
0 49 3343
38 51 2255
26 93 4317
4 10 4586
20 39 2706
26 76 3886
50 79 2649
22 67 2714
0 10 4234
59 99 4639
12 30 3486
25 37 4558
48 62 1240
62 92 962
0 31 475
23 48 1371
43 78 4359
57 83 4905
44 56 2925
85 88 2847
15 67 3442
22 81 1652
65 91 2901
71 94 1323
9 93 4940
6 25 1009
57 62 4252
49 67 3015
46 87 3598
24 42 4021
44 47 290
58 94 1014
28 86 3768
27 73 3396
13 42 3245
73 77 4357
22 65 3749
29 75 1597
19 27 4225
48 50 2004
57 60 203
51 68 4829
39 48 2322
14 69 880
41 85 2749
26 36 2957
13 62 1801
69 83 2401
2 23 3830
35 69 292
43 58 2838
20 36 3438
76 77 4927
27 42 4065
16 50 3732
34 80 79
44 96 1005
52 80 4161
14 94 38
21 96 2496
74 98 3371
4 72 418
16 31 4549
4 80 3110
15 47 2451
18 68 2531
49 86 1370
13 73 1070
32 34 4394
35 55 3527
69 95 3899
63 93 3610
9 61 2793
21 41 359
24 87 967
0 18 2835
26 61 4450
95 99 2476
0 22 384
8 87 3481
14 97 829
54 89 2599
14 95 3403
26 44 1998
2 76 3480
73 76 265
19 29 1451
59 90 38
55 95 213
10 75 384
16 59 1910
0 14 2560
23 25 4159
3 6 2101
35 91 3021
28 41 1181
63 86 2147
14 16 3373
32 96 1398
39 72 3233
0 75 4042
39 96 626
20 59 1077
84 85 4098
34 96 2874
51 60 1441
1 41 2519
19 24 522
39 95 3851
47 76 2608
17 68 4692
16 85 1155
47 63 1736
15 39 1920
5 74 1411
42 48 2654
42 67 4326
4 44 2240
36 66 3291
32 77 530
26 82 4169
8 49 1058
75 78 1923
33 34 2533
89 90 3128
20 81 4176
4 31 1091
5 99 4373
23 38 2977
5 17 1689
1 35 1955
5 22 2714
42 43 2088
33 89 641
44 58 703
30 87 3015
0 77 2960
13 28 2261
33 42 789
18 57 470
28 58 2448
26 98 1523
37 93 1061
9 42 171
38 66 4601
6 87 4613
71 73 3188
39 86 4471
24 80 3084
48 66 2729
26 81 1282
24 53 140
60 84 3324
62 74 2606
26 30 699
43 74 3291
34 73 386
2 55 68
4 86 4758
71 83 4176
13 57 1740
60 65 4829
21 35 1849
37 91 3145
0 27 1211
12 16 4434
64 65 135
38 75 2049
1 71 4919
41 53 1460
4 8 922
79 97 4361
47 95 2521
33 53 1822
26 73 245
48 68 4095
26 69 2641
13 79 2384
10 20 2586
82 91 2755
13 84 2296
48 93 3609
21 40 612
51 90 1578
11 96 3638
59 76 3596
9 33 2133
57 70 1950
0 89 495
65 79 4651
34 91 3196
36 82 3228
6 79 2223
54 77 1004
72 87 868
3 79 1967
17 97 1537
10 19 560
27 41 1677
72 78 3170
1 56 3790
28 87 2260
3 25 912
18 54 1786
58 59 3314
0 83 2396
29 81 421
55 94 3755
32 57 2561
40 55 4659
26 45 1929
25 79 3454
57 73 61
91 97 1767
35 63 4726
49 82 4677
44 70 1448
17 58 2008
22 26 2536
31 86 3520
79 83 1742
76 87 3491
15 38 3223
38 45 832
18 91 4712
7 54 4920
69 93 4284
39 70 4021
78 87 4579
81 92 3800
38 92 1852
6 91 1732
28 92 1501
10 48 2595
14 48 1336
62 91 2987
58 93 2474
24 71 1533
2 13 3657
30 55 2746
16 26 2417
67 93 689
21 55 562
6 58 1195
67 70 834
24 64 1949
23 61 3135
32 89 4814
4 22 3604
9 18 1347
19 71 1295
0 93 1272
26 97 370
14 30 3778
0 21 858
48 97 2479
50 92 3873
46 50 1772
29 86 613
10 39 1771
61 66 4233
12 72 4819
9 66 3985
57 81 612
71 82 1480
65 78 1729
18 98 3119
15 77 309
9 95 1451
76 84 3825
31 57 4358
2 25 3585
27 62 863
58 63 3614
52 97 1690
16 32 3394
29 48 4562
96 99 347
36 48 4367
37 48 2772
65 98 1714
15 43 4563
38 93 3244
43 94 609
68 99 2033
33 87 2782
25 76 2604
49 95 4348
24 43 3649
46 70 3682
32 75 697
79 81 570
19 44 3681
41 95 1738
46 80 4225
29 57 4890
3 12 160
57 93 3348
11 53 1196
6 67 3243
25 59 4327
37 77 3254
15 93 1575
1 54 1617
35 73 2663
4 53 833
5 35 2701
9 13 3302
32 88 1594
69 78 561
53 93 2514
35 45 2886
24 55 3430
4 55 4753
97 98 4176
56 89 2899
12 55 3869
10 66 911
28 83 3195
47 96 1767
54 78 4462
45 82 329
36 59 2762
8 33 3044
81 97 1665
28 36 2558
10 21 1383
9 72 4696
20 67 994
14 62 2453
34 95 3969
22 36 573
23 85 747
42 80 1705
64 84 3872
5 89 876
55 60 1784
57 72 3730
38 96 2498
75 91 559
15 21 4836
13 36 3972
13 68 833
12 42 1169
46 84 3683
49 93 485
52 70 4461
48 94 4173
59 72 4896
17 55 179
45 65 2959
9 10 3895
14 53 3991
41 94 423
1 37 4601
7 99 3905
19 74 3365
7 61 1757
10 35 2862
37 68 3269
90 99 2068
88 93 2018
27 74 2558
35 62 2957
39 54 4305
45 94 2311
18 89 3620
24 78 4151
7 36 3304
1 19 1102
0 74 1338
16 33 4045
1 11 1180
59 94 4689
3 52 3238
16 63 2298
27 69 3973
50 76 1875
45 78 2210
41 58 4169
23 56 3817
14 65 3324
45 49 3008
12 99 2989
28 81 3214
51 69 4867
35 64 2250
1 92 1609
63 81 340
39 77 4320
72 86 4480
21 42 980
12 15 702
79 87 2711
29 62 1497
37 83 4047
30 61 1510
1 50 3760
9 29 3479
24 48 3669
11 40 3243
53 65 4728
47 85 3498
23 34 538
34 52 2948
9 54 4109
44 57 2431
47 62 1220
37 86 1243
57 87 996
27 30 2453
20 84 4426
48 91 4595
4 28 1783
77 92 576
64 85 2967
34 42 785
81 86 4586
17 75 1705
79 92 2218
12 51 1804
6 9 2653
26 90 2808
57 77 753
9 70 3172
50 80 3706
11 71 3648
53 90 96
32 35 4239
53 89 1386
21 32 398
3 78 4723
38 63 4756
31 84 4454
7 32 1963
42 87 362
49 61 3773
58 70 1194
21 91 3590
11 52 1931
67 87 896
34 49 4246
26 89 414
26 72 3496
34 97 190
27 84 4136
2 70 3631
13 98 112
1 59 3046
2 45 2858
10 53 2862
27 77 4582
49 89 883
15 16 4130
6 70 1298
35 51 3715
27 85 2173
39 61 2449
3 42 4505
54 72 2108
53 75 863
45 61 469
45 75 2294
12 89 1291
3 65 4440
1 26 3161
3 87 803
36 74 2176
63 88 681
33 68 2162
68 83 2160
30 39 4457
48 52 1409
20 54 4864
41 48 1141
30 72 2102
53 91 2184
29 68 2938
9 44 468
41 42 3409
33 39 1350
45 93 4805
9 91 4183
13 86 2892
4 7 452
61 81 2155
19 45 3814
46 83 2612
30 57 3034
34 98 2593
26 47 2771
73 75 3326
39 79 4344
43 79 3316
53 66 855
59 68 2909
10 24 1927
20 45 587
16 28 1420
7 37 4284
32 76 1463
56 62 2026
4 35 123
16 56 2852
46 51 3608
13 21 3150
19 66 3291
9 98 2087
31 96 1754
31 71 1787
30 38 4344
42 75 2569
32 40 909
9 20 682
37 51 1576
68 98 2472
82 99 1961
57 69 2167
16 58 2801
28 49 2103
35 68 791
39 97 3380
18 86 3061
1 14 184
9 14 2325
6 42 1236
3 70 3604
15 75 1796
5 90 1944
5 54 1011
75 92 3785
6 46 4529
85 95 2956
21 51 4525
27 65 648
80 90 2812
7 65 823
6 92 1754
35 87 889
13 55 4352
33 35 1604
30 69 4701
15 33 2525
20 27 1814
18 84 4851
11 64 3553
31 88 2618
19 69 2003
29 63 2416
1 68 1707
56 94 1339
13 47 1272
5 42 2165
53 56 4913
83 95 3229
46 62 4029
39 92 82
50 87 1523
45 55 1478
30 63 4623
4 98 2144
15 37 3789
57 88 3894
61 79 2743
51 79 4562
20 78 3839
15 18 2516
29 78 2767
1 9 427
64 81 4375
34 37 3969
43 44 4798
21 68 2844
24 91 125
13 87 3954
42 93 1089
19 25 2957
6 38 1682
17 30 3288
4 26 4861
57 74 2280
10 87 3626
43 77 3872
15 32 1011
4 19 2989
17 93 195
0 91 310
31 35 3432
1 27 60
64 71 3498
48 72 1721
39 64 2083
4 42 3407
59 75 3535
0 52 1944
47 60 1703
45 53 3686
23 42 2997
40 72 3766
16 82 1894
41 55 4668
43 82 2992
10 52 4129
8 40 1026
34 90 2394
14 34 4133
45 67 2212
70 94 3635
29 43 1988
6 57 1309
4 37 204
36 40 1230
72 74 4172
41 61 3403
49 87 779
2 57 1471
82 85 1880
3 51 602
24 44 359
82 90 3768
15 82 4171
13 59 4835
46 53 2701
20 75 2192
35 47 1098
14 57 1709
34 39 953
15 99 3104
14 81 2409
23 94 1424
25 56 1087
58 88 3384
49 53 1374
31 64 1274
6 37 3381
35 41 3300
31 32 213
64 68 3484
66 75 4042
10 12 2301
66 71 1684
8 74 4365
1 83 296
3 33 1184
40 50 1032
7 83 4379
39 65 1050
41 60 2718
50 84 1612
31 89 3884
6 16 4057
57 68 4703
58 61 2333
35 37 346
35 80 3771
22 75 3357
16 19 2073
12 84 3559
74 87 3797
23 65 3480
37 97 1461
0 76 2572
24 96 319
66 90 878
67 86 2180
86 94 1226
41 43 4253
20 80 3042
21 78 23
8 67 4277
66 74 272
65 72 1362
30 82 4030
10 25 3639
16 51 2147
10 43 2246
16 81 4630
87 95 4603
50 61 3112
44 60 1857
24 69 2680
62 78 4597
39 75 2858
3 55 3547
0 24 2915
51 86 2751
12 39 3698
38 69 3715
62 88 4250
22 60 4059
42 50 4070
86 95 2176
32 74 840
25 46 1667
72 95 457
75 84 1991
38 52 2949
44 71 2689
88 94 717
41 52 3158
19 68 4156
41 69 4806
54 64 4080
8 23 3586
56 95 1393
63 89 785
28 48 3317
65 66 2407
73 91 2842
53 81 4278
8 97 10
55 91 3542
18 39 410
20 55 4189
81 85 2678
2 95 4348
2 33 1953
17 64 4595
12 33 1560
20 25 415
50 65 1969
14 52 1500
22 30 1403
1 80 2432
0 95 1822
42 77 4790
47 72 2584
8 18 3260
1 77 4881
70 80 2117
46 54 4503
25 52 24
33 81 1565
10 84 1717
11 29 3266
20 87 4405
12 21 242
82 83 3242
10 67 3523
44 68 2674
73 92 1079
72 99 2596
54 55 3982
25 40 2733
4 70 4101
26 67 556
23 92 761
24 28 3245
2 30 4619
7 8 4021
24 25 4260
16 53 1347
17 73 15
11 28 4883
35 70 3191
16 69 3668
8 32 3125
32 42 4087
29 80 4780
34 83 1117
14 72 3222
6 72 4379
28 84 1387
16 25 419
42 68 734
88 97 281
29 50 3008
82 86 566
1 24 1333
79 94 764
56 91 664
2 24 4160
3 88 2610
5 44 2904
11 57 4932
59 65 2270
39 76 2017
8 52 4902
17 99 4102
19 79 4523
22 72 4441
36 95 2480
78 89 1286
2 90 3241
31 90 2167
4 5 809
20 61 539
40 81 4011
32 98 4595
71 77 2578
66 84 4664
89 96 3489
24 79 4444
22 68 1054
51 61 47
24 74 21
71 84 4817
26 33 3070
30 34 4414
36 79 2278
22 40 1805
41 72 3883
41 74 313
40 42 803
54 71 1813
6 93 659
45 76 2888
5 43 3924
10 47 4790
7 87 4495
66 89 960
13 64 4320
69 84 551
10 95 3397
14 47 4098
40 90 4016
33 83 2224
35 53 4347
93 96 2549
0 32 4145
10 57 44
32 81 4909
57 82 1655
73 93 4584
3 30 636
80 98 3493
16 76 1837
43 67 516
26 50 3214
11 59 1859
7 45 4822
30 62 4917
70 79 1375
53 95 3588
18 32 1205
55 74 2088
89 92 1086
4 15 174
81 84 3530
11 37 2020
14 24 407
17 90 2186
11 72 3556
5 13 1103
0 53 753
5 55 1326
31 95 1599
10 83 3532
78 90 4539
72 76 2994
23 45 2091
26 35 500
69 70 106
45 56 194
31 81 2533
41 47 2378
43 57 1250
50 72 1039
60 73 1779
16 73 2121
40 58 581
39 71 245
12 78 739
35 58 3743
26 39 1431
21 43 869
58 62 1340
20 38 1591
76 94 874
24 40 4090
20 72 1939
28 95 2729
26 75 1036
8 28 3671
27 87 2690
51 98 2301
14 99 1719
11 54 2677
20 52 1495
57 59 1545
45 85 1369
40 44 3319
28 44 596
61 86 3904
40 71 3451
6 64 2855
2 43 1704
14 66 2255
0 63 1463
36 77 455
50 53 1526
6 50 636
61 76 2843
11 61 1748
18 36 4435
29 54 4266
51 71 4116
74 76 837
2 40 49
83 96 1395
63 75 4360
68 96 3385
49 76 2066
47 74 3259
21 31 4413
70 73 3878
47 65 3211
40 70 3722
14 58 2527
24 89 1426
29 79 2684
61 87 3793
38 58 3211
9 28 3697
14 91 2316
54 96 541
9 85 2421
10 23 1050
21 23 2823
65 73 3262
35 49 2898
86 89 3924
46 97 2861
35 76 83
40 79 2092
2 63 466
59 64 4376
45 97 99
9 83 4059
46 72 1183
73 86 3631
37 78 2021
2 77 4114
12 82 4868
38 60 4548
36 76 1914
55 73 706
76 88 1314
5 62 272
16 72 3496
18 64 1761
59 89 761
32 93 360
7 40 3477
58 67 2094
9 19 4146
10 42 2059
60 93 4835
44 89 2987
85 90 104
7 42 3394
67 73 1578
37 63 4217
85 96 387
17 57 4892
23 70 2171
72 96 1430
1 6 4946
71 98 1756
12 24 5
14 26 4036
81 96 3757
20 73 1031
83 90 3232
11 75 3226
40 88 4881
68 74 394
86 98 717
32 64 2058
8 13 4641
26 38 3722
51 85 4340
53 96 1012
5 66 1297
41 73 499
1 40 1730
43 96 2409
24 60 2430
55 77 1404
70 90 1990
14 74 2161
47 64 1953
27 36 226
68 95 4102
83 98 2848
32 45 3288
22 84 142
64 82 3015
38 97 3139
32 58 675
2 56 1942
0 68 1802
24 66 1984
84 86 4032
0 69 3527
7 63 2191
26 77 1142
31 92 2199
41 87 3945
31 56 380
11 19 3123
0 55 2632
21 27 461
3 23 1826
32 41 2577
48 92 1536
40 66 4825
33 91 792
34 85 3046
57 65 2727
68 76 4837
5 53 3944
3 17 1176
41 64 1185
29 61 317
39 58 4827
44 91 4943
51 92 392
4 52 180
23 74 4107
50 54 3407
19 81 4789
20 65 1773
28 68 1323
52 59 1341
25 55 3890
42 59 2344
53 86 3047
34 66 4722
27 29 2844
20 88 538
51 95 4184
78 82 3308
2 87 3200
69 81 2408
32 49 3331
35 92 522
21 70 3105
59 85 3142
10 46 3100
81 91 3217
34 50 4498
74 95 1152
66 95 3000
52 84 2445
65 88 3022
77 89 4437
44 84 4135
11 95 2583
4 51 2546
11 23 4223
13 52 1464
85 98 392
39 62 3169
43 65 3783
50 88 3577
77 94 2530
36 78 1651
19 67 3612
28 50 3412
59 73 1776
24 58 504
4 82 4105
13 72 4470
48 74 2721
35 81 3110
16 70 1630
13 18 4255
5 9 18
94 96 694
12 45 3042
78 95 4246
19 72 3484
20 56 4778
34 67 350
13 77 697
11 83 2504
88 96 410
35 72 3761
25 93 1004
2 29 3546
46 86 2852
5 32 4914
8 22 3285
2 44 4683
7 59 1643
64 92 2557
28 54 3296
19 37 2830
23 52 308
50 94 2520
18 19 3969
6 12 3687
3 84 1277
12 50 4645
3 40 1140
33 85 4656
33 46 4751
13 85 2435
64 72 648
73 99 1442
32 72 3953
27 44 1696
69 89 3317
69 88 3027
0 20 3165
59 71 4896
52 94 3939
82 88 632
76 96 3133
37 79 3667
91 95 3626
20 74 3551
32 79 2544
61 77 2993
86 90 4106
83 85 1686
1 58 683
10 29 3422
3 34 4600
29 49 4801
31 34 853
41 81 4621
36 72 3570
3 96 2569
42 88 1113
16 37 4943
46 56 4577
13 23 3741
72 80 4060
29 88 2610
60 87 2819
18 33 1169
1 60 3277
28 55 2546
21 22 4151
48 99 2713
2 19 629
22 97 3978
34 84 4714
26 68 1337
55 65 1064
55 71 1931
3 26 951
41 79 2856
41 51 1118
79 86 2096
18 76 4143
52 95 1735
1 67 3775
68 75 713
56 97 3772
8 42 2984
9 36 1806
65 76 2793
35 74 1312
6 81 2733
19 30 4279
32 78 1771
29 97 470
36 51 1393
6 30 3417
70 86 961
22 80 4475
22 25 667
17 96 4253
43 92 1817
49 96 494
22 48 4225
61 80 1581
18 85 3871
20 26 235
22 70 4236
49 57 3554
21 98 580
67 78 4364
65 68 2418
94 99 811
59 70 1482
82 97 4601
24 84 1793
44 86 3994
70 75 2152
29 76 3289
1 98 2066
3 22 1576
96 98 3691
56 88 4488
25 33 1477
32 82 957
32 86 4359
47 50 3296
23 71 142
37 50 1900
4 57 92
54 56 3066
4 78 50
11 79 3691
37 95 4158
8 39 541
61 98 3903
26 63 4130
9 40 3563
8 29 2697
81 98 3352
0 3 3704
72 73 4496
14 43 217
11 43 3273
4 45 4833
29 99 4071
66 68 948
36 89 4463
50 78 117
11 46 3765
8 73 4389
45 57 4308
22 32 1650
45 86 4694
10 98 760
15 74 2165
25 67 530
16 96 3808
59 69 2188
47 51 1159
29 77 1146
34 62 162
16 22 2165
25 32 3973
33 88 4688
3 82 747
1 57 1552
31 94 4364
27 66 4040
4 69 3005
8 78 3584
17 70 3943
67 89 1193
20 57 354
8 95 3271
18 21 3063
6 85 686
26 40 4103
38 42 2320
7 88 1148
9 71 2626
36 47 4690
18 80 887
6 94 404
38 64 4304
6 10 2397
22 45 4927
24 88 4579
39 67 4846
75 95 4829
35 43 4770
39 43 4671
23 82 1482
42 84 3291
90 97 1150
13 78 2954
15 87 1925
2 17 2909
16 83 429
18 74 1865
56 66 3108
4 58 2500
46 93 1241
62 89 2599
0 65 4062
35 94 3148
19 28 4664
7 77 4136
6 15 3545
14 90 2292
69 99 3840
77 82 1036
59 96 1740
29 65 2234
11 16 1022
25 51 4921
16 91 2368
66 81 1783
24 51 1260
6 26 4794
9 37 4328
45 58 64
35 48 4592
2 31 2917
25 66 472
71 78 4917
0 43 4202
30 74 1547
1 74 3832
28 53 1942
65 87 2721
26 84 4664
35 88 1618
0 8 862
4 65 3123
41 90 2347
4 67 3682
51 56 1322
22 38 4278
21 72 3792
47 78 471
21 99 3267
14 33 3135
50 71 3940
34 88 313
8 37 3136
31 55 275
3 5 867
2 93 4430
23 47 1391
57 61 869
12 69 1862
22 42 3823
26 59 286
32 37 3944
62 97 3321
2 86 3819
3 59 4852
9 75 4104
10 27 3777
30 54 2614
16 66 1128
1 88 1433
49 77 2765
36 97 4021
25 45 3242
25 58 3380
44 93 3578
16 64 1700
50 82 2584
15 40 2588
75 86 4913
5 61 3912
12 61 2241
7 53 1695
85 89 418
83 92 4279
7 33 2455
18 77 2269
44 52 691
28 42 2690
90 98 14
13 90 1202
39 56 3381
29 51 1551
0 35 2126
70 88 309
40 86 3722
62 67 1635
40 97 288
15 69 247
5 68 3515
6 24 3027
55 81 2169
25 57 4065
46 75 4748
56 98 4245
5 25 1366
1 36 3809
92 95 2991
82 92 329
19 88 392
27 40 1840
15 45 949
76 85 1769
44 74 2602
39 93 3682
11 15 792
48 53 162
4 81 4189
24 54 2788
33 37 4612
30 86 3138
0 34 1900
53 55 1162
14 50 942
47 83 1713
76 92 2982
2 80 3873
54 93 3753
47 71 781
4 74 4870
42 99 1432
24 72 3438
27 43 3359
49 62 1469
3 27 3286
48 83 2025
4 24 447
5 20 30
0 1 3690
13 83 2370
20 90 3649
23 81 4826
58 80 2331
57 92 3441
11 70 2688
3 15 4644
20 37 1608
44 82 4337
5 15 2545
55 56 4769
33 90 555
42 83 3236
72 93 4861
30 43 1785
91 96 4615
74 88 4028
0 44 2555
33 64 4623
40 96 2372
22 50 562
13 25 2655
64 73 1418
41 62 685
9 90 416
32 85 4242
48 64 4557
28 51 1041
25 38 3822
1 90 966
84 92 3875
33 96 164
13 69 2396
22 44 1910
35 85 643
19 47 3914
6 63 800
65 75 2544
0 4 262
15 83 427
49 94 725
89 98 1011
42 82 367
56 81 3296
59 60 1611
23 51 4357
30 51 2260
18 22 1557
5 16 374
64 80 1483
13 81 993
42 60 3666
34 94 654
5 19 630
9 73 957
40 54 1937
14 67 1019
12 48 4149
42 95 235
54 59 130
11 17 4173
69 87 736
38 54 1000
16 42 978
12 80 2753
23 28 2566
5 59 2952
17 79 482
48 70 883
52 60 547
38 80 4913
38 53 4559
18 24 4510
17 50 867
23 72 186
21 49 1755
10 68 693
30 40 456
22 98 3404
47 59 1724
0 33 3489
22 24 4666
57 58 901
15 79 1018
31 80 3843
65 89 2009
52 96 811
2 18 4312
51 80 1881
3 38 3444
4 73 197
7 84 261
17 56 527
13 22 898
71 99 1368
76 99 2678
23 63 3576
44 99 284
66 82 3587
17 49 1883
50 89 2748
21 36 3514
40 63 1418
61 90 2036
49 52 1571
42 69 3431
22 23 2433
40 65 1819
44 54 2400
8 26 2820
29 35 1871
30 56 3623
8 63 2053
85 99 2517
2 28 2674
4 23 4529
46 81 1850
17 85 4307
55 99 1710
6 90 4166
16 54 3778
57 98 2687
27 83 3260
3 10 547
21 81 3800
14 70 3104
40 73 596
57 95 2614
36 62 2464
30 77 3282
22 73 275
95 97 4427
9 63 4936
55 98 1001
1 89 2499
40 75 3465
8 76 3068
36 45 2535
28 91 3169
56 67 1563
1 69 417
53 71 3884
90 96 1779
7 64 2423
39 66 4452
51 96 4335
15 42 3144
53 57 4941
6 77 1070
78 80 4928
86 91 539
0 11 1541
39 45 2649
60 66 3743
72 77 866
12 62 461
63 92 4028
5 26 4016
9 31 4558
34 77 745
28 71 3433
93 97 1649
8 56 1711
70 92 959
57 86 3230
9 45 381
35 96 2020
50 85 4213
14 29 2839
69 98 2881
6 33 667
86 96 408
30 65 3029
16 71 4489
19 49 2685
12 44 1731
8 58 1918
10 28 2961
22 83 4616
28 32 1158
19 51 970
39 78 3988
79 80 1590
7 78 2618
14 82 2881
27 79 1107
40 85 3228
8 36 877
2 99 1334
51 88 1555
16 67 2823
53 87 1518
15 22 832
63 82 4461
55 66 2616
49 90 4321
50 64 2506
10 86 3910
12 27 284
5 7 1973
39 74 4607
8 14 2454
18 92 2911
30 94 1374
46 78 117
44 72 762
63 64 111
57 64 2114
63 70 3123
27 72 1879
33 94 3726
37 73 4647
51 97 925
71 97 2702
14 42 2899
3 60 1747
7 11 4840
36 50 4070
8 27 945
36 39 1015
12 34 4624
9 22 1738
22 58 3611
67 76 4410
12 38 3331
47 70 2658
12 35 4244
2 71 1929
90 93 2521
38 81 3131
5 38 3789
32 83 1107
10 41 1233
4 94 4702
39 83 3548
66 93 2259
30 81 4109
37 84 2946
22 74 1650
19 87 3323
23 32 3050
57 97 2625
9 24 3498
4 27 1226
12 71 1825
23 49 3041
50 68 993
71 76 2751
33 67 4825
53 99 653
9 48 3909
38 86 375
0 97 2391
72 84 2211
55 68 266
71 96 4881
78 88 4601
17 41 1514
8 20 4782
6 47 4902
34 36 803
10 49 3674
27 98 2985
26 34 2541
77 81 2934
2 58 4840
57 78 1852
66 79 1071
38 55 4482
3 13 4523
5 45 4771
37 59 4583
65 93 987
85 97 4578
41 97 558
33 95 1903
3 36 196
4 41 4412
25 53 1308
15 34 847
22 54 389
85 94 2406
91 93 1021
55 92 2164
13 74 918
44 97 1399
39 69 4379
48 86 3095
25 70 3107
4 13 726
5 58 1434
16 68 2702
61 96 2804
8 61 1346
11 91 4886
73 94 837
8 84 1493
69 73 2363
73 88 1764
23 66 2545
21 67 721
53 77 923
6 53 930
75 96 3959
80 82 4574
41 88 2335
36 98 907
44 88 3024
26 27 4119
20 30 997
57 76 1711
17 53 3441
84 99 4402
84 98 1939
20 94 1719
8 47 2832
5 52 135
27 78 1016
27 86 1951
44 63 4325
52 75 2471
18 56 3096
15 89 2162
70 93 4791
40 74 3627
56 93 3491
54 75 2549
16 55 3763
11 18 3148
16 62 3154
10 78 4032
16 39 3388
86 97 1610
9 34 1829
24 52 4790
10 62 4371
42 49 527
9 80 517
21 77 4411
23 50 1318
7 21 2574
68 92 1598
0 81 4519
21 88 1890
75 85 169
20 24 3590
20 68 1219
20 21 4619
29 32 3183
4 61 4080
9 12 4261
21 90 1862
45 60 2750
49 71 1964
17 44 849
71 74 4748
5 36 884
35 56 627
12 60 627
14 93 4233
39 41 1126
47 91 669
43 83 2498
56 68 4697
39 50 2491
1 31 1926
9 77 4785
7 92 1520
2 50 547
54 92 4390
48 69 2125
61 74 1143
12 66 4373
4 68 3284
10 91 2983
60 78 1252
57 96 4230
31 45 2253
8 70 547
13 14 2956
18 95 2707
10 70 2747
22 91 1176
25 34 4820
4 34 2136
25 98 2717
61 99 497
32 68 614
25 29 836
67 95 27
37 43 4168
36 83 4285
45 66 3069
50 95 1016
30 44 3667
46 79 1557
11 85 966
38 83 1207
18 34 4948
0 66 1639
5 23 1800
14 76 4033
35 95 1744
89 99 303
20 49 3498
61 63 2732
41 67 843
36 37 393
60 83 4702
41 89 2208
30 79 4197
35 83 2254
59 80 2554
46 91 1413
54 58 53
34 81 2169
26 54 648
21 97 3022
80 83 2442
33 57 2202
7 44 3015
6 29 1049
4 48 1130
9 94 3804
36 86 2378
74 83 3278
45 88 196
11 86 1342
9 46 4820
23 39 753
71 95 1608
58 97 2618
3 21 662
37 41 3986
3 48 734
18 25 1336
18 40 2508
27 38 3360
76 91 3490
0 48 4184
11 12 1671
5 72 334
3 74 1750
19 36 3378
38 57 1834
90 94 4210
10 32 1551
13 17 544
18 55 1859
21 89 3917
19 89 3446
37 61 3201
26 43 4869
10 56 3099
21 26 531
1 32 3423
53 98 4740
9 96 734
77 95 1425
53 68 1390
9 84 3589
4 11 951
48 67 1558
72 89 3352
35 60 521
36 68 2740
24 95 3749
39 82 1318
0 60 749
3 11 2916
15 85 75
50 98 3495
14 37 4571
0 6 2564
66 96 2340
23 69 1215
65 85 1040
46 89 1328
65 69 1125
1 10 777
44 66 2699
15 31 2991
65 80 2626
40 80 3611
71 87 278
51 75 759
33 99 1178
55 89 3370
2 48 457
48 89 4077
11 78 4546
12 49 3725
47 80 4393
70 89 379
4 18 2324
10 30 683
87 97 3539
17 43 1493
77 83 3655
27 61 2325
39 44 892
35 75 4757
16 97 165
25 99 2456
10 88 4146
17 48 229
14 87 4158
55 83 2637
16 49 797
52 73 1473
18 28 4087
18 30 3468
29 85 1762
17 81 2766
22 52 885
41 91 520
28 70 3515
28 43 4316
30 49 1230
22 77 2059
51 83 4345
17 72 2617
25 42 944
41 44 1841
9 51 4211
3 81 2694
23 24 2361
69 82 2577
6 11 841
45 71 1967
26 80 4809
17 23 2852
76 93 1485
50 96 3859
21 54 4250
2 73 649
56 73 799
33 74 381
19 54 4389
63 84 761
70 71 4678
15 48 1613
40 92 1380
84 89 3877
10 77 3732
73 89 361
38 73 3002
5 27 4935
42 81 1430
16 88 1495
36 84 4016
2 36 1312
25 31 1617
55 62 3005
3 29 4186
10 38 2176
25 64 1062
29 74 686
46 59 2099
58 64 3476
3 35 1884
37 38 4550
2 10 1296
38 59 1772
27 70 3545
41 96 3421
40 60 1275
14 35 1675
17 21 3826
80 87 1729
66 76 4035
36 46 3408
61 94 3752
6 41 4117
23 31 19
55 86 3529
0 70 1346
25 91 1887
8 45 1238
67 90 2048
15 36 552
14 19 1459
47 54 3543
67 68 1269
3 24 2186
26 95 4910
6 45 4485
7 47 428
35 82 1509
12 94 1048
0 99 1349
66 98 4393
46 82 3710
62 64 4896
49 58 1356
16 35 11
27 56 422
17 77 2228
78 86 1179
8 72 3050
6 73 4558
66 92 3814
33 40 1134
26 37 171
80 85 911
1 12 3772
39 49 1520
6 66 78
33 49 2821
63 68 3226
40 49 2984
53 97 3252
80 99 3193
29 55 3865
25 39 2013
73 78 2005
68 73 1871
21 65 1473
63 69 82
20 71 3315
28 74 2798
15 90 335
11 76 279
3 7 4916
44 79 497
10 50 1917
54 57 3758
9 30 394
25 86 4603
24 97 519
17 31 3848
4 93 923
16 80 169
34 78 2740
4 76 3177
26 71 627
52 67 4563
43 75 2801
4 64 1303
24 93 4928
3 95 414
43 63 491
48 88 1151
36 64 4354
21 46 606
29 47 566
0 73 2172
15 66 3902
34 69 1158
8 82 2220
34 58 338
37 92 2090
20 58 353
68 78 2238
2 39 3126
27 95 1566
23 41 2018
20 70 3357
48 95 2624
47 98 3518
37 72 4054
12 22 361
28 30 2033
46 96 3364
36 57 2594
2 35 2623
64 96 1432
17 71 536
12 76 643
45 90 2047
43 61 376
0 40 3562
4 87 3038
32 50 3552
34 48 1990
18 69 3186
25 69 3751
74 99 916
13 53 54
30 98 1668
38 72 2161
19 40 3078
7 31 3693
73 96 1357
7 66 2087
6 43 1774
48 85 3560
62 81 197
19 93 3447
22 89 4198
52 78 4411
65 90 3763
78 91 415
31 77 4364
1 45 1173
7 30 4110
48 81 3805
32 60 1887
15 76 1864
54 87 3703
39 87 2595
15 28 1078
46 57 3982
33 50 4773
12 63 3805
26 53 1969
48 73 3746
5 87 3949
12 57 3807
12 40 3262
29 89 1793
23 78 579
2 98 2139
1 84 1934
5 98 4465
21 84 1971
45 47 1944
25 97 2051
20 64 3717
15 78 2996
23 60 1073
53 67 1057
29 53 1423
37 74 1535
9 38 994
5 29 4689
41 98 2804
41 45 3402
13 40 4755
36 55 273
37 69 3932
12 70 2767
64 75 4902
45 79 2971
67 98 3208
80 84 3715
17 62 2554
22 87 3901
44 48 283
62 93 3390
25 94 1387
24 61 4063
19 95 2409
57 90 3683
5 10 4212
37 67 516
37 89 2783
61 91 1722
73 98 3283
11 50 4288
1 28 3158
21 38 2482
53 92 4439
6 55 232
75 98 1143
26 46 637
9 17 1928
54 86 1652
6 88 4813
49 85 4369
78 92 4090
1 78 512
65 83 1360
76 81 4855
5 81 4105
8 89 3986
39 88 1431
68 90 2645
7 14 3895
36 85 477
6 78 1374
1 95 3423
28 77 2868
31 60 2763
4 21 4489
69 94 2925
58 69 3944
48 60 1579
13 61 1369
18 83 812
7 29 1497
28 94 3479
35 36 3225
20 95 3984
91 92 2205
9 49 3912
49 74 1121
20 53 501
38 77 3368
1 20 2285
87 96 439
55 84 532
37 47 2698
19 86 2669
6 35 682
88 92 3017
84 90 4213
17 98 806
25 30 3365
53 70 2310
43 68 2219
73 80 334
18 75 3082
45 51 3949
35 44 1222
6 71 4727
31 43 925
10 16 3364
10 99 4896
19 58 398
17 95 3071
41 66 2682
5 11 1026
9 55 3794
33 36 2668
0 87 1234
58 66 1561
37 87 1840
3 46 2860
48 63 35
36 60 1064
77 91 749
75 89 2807
56 58 2832
30 70 1878
20 85 3937
58 71 4850
46 94 3968
23 26 330
8 53 2381
1 2 2781
34 45 467
36 41 1013
88 89 1642
5 97 4099
31 49 4275
38 49 1369
22 99 1978
3 71 3855
2 59 1423
19 48 643
46 68 1827
65 70 3336
37 90 3286
10 64 321
12 25 966
3 47 2476
87 94 3886
45 70 1745
9 88 4242
40 64 4731
38 71 1076
39 84 1301
18 48 3412
75 99 3734
80 88 4045
61 64 193
2 72 123
11 39 2660
26 57 2698
8 31 4192
46 77 3354
41 50 2730
33 63 2308
25 95 255
11 73 357
26 87 3869
34 57 237
0 17 1837
87 93 89
24 94 2947
22 41 763
0 58 3005
0 51 396
38 44 4653
32 36 4067
33 44 1211
1 43 2181
50 91 1091
54 95 551
43 88 636
66 72 482
41 70 595
45 46 4092
42 85 4659
44 87 981
40 82 4723
73 81 2304
26 65 868
27 68 2809
42 45 4497
32 99 2399
79 96 4106
4 97 2297
52 79 1573
11 22 691
33 60 101
44 94 2307
25 75 3698
37 56 3807
25 81 4317
5 14 3516
39 47 230
32 51 3818
4 63 3079
71 86 2562
36 54 296
7 35 3450
18 62 2614
29 34 3308
92 94 926
25 96 1272
21 45 1835
40 59 793
15 91 4623
59 92 1941
1 87 2212
16 78 3167
20 62 4811
43 54 3746
22 33 4162
51 74 4590
11 98 4282
3 98 1836
59 88 357
7 24 223
41 57 197
25 65 3273
22 57 2004
29 60 4011
12 79 3827
21 61 2684
5 33 113
48 77 4322
78 79 1685
77 90 867
88 91 3350
3 83 3639
17 92 2024
62 82 4050
46 99 912
40 89 4327
29 44 3472
60 70 222
19 77 4316
29 70 2906
45 62 2283
60 82 2382
12 86 4634
0 79 2881
3 44 2083
30 46 3103
27 99 1338
27 92 3440
64 76 3506
3 69 2815
55 96 1794
94 95 2113
46 61 1452
45 80 894
26 92 2066
64 97 4102
4 14 2658
47 89 4272
79 88 1928
26 96 2412
19 70 4422
7 60 4464
76 83 3776
21 44 3167
34 65 3525
0 42 2105
9 21 820
15 98 1474
10 65 925
46 55 1398
20 89 3439
0 84 2769
17 20 3161
48 96 2957
40 93 1674
24 35 765
3 90 1956
1 33 4918
48 56 2320
44 67 841
68 94 3820
19 65 558
63 85 193
39 57 2778
83 94 3814
35 39 3808
68 79 4501
13 96 2107
67 79 1481
35 97 3109
2 82 2092
37 76 4374
28 60 623
8 17 3959
8 90 778
51 53 4790
18 93 4035
63 95 3283
25 83 4468
4 20 1872
24 92 3209
36 93 4744
41 83 1776
98 99 3459
80 96 143
43 66 3905
79 89 4599
56 87 3239
49 70 365
10 94 1410
56 61 2243
3 16 4666
38 41 4429
2 54 360
18 94 2454
37 46 4293
58 81 193
67 83 3459
34 74 535
54 81 3668
7 69 180
49 50 2681
64 69 2804
30 42 3216
34 89 4072
49 79 4344
23 99 1885
15 19 3363
3 67 3979
8 38 4051
95 98 866
38 68 486
6 76 3878
19 82 4834
13 88 703
19 21 3128
30 89 4500
62 86 2361
47 49 3129
42 63 653
49 73 2893
26 52 2437
61 89 4168
11 92 3457
55 58 1613
54 79 3502
60 94 3866
59 78 1266
71 80 1388
31 63 173
77 99 3864
49 80 2177
34 92 2191
11 69 2019
13 16 1442
50 81 3712
5 49 3778
5 46 3833
36 38 1453
7 94 4331
27 35 4310
35 57 4405
9 43 453
58 98 128
28 47 2867
2 14 2867
53 76 1322
25 71 406
15 27 2585
43 46 36
8 93 177
29 73 2106
42 72 691
59 87 21
26 91 2397
54 85 4482
48 90 2498
30 90 3708
31 38 3344
0 56 3913
1 4 4454
81 90 1177
16 99 3614
75 94 3697
36 75 2477
31 39 1390
30 47 3473
11 94 3800
20 63 4583
13 94 2298
31 69 3056
42 52 413
21 34 3486
18 42 3788
0 88 3470
24 41 3976
22 88 2611
12 41 4518
15 80 253
5 83 4317
56 75 3669
69 97 2299
91 94 2580
15 56 3282
52 90 919
23 68 3379
0 23 3599
22 85 743
27 57 3324
24 77 3709
7 57 1956
43 55 1113
12 98 4143
10 31 2359
22 53 3098
89 95 3472
4 33 4738
42 86 3060
9 35 3618
15 70 1603
35 65 2857
74 90 3185
22 55 2035
64 93 1650
24 47 4583
18 61 1348
1 48 975
32 67 4719
47 77 617
8 34 4019
82 98 1451
46 71 3978
77 80 2742
47 99 2848
8 91 400
4 43 902
25 84 2401
43 84 4549
4 16 660
19 75 3595
23 67 1600
63 98 3431
29 82 88
57 79 3115
19 97 3818
23 64 4143
25 89 3704
47 58 3789
20 28 4888
41 63 4156
10 60 4723
51 84 174
35 54 655
84 91 3611
49 97 2911
64 89 4045
7 97 4471
65 99 2094
43 73 2365
53 72 3196
2 81 263
2 47 1588
87 91 3382
43 69 2882
52 77 2279
83 93 358
32 59 2565
31 93 3406
8 81 294
70 85 443
28 66 1640
3 14 3109
20 43 4726
22 27 1847
0 26 2759
24 45 4864
12 53 2374
15 95 1434
2 64 3825
7 22 4381
36 63 2852
17 22 2477
6 82 4401
12 74 2045
46 58 413
28 31 2949
36 53 3746
18 23 1684
77 98 4202
39 81 2627
13 99 1941
49 99 1629
7 38 1089
87 89 3182
90 91 3230
36 90 4232
19 64 1736
60 79 441
28 85 3373
11 66 4843
37 44 3271
3 32 3191
6 65 3324
28 38 4162
8 9 2978
11 45 3704
79 91 2982
69 72 4142
85 87 490
60 62 2717
41 71 36
12 31 902
2 61 4056
3 41 2744
36 70 1093
36 52 3962
37 40 2660
97 99 2269
16 84 635
23 30 154
39 68 4411
75 97 2384
35 42 815
71 79 3
26 32 1782
3 89 770
6 49 918
4 32 839
45 63 2586
86 87 3242
19 83 1973
38 99 472
35 89 638
13 95 1992
53 78 920
30 60 619
32 80 2332
14 40 558
2 21 1901
2 26 3179
61 70 1996
11 13 43
76 80 1298
51 52 3153
8 30 2013
33 86 192
66 67 45
41 56 4500
27 96 170
47 92 2190
38 62 2409
17 87 461
20 46 95
5 93 1910
15 65 2185
74 84 3266
73 84 1245
14 54 1479
16 47 1721
56 57 3494
52 92 2961
21 39 4069
5 31 929
53 84 1409
36 43 2179
20 42 4116
57 63 4595
13 56 4228
41 75 3320
16 21 1258
19 55 1119
75 76 114
25 60 63
29 52 1830
44 51 1915
40 76 4065
43 80 1490
5 57 3538
4 38 3774
10 37 182
16 44 2970
75 81 2201
31 50 969
13 31 1105
52 76 2326
2 67 2563
8 59 1233
28 59 3122
22 46 561
12 97 4772
6 89 3368
25 28 3684
31 62 1945
0 38 72
74 96 1775
37 99 4349
8 57 1355
11 58 1861
18 71 70
60 75 1889
9 16 4492
2 83 796
17 46 4077
41 76 355
80 97 2015
1 23 4897
1 7 2824
7 13 2036
14 18 1913
74 79 168
7 41 3339
60 67 1784
8 75 2611
38 82 1170
30 93 152
54 98 2385
68 80 4269
5 30 3724
18 60 486
60 99 4535
31 76 1604
45 87 631
70 81 2126
0 47 413
69 91 1156
31 67 948
68 89 1814
73 97 1822
3 72 2072
33 45 2389
36 42 4351
0 7 1754
22 35 3975
7 71 2416
47 61 2576
23 58 3324
51 64 2304
31 68 2585
21 80 4792
33 76 1522
5 86 4303
10 34 947
65 97 4495
20 47 3917
3 91 1852
20 86 2791
34 68 3842
60 71 4444
3 4 1328
23 29 3236
43 62 2418
28 52 483
5 77 3255
26 94 4135
21 24 1467
72 97 993
11 65 2264
29 98 2097
67 96 3697
46 66 2705
14 64 1922
34 64 2545
61 83 762
34 54 96
84 94 2192
21 75 1884
46 98 16
31 98 2258
57 67 425
3 61 2329
38 94 3874
13 63 2351
18 63 3819
48 76 1173
38 39 4271
12 96 1986
6 86 3528
43 81 4788
30 67 4259
5 63 1681
17 67 486
4 56 1084
66 94 3758
45 92 2416
63 96 732
3 77 1816
48 82 3505
37 49 4003
70 76 1564
39 46 1612
81 93 417
37 55 278
5 56 1529
76 98 2318
45 91 4702
67 92 2258
56 83 4634
68 97 2758
26 70 204
13 41 35
3 68 710
31 33 2053
42 44 1764
18 53 3988
36 44 4002
58 79 4092
63 91 2592
58 65 3138
43 99 4665
25 43 3420
31 72 4576
55 72 4167
29 95 3896
10 54 1339
18 44 63
14 60 1499
36 61 524
52 91 3838
51 66 1975
8 77 4691
22 66 2477
6 74 3812
49 68 281
71 75 3908
61 93 3278
11 48 4178
25 77 2243
15 17 4609
28 37 1649
56 69 4110
40 83 4495
32 61 4521
31 51 46
4 95 3448
3 9 552
46 95 861
72 90 623
16 38 4199
58 89 3008
15 97 3248
35 98 4891
2 37 4180
45 95 2329
62 79 2029
23 43 1237
0 67 830
4 99 410
88 99 1508
18 66 4369
60 95 1884
3 92 4210
86 93 4340
56 82 1424
12 67 4419
61 85 4060
60 97 4189
67 72 4258
13 66 2004
23 57 3873
8 55 1087
52 54 3514
39 42 2181
7 15 2763
12 20 4151
7 70 1931
77 79 3461
14 38 3958
39 53 3008
61 97 3178
23 93 303
72 94 1889
60 90 1900
10 61 1513
14 21 4650
19 90 1062
51 55 3283
13 76 3381
73 90 3609
50 67 4759
38 89 2789
70 78 2210
39 98 3581
38 88 3947
18 70 2782
15 51 2424
5 39 2465
21 25 4030
51 54 2518
10 82 2805
74 86 4016
6 14 2613
13 58 1796
23 89 4826
27 71 2661
12 18 4898
51 94 2494
11 21 4566
62 80 3094
20 44 4598
13 93 2404
12 95 4327
23 44 1346
86 88 2873
25 35 1954
66 69 78
39 51 3478
44 53 1520
27 28 1159
75 82 1370
40 99 4766
27 55 1771
42 57 4186
12 17 3613
43 72 48
17 26 4297
73 79 1143
45 64 3263
26 58 3480
19 20 3171
60 89 3133
26 60 3727
83 88 709
83 99 231
14 77 4298
73 85 4171
35 90 2323
83 86 3393
11 42 2663
26 66 1227
13 82 2375
77 85 4366
8 10 3697
26 99 3571
19 32 1128
63 74 2771
38 95 986
74 81 4390
56 63 4671
56 90 1842
50 52 1196
40 46 3736
47 68 2338
64 99 3055
23 36 169
47 69 4801
7 74 240
49 69 2934
10 17 2034
56 99 360
24 39 4593
60 77 2673
2 52 2130
12 23 2961
0 86 4138
24 90 3822
39 85 326
14 61 358
73 74 1505
10 73 2068
44 55 2604
37 62 1673
48 79 1663
6 51 751
81 95 2550
7 75 2051
28 34 3527
46 60 513
12 87 1999
33 38 3559
19 60 3569
55 85 4607
54 80 1869
11 87 2419
6 54 2966
23 73 167
55 78 1834
28 40 4161
7 50 2938
9 99 457
24 82 4556
69 74 4811
15 92 2037
77 84 3730
26 56 1802
66 78 1001
43 87 3887
62 90 361
67 84 2934
7 68 138
30 37 2151
1 99 1739
13 20 1371
33 43 4100
64 91 4738
63 80 3517
25 68 302
6 69 276
25 63 3957
64 87 3664
12 90 3487
50 83 3972
31 82 2592
70 87 4678
65 71 3689
42 73 1666
57 75 325
34 72 4654
34 56 4470
44 61 2110
93 95 959
39 59 4224
33 93 4909
10 15 3028
33 75 3456
58 86 2659
14 96 2298
35 66 1359
36 96 1257
64 98 1995
79 85 1818
10 33 4398
45 59 2414
81 94 1972
33 51 81
14 56 2700
17 61 4228
18 38 4045
30 59 4094
45 69 2247
11 62 3356
85 91 1795
21 71 2663
78 81 909
5 24 2779
34 82 3104
6 96 1990
46 92 3861
60 68 1269
72 81 2871
6 20 3388
19 84 2902
68 82 4706
53 82 217
48 55 333
51 91 3995
52 87 4406
68 69 1683
30 66 787
2 15 3270
16 65 4318
0 28 4746
5 85 133
7 96 4530
2 6 4898
63 76 4861
38 48 933
67 82 3068
14 78 3786
49 60 717
43 50 1241
33 84 271
29 40 483
53 88 3385
5 64 4588
88 90 497
32 44 2359
23 40 2748
58 75 259
40 43 4240
55 87 915
48 71 2710
10 79 3265
68 86 4649
19 26 1367
6 68 2016
56 71 1044
7 82 4343
54 90 2673
90 92 4154
24 57 4358
1 18 2082
48 54 2135
4 30 2125
21 63 1482
93 94 55
13 65 1060
7 55 3005
31 48 3819
1 76 690
19 80 1777
25 72 1749
35 46 2078
38 85 3911
1 15 4539
9 67 4826
33 54 2830
70 97 242
15 50 3774
50 56 2122
15 86 4503
16 34 2194
49 66 473
24 32 200
0 64 429
10 58 2975
27 94 3825
44 64 3262
67 94 3356
13 24 2234
1 63 2074
12 77 2989
22 71 2465
84 95 2226
61 78 2552
18 73 4583
10 76 4844
42 61 3581
18 99 4432
53 73 1933
23 59 1207
23 46 4754
31 41 962
23 75 303
59 93 2269
62 83 743
43 98 2690
18 52 2210
4 50 1879
58 73 3507
25 90 4237
14 27 3017
11 93 2068
46 49 935
26 55 477
19 34 1737
0 15 3862
24 37 4309
29 42 1059
32 71 2357
40 57 2892
7 85 2211
2 75 1658
77 93 4079
27 52 2766
68 87 3436
3 75 480
67 81 2745
61 65 3828
50 55 94
67 71 2193
16 29 4115
5 78 178
49 88 1679
43 97 49
8 50 4934
30 85 382
34 75 1623
8 79 3475
22 78 1339
32 47 4472
26 78 2171
38 40 1044
14 51 126
37 94 2059
67 75 246
4 46 2916
2 84 4450
6 17 2404
78 93 4665
27 76 1143
15 23 4318
17 54 1335
3 86 774
7 26 642
10 59 782
28 90 1616
11 24 1785
26 48 4286
36 49 3082
28 63 776
10 92 1511
52 81 4015
35 67 64
10 90 686
51 63 4000
10 69 3396
69 79 1255
38 56 4123
40 84 3783
43 52 4522
11 60 4790
50 99 853
27 82 2006
12 54 3434
3 66 4897
60 96 1430
24 73 3695
34 71 3133
9 60 2828
25 41 4155
1 73 4387
29 36 4453
69 76 1020
24 86 37
23 96 1230
41 54 4214
15 96 65
12 59 2062
46 52 4787
11 27 1475
70 91 3597
9 15 3372
37 71 4873
14 71 3360
30 91 2988
17 18 705
33 52 737
3 45 79
19 38 3244
32 70 253
17 86 438
64 86 163
14 98 638
12 92 633
39 89 4761
50 93 2261
21 74 3850
21 47 983
75 90 4750
33 78 2968
70 77 20
8 24 1073
30 36 3416
25 74 2721
27 59 3209
74 85 1218
31 79 3671
7 49 1406
4 75 2994
25 47 4412
45 74 3745
16 77 4033
54 61 3597
55 59 592
4 96 1481
68 93 1305
10 11 385
12 46 1612
29 59 967
87 90 1945
9 59 2880
14 79 3682
26 88 4295
26 62 2520
5 40 945
58 95 1970
51 57 4483
44 92 3575
29 33 4941
31 85 1475
1 75 2114
18 72 3771
63 90 2292
71 72 1251
15 94 2619
48 80 1877
69 85 4400
31 54 2211
22 62 2448
16 75 1231
66 77 479
37 88 3193
55 57 2365
59 84 4033
48 84 4657
53 83 1408
8 46 3736
45 72 3634
16 90 984
15 58 53
6 19 4465
24 75 4707
2 16 1894
28 62 329
39 63 3574
17 36 1803
51 65 3754
42 65 742
73 95 3397
55 79 2357
75 88 3603
63 71 2154
6 34 236
28 96 3144
67 74 739
6 56 2229
11 81 3794
7 48 2048
48 98 4529
26 79 211
4 66 4801
65 86 1036
7 39 2957
15 20 2133
63 66 1651
2 22 3689
0 19 4632
57 80 2898
12 19 946
26 28 2787
2 7 2709
5 75 46
51 76 436
21 66 148
22 79 1912
59 91 4150
23 84 4854
46 76 148
12 65 3282
19 91 2485
22 34 80
50 63 4132
3 31 447
7 58 108
10 74 1662
44 62 4309
24 59 199
64 88 1176
13 51 3353
63 73 2673
50 66 3187
36 87 1607
69 92 3864
20 51 3329
35 99 3306
51 99 3949
7 90 1409
36 99 2481
58 60 4109
65 67 1871
44 45 1134
65 92 2841
40 48 3284
44 95 1133
29 71 4400
22 47 826
62 70 2788
20 22 1596
37 66 1849
33 66 2938
33 71 4887
27 75 2997
40 94 3714
42 46 2726
74 94 3441
