100 4950
59 70 1000
37 38 1000
31 64 1000
59 76 1000
42 85 1000
0 81 1000
33 68 1000
38 59 1001
29 30 1000
16 31 1000
55 98 1000
30 96 1001
67 68 1000
26 39 1000
14 15 1000
10 90 1000
58 75 1000
2 55 1000
30 75 1000
12 52 1000
59 91 1001
26 82 1000
63 86 1000
13 34 1000
79 84 1000
8 79 1000
40 95 1000
27 60 1000
61 81 1001
2 48 1000
13 85 1001
5 71 1000
42 95 1000
32 82 1000
70 85 1000
28 99 1000
59 73 1001
63 72 1000
0 41 1000
64 95 1001
38 64 1001
7 53 1000
79 87 1001
44 89 1000
10 94 1000
50 56 1000
72 89 1001
53 92 1000
83 99 1000
11 71 1000
5 23 1000
56 76 1000
0 69 1001
45 50 1000
18 43 1000
8 86 1000
71 91 1001
0 51 1001
55 83 1001
53 86 1001
26 92 1001
13 32 1000
32 86 1001
20 45 1000
65 68 1001
9 12 1001
42 98 1001
48 51 1000
4 12 1000
17 25 1000
49 94 1001
30 66 1001
47 78 1000
11 30 1001
1 31 1001
13 42 1001
4 39 1000
7 34 1000
22 65 1000
79 94 1001
16 28 1001
37 98 1000
18 32 1001
13 72 1001
1 39 1001
8 26 1001
56 66 1001
20 62 1001
51 72 1000
16 87 1000
7 49 1001
24 39 1001
30 53 1001
44 57 1000
75 99 1001
35 50 1001
0 77 1001
8 9 1001
63 78 1001
26 66 1001
11 73 1001
0 7 1001
15 89 1001
46 79 1001
55 95 1001
13 52 1001
28 61 1001
73 82 1001
11 17 1001
28 90 1000
83 92 1000
14 71 1001
3 75 1001
12 31 1001
30 92 1001
50 79 1001
44 50 1001
14 60 1000
8 55 1001
28 47 1001
7 98 1001
50 74 1001
20 77 1001
57 63 1001
21 33 1000
46 66 1000
35 67 1000
69 87 1000
5 80 1001
76 87 1001
4 21 1001
26 91 1001
17 21 1001
39 96 1001
48 97 1001
61 64 1001
20 27 1001
36 53 1001
30 77 1001
66 96 1000
14 16 1001
17 35 1000
45 96 1001
20 54 1001
38 75 1001
12 17 1001
37 63 1001
38 66 1001
9 85 1001
3 13 1001
10 38 1001
17 78 1001
43 74 1000
11 45 1001
64 66 1001
47 95 1001
52 91 1000
4 89 1001
0 45 1001
7 11 1001
23 38 1000
4 16 1001
11 41 1000
14 79 1001
16 32 1001
19 58 1001
42 79 1001
29 63 1001
28 75 1001
19 32 1001
45 57 1001
27 94 1000
60 85 1001
50 67 1001
16 51 1001
4 54 1001
8 57 1001
50 90 1001
2 29 1001
29 43 1001
30 59 1001
79 93 1001
28 59 1001
55 68 1001
22 89 1000
10 89 1001
68 83 1001
32 65 1001
22 24 1001
30 98 1001
33 87 1001
2 41 1001
23 68 1001
34 85 1001
3 14 1001
5 91 1001
45 81 1001
37 70 1001
20 84 1000
2 75 1001
74 94 1001
56 80 1001
19 70 1001
17 89 1001
98 99 1001
26 70 1001
5 66 1001
23 64 1001
29 35 1001
51 58 1001
15 53 1001
35 76 1001
87 99 1001
46 78 1001
56 75 1001
3 57 1000
82 91 1001
12 87 1001
71 83 1001
64 99 1001
60 71 1001
4 14 1001
14 26 1001
15 98 1001
72 78 1001
34 91 1001
10 42 1001
20 64 1001
85 93 1001
64 78 1001
53 71 1001
31 66 1001
14 46 1001
41 64 1001
77 97 1000
82 90 1001
17 36 1001
37 50 1001
4 46 1001
57 61 1001
92 96 1001
19 53 1001
62 99 1001
7 26 1001
59 97 1001
7 72 1001
48 73 1001
32 39 1001
54 56 1001
4 73 1001
59 81 1001
48 72 1001
51 95 1001
86 90 1001
8 99 1001
48 87 1001
8 63 1001
57 80 1001
4 80 1001
6 25 1000
1 94 1001
27 51 1001
15 74 1001
69 74 1000
1 33 1001
23 89 1001
34 55 1001
30 72 1001
3 90 1001
3 44 1001
29 97 1000
35 88 1001
64 91 1000
20 55 1001
39 75 1001
63 99 1001
57 65 1001
9 27 1001
15 94 1001
42 76 1001
62 75 1001
61 94 1001
16 41 1001
3 9 1000
11 89 1001
28 52 1001
35 96 1001
54 82 1001
1 27 1001
51 73 1001
23 33 1001
11 24 1001
34 82 1001
9 16 1001
16 36 1001
5 8 1001
31 98 1001
29 90 1001
14 64 1001
12 85 1001
27 37 1001
57 69 1001
4 96 1001
11 42 1001
6 84 1001
45 72 1001
7 28 1001
5 13 1001
6 7 1001
15 93 1001
37 40 1001
68 87 1001
16 54 1001
15 59 1001
1 70 1001
82 86 1001
25 83 1001
9 45 1001
34 37 1001
0 67 1001
85 89 1001
20 35 1001
6 33 1001
28 29 1001
49 53 1001
49 73 1000
9 35 1001
7 15 1001
2 42 1001
51 97 1001
17 30 1001
51 78 1001
60 67 1001
51 60 1001
63 92 1001
24 37 1001
17 32 1001
38 65 1001
52 55 1001
53 96 1001
49 95 1001
65 88 1001
7 94 1001
32 99 1001
8 56 1001
20 90 1001
21 66 1001
38 54 1001
67 78 1001
86 89 1001
0 21 1001
8 71 1001
0 48 1001
55 65 1001
17 34 1001
21 37 1001
18 51 1001
3 37 1001
18 21 1000
21 68 1001
32 38 1001
47 99 1001
14 20 1001
13 63 1001
15 66 1001
53 66 1001
12 28 1001
4 11 1001
27 85 1001
51 96 1001
3 76 1001
29 67 1001
36 80 1000
44 68 1001
77 84 1001
12 81 1001
29 75 1001
16 84 1001
33 52 1001
10 67 1001
45 87 1001
81 97 1001
44 64 1001
3 10 1001
58 95 1001
41 96 1001
11 58 1001
26 94 1001
15 87 1001
11 33 1001
66 73 1001
20 34 1001
14 56 1001
25 35 1001
3 89 1001
52 94 1001
82 87 1001
6 55 1001
4 74 1001
45 51 1001
14 68 1001
24 73 1000
43 47 1001
66 99 1001
6 87 1001
55 72 1001
1 28 1001
10 32 1001
48 64 1001
5 76 1001
50 52 1001
20 44 1001
30 39 1001
9 97 1001
0 92 1001
28 70 1001
20 70 1001
34 44 1001
59 71 1001
14 61 1001
5 58 1001
20 58 1001
42 54 1001
17 56 1001
42 71 1001
31 78 1001
14 23 1001
5 7 1001
57 91 1001
37 97 1001
20 42 1001
12 98 1001
26 56 1001
17 84 1001
29 59 1001
6 11 1001
53 63 1001
2 91 1001
41 91 1001
17 50 1001
29 41 1001
15 33 1001
29 72 1001
20 73 1001
2 63 1001
11 70 1001
22 43 1001
48 52 1001
64 85 1001
27 59 1001
13 75 1001
33 38 1001
59 79 1001
82 83 1001
27 41 1001
46 87 1001
53 69 1001
4 17 1001
72 92 1001
56 91 1001
6 58 1000
68 72 1001
15 44 1001
0 64 1001
39 60 1001
0 12 1001
34 39 1001
20 26 1001
78 95 1001
14 90 1001
55 89 1001
11 87 1001
13 27 1001
69 73 1001
7 23 1001
1 37 1001
2 95 1001
2 50 1001
13 47 1001
3 38 1001
8 46 1001
7 55 1001
51 52 1001
17 62 1001
19 75 1001
29 95 1001
13 93 1001
18 69 1001
61 62 1000
55 57 1001
17 49 1001
50 71 1001
5 37 1001
14 48 1001
5 95 1001
10 95 1001
27 86 1001
36 79 1001
29 47 1001
73 81 1001
57 89 1001
15 40 1000
26 71 1001
1 32 1001
2 27 1001
77 87 1001
21 34 1001
36 91 1001
75 76 1001
42 96 1001
56 94 1001
18 67 1001
4 25 1001
38 94 1001
39 94 1001
27 39 1001
8 41 1001
29 48 1001
61 74 1001
39 78 1001
23 25 1001
42 78 1001
30 82 1001
25 89 1001
37 90 1001
27 64 1001
10 20 1001
72 91 1001
40 94 1001
53 61 1001
33 40 1001
39 59 1001
10 47 1001
32 84 1001
61 71 1001
60 81 1001
21 41 1001
7 41 1001
44 59 1001
13 45 1001
88 99 1001
58 62 1001
1 76 1001
37 68 1001
40 62 1001
36 54 1001
63 94 1001
40 64 1001
17 22 1001
28 98 1001
46 67 1001
21 62 1001
37 39 1001
6 9 1001
0 16 1001
33 93 1001
15 34 1001
59 95 1001
6 35 1001
33 73 1001
47 88 1001
27 40 1001
6 71 1001
37 71 1001
0 31 1001
52 74 1001
10 55 1001
14 17 1001
24 69 1001
38 87 1001
54 83 1001
35 75 1001
23 74 1001
9 58 1001
36 57 1001
29 84 1001
86 98 1001
65 77 1000
44 52 1001
21 22 1001
11 86 1001
25 73 1001
5 28 1001
58 99 1001
36 96 1000
0 19 1001
38 81 1001
12 43 1001
29 52 1001
2 59 1001
56 64 1001
37 60 1001
41 70 1001
67 90 1001
44 61 1001
36 61 1001
62 64 1001
33 92 1001
68 88 1001
48 77 1001
6 54 1001
37 64 1001
43 88 1001
25 33 1001
11 59 1001
43 86 1001
71 73 1001
59 83 1001
27 95 1001
30 84 1001
25 94 1001
10 88 1001
66 80 1001
10 73 1001
36 41 1001
56 92 1001
11 36 1001
3 27 1001
8 73 1001
38 39 1001
20 76 1001
0 72 1001
11 39 1001
23 31 1001
43 62 1001
34 76 1001
17 45 1001
30 71 1001
38 97 1001
39 53 1001
64 89 1001
36 60 1001
51 91 1001
81 94 1001
52 85 1001
16 50 1001
47 71 1001
40 80 1001
22 87 1001
33 95 1001
27 58 1001
8 10 1001
12 66 1001
2 62 1001
1 81 1001
87 93 1001
7 97 1001
23 72 1001
56 70 1001
43 63 1001
8 95 1001
41 99 1001
23 77 1001
18 85 1001
52 65 1001
63 75 1001
62 77 1001
14 41 1001
32 40 1001
73 76 1001
10 96 1001
63 85 1001
50 64 1001
30 33 1001
27 31 1001
17 31 1001
57 83 1001
29 45 1001
19 24 1000
15 38 1001
37 62 1001
5 53 1001
7 13 1001
20 92 1001
9 19 1000
56 95 1001
26 28 1001
22 29 1001
20 29 1001
9 81 1001
63 65 1001
21 87 1001
2 28 1001
29 76 1001
34 47 1001
29 81 1001
56 85 1001
82 96 1001
69 70 1001
46 62 1001
37 78 1001
74 98 1001
10 49 1001
14 97 1001
24 65 1001
63 68 1001
28 44 1001
30 48 1001
40 72 1001
23 84 1001
11 98 1001
29 61 1001
36 85 1001
24 42 1001
1 35 1001
64 83 1001
77 98 1001
1 24 1001
60 68 1001
6 79 1001
16 90 1001
25 85 1001
13 59 1001
35 56 1001
16 94 1001
6 63 1001
54 63 1001
33 47 1001
32 94 1001
11 26 1001
83 88 1001
15 41 1001
95 98 1001
48 78 1001
79 82 1001
3 67 1001
11 50 1001
12 19 1001
38 92 1001
71 80 1001
11 99 1001
81 90 1001
79 89 1001
14 42 1001
90 98 1001
21 63 1001
10 99 1001
12 73 1001
1 26 1001
33 61 1001
8 69 1001
69 89 1001
64 68 1001
1 80 1000
58 74 1001
57 87 1001
38 83 1001
54 81 1001
70 99 1001
43 59 1001
45 49 1001
77 82 1001
31 74 1001
64 74 1001
6 88 1001
66 82 1001
47 55 1001
36 66 1001
23 91 1001
52 54 1001
23 57 1001
26 67 1001
74 79 1001
89 92 1001
2 58 1001
13 88 1001
1 15 1001
48 62 1001
13 38 1001
40 53 1001
10 24 1001
47 54 1000
24 87 1001
16 66 1001
66 78 1001
85 97 1001
60 69 1001
0 74 1001
62 84 1001
88 98 1001
21 72 1001
4 84 1001
6 42 1001
2 45 1001
2 93 1001
15 28 1001
3 80 1001
20 74 1001
24 85 1001
31 85 1001
45 71 1001
31 83 1001
80 97 1001
17 80 1001
6 70 1001
3 55 1001
24 44 1001
38 68 1001
34 70 1001
21 73 1001
15 45 1001
22 76 1001
10 21 1001
43 85 1001
14 75 1001
0 18 1001
15 84 1001
28 66 1001
7 61 1001
19 46 1001
20 89 1001
27 71 1001
28 94 1001
33 72 1001
4 28 1001
50 98 1001
41 95 1001
23 69 1001
48 85 1001
6 82 1001
22 94 1001
15 61 1001
53 87 1001
41 50 1001
34 75 1001
39 97 1001
8 80 1001
45 62 1001
4 36 1001
23 41 1001
16 99 1001
32 83 1001
17 67 1001
12 58 1001
80 90 1001
56 78 1001
42 92 1001
33 88 1001
9 67 1001
91 93 1001
25 65 1001
63 98 1001
25 75 1001
13 49 1001
76 85 1001
34 59 1001
16 65 1001
46 49 1000
41 90 1001
63 95 1001
50 84 1001
32 44 1001
74 78 1001
68 84 1001
66 77 1001
59 64 1001
19 55 1001
17 75 1001
11 51 1001
64 65 1001
29 93 1001
34 65 1001
54 76 1001
45 88 1001
37 66 1001
48 63 1001
84 98 1001
35 54 1001
60 74 1001
46 55 1001
47 79 1001
36 88 1001
17 54 1001
29 38 1001
86 97 1001
48 79 1001
0 24 1001
9 26 1001
22 86 1001
1 50 1001
19 64 1001
4 8 1001
47 87 1001
22 27 1001
32 62 1001
43 51 1001
19 38 1001
26 42 1001
18 76 1001
37 86 1001
66 91 1001
6 75 1001
13 30 1001
2 19 1001
56 68 1001
44 88 1001
18 33 1001
72 85 1001
76 98 1001
1 5 1001
6 46 1001
31 96 1001
55 96 1001
23 90 1001
66 83 1001
1 56 1001
2 90 1001
18 54 1001
49 86 1001
91 97 1001
38 73 1001
7 95 1001
81 85 1001
12 27 1001
15 17 1001
7 88 1001
1 29 1001
36 84 1001
72 99 1001
23 85 1001
25 69 1001
10 58 1001
9 60 1001
62 63 1001
32 89 1001
47 56 1001
19 68 1001
0 62 1001
32 98 1001
21 31 1001
18 34 1001
21 39 1001
22 25 1001
37 80 1001
80 94 1001
70 81 1001
16 78 1001
63 76 1001
69 72 1001
30 90 1001
32 88 1001
70 78 1001
91 94 1001
62 71 1001
30 49 1001
30 95 1001
3 87 1001
9 72 1001
49 81 1001
33 35 1001
16 61 1001
5 20 1001
47 63 1001
58 94 1001
56 89 1001
20 63 1001
60 64 1001
61 67 1001
4 30 1001
32 91 1001
38 77 1001
34 40 1001
2 60 1001
74 80 1001
25 42 1001
16 83 1001
59 92 1001
36 71 1001
55 61 1001
65 98 1001
36 67 1001
7 80 1001
80 87 1001
17 93 1001
26 65 1001
66 74 1001
6 67 1001
8 31 1001
57 58 1001
10 79 1001
1 72 1001
28 72 1001
63 87 1001
9 43 1001
25 95 1001
7 46 1001
46 84 1001
65 75 1001
8 68 1001
25 53 1001
60 77 1001
35 94 1001
20 97 1001
18 30 1001
0 23 1001
14 59 1001
23 78 1001
19 76 1001
53 99 1001
56 83 1001
2 15 1001
10 52 1001
29 44 1001
34 64 1001
20 41 1001
35 43 1001
41 81 1001
13 20 1001
28 48 1001
58 89 1001
58 76 1001
44 74 1001
2 47 1001
68 85 1001
26 40 1001
15 77 1001
73 90 1001
44 60 1001
51 71 1001
5 29 1001
40 55 1001
46 89 1001
48 94 1001
30 67 1001
76 93 1001
22 38 1001
70 86 1001
65 92 1001
23 49 1001
4 49 1001
81 98 1001
62 96 1001
75 91 1001
2 44 1001
31 43 1001
31 92 1001
72 88 1001
47 53 1001
8 29 1001
32 85 1001
9 11 1001
18 42 1001
3 60 1001
33 74 1001
5 45 1001
16 64 1001
5 10 1001
39 92 1001
28 82 1001
29 36 1001
8 93 1001
30 88 1001
32 80 1001
43 61 1001
6 39 1001
12 90 1001
8 14 1001
39 86 1001
51 65 1001
18 86 1001
14 32 1001
17 81 1001
43 45 1001
23 28 1001
14 54 1001
42 53 1001
53 58 1001
27 56 1001
30 61 1001
42 74 1001
9 65 1001
57 90 1001
9 18 1001
1 13 1001
8 81 1001
33 86 1001
55 70 1001
31 35 1001
45 58 1001
29 31 1001
27 81 1001
12 21 1001
69 95 1001
5 67 1001
51 62 1001
8 96 1001
67 85 1001
28 58 1001
19 74 1001
7 96 1001
21 86 1001
55 71 1001
27 49 1001
16 21 1001
49 85 1001
4 81 1001
50 63 1001
3 11 1001
60 91 1001
28 38 1001
1 23 1001
69 96 1001
21 45 1001
21 36 1001
51 81 1001
2 61 1001
23 94 1001
7 48 1001
0 54 1001
29 87 1001
4 70 1001
40 70 1001
60 78 1001
13 46 1001
38 52 1001
55 92 1001
7 64 1001
6 60 1001
53 75 1001
6 18 1001
47 58 1001
13 16 1001
19 48 1001
31 39 1001
27 68 1001
3 86 1001
62 95 1001
60 90 1001
18 99 1001
12 61 1001
29 51 1001
8 33 1001
20 66 1001
26 75 1001
26 90 1001
11 94 1001
2 94 1001
12 83 1001
43 66 1001
2 54 1001
67 72 1001
4 78 1001
17 85 1001
24 29 1001
37 41 1001
29 91 1001
10 30 1001
79 98 1001
7 62 1001
48 98 1001
21 48 1001
22 63 1001
0 60 1001
32 76 1001
27 83 1001
8 66 1001
3 20 1001
22 62 1001
43 87 1001
39 54 1001
30 32 1001
22 88 1001
2 56 1001
78 98 1001
46 98 1001
81 86 1001
25 80 1001
30 42 1001
84 97 1001
75 92 1001
20 43 1001
57 67 1001
19 92 1001
47 59 1001
10 63 1001
4 75 1001
86 95 1001
53 70 1001
76 79 1001
65 79 1001
31 99 1001
58 72 1001
40 93 1001
17 95 1001
72 86 1001
3 81 1001
12 91 1001
19 45 1001
35 45 1001
36 59 1001
32 78 1001
38 84 1001
3 65 1001
47 80 1001
25 28 1001
28 65 1001
31 97 1001
16 68 1001
2 53 1001
36 99 1001
59 98 1001
28 87 1001
88 90 1001
15 30 1001
44 84 1001
39 91 1001
47 98 1001
15 81 1001
48 83 1001
14 74 1001
46 70 1001
84 90 1001
69 85 1001
20 37 1001
17 63 1001
48 93 1001
56 77 1001
60 70 1001
9 32 1001
19 97 1001
26 86 1001
55 76 1001
67 79 1001
30 37 1001
65 85 1001
41 78 1001
15 91 1001
24 28 1001
41 47 1001
74 95 1001
26 78 1001
82 97 1001
80 83 1001
8 90 1001
21 83 1001
86 99 1001
8 23 1001
0 49 1001
20 51 1001
54 67 1001
57 94 1001
32 48 1001
5 27 1001
20 68 1001
0 88 1001
5 89 1001
31 94 1001
56 58 1001
21 84 1001
0 89 1001
4 47 1001
2 32 1001
67 89 1001
48 82 1001
78 87 1001
40 96 1001
4 34 1001
17 48 1001
1 48 1001
38 55 1001
78 93 1000
46 93 1001
65 84 1001
41 94 1001
11 23 1001
59 78 1001
25 79 1001
15 85 1001
24 48 1001
40 82 1001
18 19 1001
51 54 1001
38 96 1001
64 81 1001
18 89 1001
69 91 1001
28 33 1001
84 85 1001
78 84 1001
52 83 1001
47 51 1001
21 24 1001
2 71 1001
75 95 1001
67 73 1001
27 55 1001
9 79 1001
22 79 1001
84 86 1001
37 74 1001
4 69 1001
45 98 1001
45 47 1001
15 39 1001
45 97 1001
46 95 1001
36 81 1001
48 92 1001
16 18 1001
53 91 1001
85 94 1001
50 89 1001
6 78 1001
10 29 1001
49 87 1001
41 89 1001
15 73 1001
24 36 1001
37 69 1001
15 22 1001
26 52 1001
26 41 1001
35 41 1001
27 62 1001
12 71 1001
8 61 1001
86 96 1001
69 75 1001
20 60 1001
35 84 1001
48 65 1001
13 99 1001
19 47 1001
16 30 1001
27 73 1001
29 94 1001
6 17 1001
11 62 1001
19 56 1001
6 41 1001
3 19 1001
60 62 1001
5 40 1001
1 95 1001
71 94 1001
39 83 1001
7 86 1001
20 61 1001
28 73 1001
35 38 1001
41 52 1001
45 68 1001
33 45 1001
73 80 1001
41 55 1001
14 37 1001
2 81 1001
55 81 1001
3 35 1001
24 53 1001
14 96 1001
54 80 1001
35 91 1001
50 57 1001
2 14 1001
19 21 1001
1 34 1001
24 89 1001
49 74 1001
14 30 1001
22 44 1001
22 91 1001
9 37 1001
35 39 1001
26 45 1001
23 93 1001
91 98 1001
37 47 1001
33 80 1001
14 91 1001
29 42 1001
52 96 1001
33 41 1001
9 40 1001
29 34 1001
1 99 1001
18 37 1001
7 76 1001
42 93 1001
19 50 1001
34 45 1001
22 61 1001
3 84 1001
61 83 1001
25 61 1001
47 74 1001
38 74 1001
28 81 1001
22 97 1001
85 88 1001
21 53 1001
3 49 1001
10 27 1001
14 99 1001
16 39 1001
30 51 1001
61 68 1001
26 69 1001
35 73 1001
66 68 1001
11 65 1001
18 91 1001
14 76 1001
78 86 1001
10 82 1001
40 86 1001
26 79 1001
2 30 1001
27 38 1001
15 90 1001
28 36 1001
41 58 1001
96 97 1001
8 97 1001
29 49 1001
41 71 1001
58 80 1001
31 52 1001
39 67 1001
15 18 1001
21 99 1001
60 83 1001
2 85 1001
1 42 1001
10 28 1001
40 44 1001
1 8 1001
59 99 1001
63 66 1001
28 34 1001
13 79 1001
49 77 1001
14 66 1001
93 99 1001
23 76 1001
17 96 1001
58 60 1001
7 44 1001
53 97 1001
39 76 1001
24 96 1001
2 31 1001
30 69 1001
19 44 1001
26 49 1001
78 82 1001
3 33 1001
41 75 1001
54 95 1001
41 77 1001
16 89 1001
15 64 1001
70 98 1001
66 88 1001
18 72 1001
5 22 1001
89 97 1001
66 92 1001
44 85 1001
11 74 1001
15 70 1001
18 63 1001
68 80 1001
74 97 1001
26 54 1001
14 19 1001
15 75 1001
37 51 1001
21 65 1001
7 92 1001
16 23 1001
39 50 1001
17 90 1001
16 19 1001
37 48 1001
23 56 1001
79 88 1001
53 88 1001
52 76 1001
69 76 1001
81 88 1001
55 97 1001
83 98 1001
21 38 1001
34 67 1001
45 52 1001
11 64 1001
18 71 1001
1 41 1001
10 80 1001
30 40 1001
54 66 1001
76 86 1001
23 88 1001
6 32 1001
15 35 1001
28 91 1001
49 58 1001
5 61 1001
12 39 1001
5 86 1001
66 79 1001
47 85 1001
0 11 1001
2 52 1001
14 72 1001
7 85 1001
89 95 1001
20 93 1001
20 22 1001
66 86 1001
77 93 1001
10 68 1001
37 87 1001
80 86 1001
43 46 1001
11 85 1001
3 62 1001
5 15 1001
27 92 1001
65 66 1001
9 47 1001
51 70 1001
0 71 1001
64 70 1001
69 81 1001
10 36 1001
38 40 1001
22 55 1001
41 56 1001
5 72 1001
90 99 1001
69 83 1001
39 88 1001
51 88 1001
41 66 1001
30 65 1001
47 97 1001
25 36 1001
1 96 1001
22 73 1001
0 8 1001
24 74 1001
10 75 1001
11 81 1001
39 66 1001
13 66 1001
36 58 1001
54 64 1001
61 96 1001
11 34 1001
37 93 1001
14 58 1001
45 90 1001
11 13 1001
17 61 1001
8 17 1001
8 67 1001
27 78 1001
4 20 1001
16 98 1001
72 95 1001
48 91 1001
24 34 1001
5 51 1001
7 25 1001
61 75 1001
39 49 1001
44 67 1001
6 14 1001
5 59 1001
12 70 1001
75 93 1001
30 74 1001
3 64 1001
38 41 1001
0 26 1001
12 80 1001
13 87 1001
30 47 1001
11 32 1001
1 22 1001
39 71 1001
51 61 1001
17 28 1001
17 37 1001
63 77 1001
74 84 1001
0 53 1001
46 74 1001
47 90 1001
6 76 1001
75 90 1001
34 90 1001
57 93 1001
58 65 1001
16 69 1001
9 96 1001
61 78 1001
21 51 1001
10 50 1001
37 88 1001
10 23 1001
1 9 1001
58 92 1001
34 69 1001
30 36 1001
25 77 1001
3 18 1001
73 85 1001
62 91 1001
2 86 1001
93 98 1001
27 29 1001
81 93 1001
71 74 1001
24 43 1001
41 87 1001
31 47 1001
56 61 1001
13 36 1001
11 54 1001
15 82 1001
11 25 1001
57 79 1001
0 86 1001
89 90 1001
43 82 1001
21 93 1001
27 87 1001
44 76 1001
46 60 1001
88 97 1001
18 96 1001
20 79 1001
16 46 1001
16 67 1001
40 42 1001
77 96 1001
31 45 1001
26 84 1001
8 51 1001
14 45 1001
29 70 1001
15 71 1001
49 70 1001
56 88 1001
51 63 1001
13 19 1001
3 85 1001
41 49 1001
77 99 1001
73 74 1001
13 67 1001
80 81 1001
29 69 1001
6 44 1001
1 68 1001
30 86 1001
18 45 1001
40 52 1001
86 93 1001
23 53 1001
41 73 1001
49 71 1001
36 44 1001
5 26 1001
24 61 1001
6 26 1001
11 91 1001
25 84 1001
42 97 1001
62 65 1001
44 99 1001
54 91 1001
11 15 1001
19 34 1001
32 77 1001
11 63 1001
52 58 1001
34 96 1001
5 73 1001
26 47 1001
7 70 1001
47 93 1001
21 88 1001
28 53 1001
0 97 1001
44 98 1001
72 79 1001
74 90 1001
19 83 1001
52 95 1001
1 38 1001
29 58 1001
57 97 1001
34 50 1001
21 27 1001
9 41 1001
28 57 1001
30 80 1001
21 71 1001
0 87 1001
85 87 1001
10 13 1001
14 67 1001
24 33 1001
62 87 1001
2 5 1001
9 20 1001
2 57 1001
1 20 1001
27 72 1001
26 48 1001
52 56 1001
3 51 1001
20 49 1001
87 94 1001
77 81 1001
29 83 1001
29 50 1001
7 39 1001
60 72 1001
37 76 1001
17 88 1001
34 57 1001
77 85 1001
26 31 1001
0 33 1001
3 95 1001
93 97 1001
15 25 1001
2 96 1001
13 53 1001
6 73 1001
54 99 1001
77 88 1001
5 16 1001
6 56 1001
1 6 1001
6 85 1001
6 16 1001
71 96 1001
41 93 1001
47 76 1001
40 49 1001
63 71 1001
12 44 1001
52 62 1001
39 70 1001
16 81 1001
8 48 1001
25 52 1001
12 65 1001
0 43 1001
65 72 1001
3 34 1001
88 92 1001
27 48 1001
22 71 1001
23 32 1001
82 98 1001
6 28 1001
8 36 1001
70 83 1001
78 85 1001
45 61 1001
36 94 1001
5 57 1001
58 96 1001
75 82 1001
40 89 1001
49 80 1001
16 40 1001
83 85 1001
22 70 1001
26 74 1001
36 97 1001
27 46 1001
73 92 1001
64 76 1001
17 40 1001
63 89 1001
51 77 1001
6 96 1001
42 49 1001
9 17 1001
27 70 1001
6 10 1001
10 69 1001
45 84 1001
28 79 1001
32 54 1001
61 99 1001
87 90 1001
2 67 1001
11 80 1001
10 15 1001
25 39 1001
9 98 1001
16 45 1001
15 20 1001
7 74 1001
3 23 1001
24 76 1001
34 60 1001
59 93 1001
32 96 1001
2 11 1001
62 80 1001
44 94 1001
17 20 1001
56 69 1001
39 87 1001
12 50 1001
51 57 1001
2 88 1001
15 23 1001
34 99 1001
54 62 1000
23 45 1001
78 79 1001
80 96 1001
19 35 1001
77 90 1001
12 60 1001
42 61 1001
3 77 1001
2 26 1001
19 27 1001
27 33 1001
28 31 1001
59 69 1001
40 69 1001
25 50 1001
31 44 1001
15 72 1001
26 87 1001
57 76 1001
58 87 1001
75 98 1001
11 53 1001
14 53 1001
67 74 1001
37 65 1001
36 95 1001
62 66 1001
55 73 1001
38 99 1001
44 92 1001
55 85 1001
9 22 1001
34 74 1001
17 38 1001
73 96 1001
0 13 1001
17 92 1001
28 46 1001
55 64 1001
18 74 1001
8 34 1001
1 52 1001
12 32 1001
11 37 1001
35 68 1001
2 25 1001
28 85 1001
62 85 1001
68 70 1001
7 42 1001
49 68 1001
27 34 1001
25 40 1001
30 52 1001
64 88 1001
41 63 1001
38 46 1001
20 50 1001
44 86 1001
40 60 1001
19 89 1001
26 58 1001
39 98 1001
72 94 1001
51 85 1001
41 42 1001
24 83 1001
23 42 1001
43 84 1001
5 19 1001
7 20 1001
51 93 1001
14 83 1001
76 82 1001
83 95 1001
97 99 1001
7 21 1001
7 71 1001
70 95 1001
29 64 1001
33 94 1001
41 67 1001
45 56 1001
31 62 1001
28 43 1001
75 89 1001
23 96 1001
84 87 1001
38 70 1001
20 95 1001
76 95 1001
1 97 1001
17 64 1001
59 84 1001
2 36 1001
36 52 1001
71 90 1001
39 81 1001
35 59 1001
22 50 1001
69 84 1001
32 41 1001
9 92 1001
53 77 1001
54 72 1001
63 73 1001
71 85 1001
8 82 1001
33 64 1001
15 86 1001
66 75 1001
43 81 1001
41 72 1001
5 70 1001
26 83 1001
24 59 1001
27 36 1001
22 60 1001
36 70 1001
1 61 1000
23 24 1001
31 87 1001
16 75 1001
33 36 1001
15 43 1001
1 43 1001
65 71 1001
40 88 1001
0 3 1001
1 62 1001
13 81 1001
8 30 1001
30 45 1001
1 14 1001
12 86 1001
24 32 1001
24 92 1001
3 71 1001
73 88 1001
46 86 1001
1 53 1001
69 79 1001
68 73 1001
6 94 1001
20 87 1001
68 98 1001
33 55 1001
61 72 1001
13 98 1001
19 60 1001
3 92 1001
8 87 1001
33 59 1001
38 89 1001
24 54 1001
50 94 1001
69 98 1001
59 94 1001
66 72 1001
22 30 1001
37 79 1001
42 82 1001
72 96 1001
18 84 1001
73 83 1001
62 67 1001
70 73 1001
12 36 1001
63 80 1001
40 84 1001
44 53 1001
27 50 1001
43 99 1001
12 37 1001
13 68 1001
2 18 1001
41 74 1001
5 82 1001
4 93 1001
38 42 1001
87 97 1001
13 29 1001
5 78 1001
51 56 1001
1 36 1001
52 66 1001
39 46 1001
51 69 1001
1 2 1001
17 76 1001
73 87 1001
37 94 1001
58 73 1001
14 22 1001
37 72 1001
16 42 1001
34 77 1001
14 38 1001
64 96 1001
95 96 1001
6 89 1001
28 93 1001
80 98 1001
11 21 1001
3 22 1001
30 56 1001
38 79 1001
54 78 1001
50 80 1001
25 44 1001
55 62 1001
31 36 1001
20 88 1001
1 19 1001
7 32 1001
66 67 1001
54 92 1001
15 32 1001
82 93 1001
30 91 1001
5 90 1001
53 64 1001
40 59 1001
48 69 1001
4 64 1001
24 70 1001
19 25 1001
9 78 1001
80 93 1001
42 73 1001
20 25 1001
17 70 1001
65 91 1001
47 57 1001
0 29 1001
20 36 1001
13 90 1001
9 39 1001
28 30 1001
34 62 1001
32 56 1001
18 57 1001
56 86 1001
28 45 1001
57 70 1001
32 70 1001
51 66 1001
24 58 1001
25 26 1001
6 19 1001
19 69 1001
8 52 1001
37 67 1001
9 59 1001
8 12 1001
2 66 1001
7 8 1001
42 62 1001
35 42 1001
30 58 1001
72 81 1001
22 32 1001
21 60 1001
71 75 1001
5 21 1001
52 73 1001
67 95 1001
32 61 1001
13 65 1001
62 92 1001
33 48 1001
12 55 1001
22 96 1001
49 62 1001
2 38 1001
8 78 1001
4 91 1001
29 89 1001
20 21 1001
1 67 1001
85 90 1001
38 48 1001
38 61 1001
47 77 1001
33 37 1001
62 89 1001
65 97 1001
67 71 1001
23 46 1001
0 38 1001
48 90 1001
1 91 1001
13 78 1001
35 95 1001
60 76 1001
8 65 1001
32 71 1001
15 67 1001
2 87 1001
21 97 1001
33 57 1001
15 36 1001
4 95 1001
9 63 1001
18 38 1001
10 14 1001
16 63 1001
53 62 1001
49 54 1001
35 82 1001
66 89 1001
23 36 1001
15 37 1001
50 96 1001
0 73 1001
26 73 1001
70 97 1001
75 81 1001
41 51 1001
43 97 1001
26 89 1001
82 92 1001
36 93 1001
35 65 1001
16 35 1001
75 83 1001
25 43 1001
1 92 1001
19 49 1001
30 31 1001
3 97 1001
92 98 1001
30 93 1001
7 79 1001
0 47 1001
19 33 1001
19 77 1001
0 90 1001
40 71 1001
19 40 1001
1 65 1001
47 49 1001
12 24 1001
20 65 1001
95 99 1001
32 81 1001
61 97 1001
47 94 1001
88 93 1000
81 84 1001
88 91 1001
40 67 1001
17 79 1001
33 98 1001
4 44 1001
2 3 1001
65 78 1001
18 39 1001
80 82 1001
10 91 1001
4 31 1001
32 97 1001
31 33 1001
50 72 1001
33 76 1001
27 88 1001
69 80 1001
8 39 1001
9 80 1001
11 97 1001
0 30 1001
53 98 1001
56 62 1001
14 29 1001
37 42 1001
3 40 1001
59 77 1001
50 93 1001
39 99 1001
43 79 1001
53 93 1001
33 51 1001
51 74 1001
59 89 1001
21 98 1001
22 23 1001
12 77 1001
5 75 1001
12 49 1001
35 66 1001
25 86 1001
13 84 1001
77 79 1001
66 95 1001
26 77 1001
27 54 1001
54 94 1001
45 67 1001
31 81 1001
12 95 1001
67 70 1001
13 95 1001
15 92 1001
19 96 1001
65 99 1001
18 88 1001
79 83 1001
24 79 1001
70 77 1001
22 67 1001
16 92 1001
42 66 1001
47 75 1001
40 74 1001
20 67 1001
65 94 1001
3 56 1001
6 83 1001
54 71 1001
60 84 1001
43 76 1001
19 52 1001
28 74 1001
20 82 1001
19 63 1001
6 59 1001
2 98 1001
75 78 1001
5 83 1001
18 75 1001
25 37 1001
74 75 1001
84 92 1001
23 92 1001
25 31 1001
6 72 1001
72 84 1001
21 35 1001
13 64 1001
5 32 1001
9 33 1001
69 93 1001
36 63 1001
78 92 1001
44 81 1001
25 62 1001
25 78 1001
46 58 1001
44 96 1001
29 78 1001
2 77 1001
50 77 1001
41 76 1001
29 85 1001
30 94 1001
18 23 1001
69 71 1001
45 60 1001
68 92 1001
9 21 1001
36 87 1001
4 15 1001
55 94 1001
36 83 1001
70 82 1001
28 89 1001
66 93 1001
44 77 1001
16 56 1001
27 44 1001
72 98 1001
13 40 1001
3 78 1001
32 35 1001
39 69 1001
15 58 1001
60 95 1001
0 78 1001
53 90 1001
4 24 1001
1 83 1001
31 41 1001
11 67 1001
5 79 1001
57 74 1001
31 63 1001
1 45 1001
94 95 1001
44 65 1001
53 60 1001
43 71 1001
41 45 1001
30 43 1001
26 61 1001
53 83 1001
29 32 1001
32 52 1001
12 14 1001
19 88 1001
35 52 1001
22 78 1001
1 78 1001
74 76 1001
22 54 1001
56 65 1001
46 69 1001
33 83 1001
48 95 1001
12 94 1001
40 46 1001
23 83 1001
19 79 1001
25 49 1001
10 45 1001
46 99 1001
1 84 1001
7 17 1001
34 41 1001
30 87 1001
13 96 1001
32 87 1001
34 36 1001
40 50 1001
13 39 1001
12 57 1001
50 83 1001
6 30 1001
7 38 1001
70 92 1001
48 89 1001
10 93 1001
48 59 1001
50 86 1001
19 30 1001
0 59 1001
11 92 1001
72 82 1001
51 83 1001
18 79 1001
20 47 1001
49 89 1001
3 61 1001
21 81 1001
18 66 1001
62 88 1001
30 41 1001
65 93 1001
14 44 1001
19 93 1001
26 36 1001
34 71 1001
64 94 1001
39 65 1001
40 85 1001
33 66 1001
24 40 1001
40 77 1001
77 86 1001
81 83 1001
56 74 1001
2 12 1001
84 89 1001
33 49 1001
58 84 1001
58 97 1001
84 94 1001
46 77 1001
52 98 1001
9 71 1001
31 37 1001
38 82 1001
28 76 1001
30 85 1001
94 96 1001
23 75 1001
50 65 1001
50 85 1001
3 82 1001
32 45 1001
22 98 1001
11 84 1001
69 97 1001
4 92 1001
34 63 1001
21 28 1001
20 69 1001
58 77 1001
74 99 1001
4 23 1001
18 61 1001
23 35 1001
35 79 1001
36 56 1001
72 75 1001
46 53 1001
27 91 1001
28 41 1001
0 85 1001
45 55 1001
4 37 1001
9 66 1001
9 50 1001
8 47 1001
48 99 1001
50 58 1001
0 82 1001
30 62 1001
26 44 1001
33 70 1001
19 37 1001
46 50 1001
15 49 1001
48 67 1001
5 30 1001
43 78 1001
58 59 1001
23 81 1001
31 65 1001
53 55 1001
13 50 1001
73 89 1001
67 75 1001
14 21 1001
20 23 1001
11 40 1001
34 48 1001
42 89 1001
52 60 1001
22 26 1001
21 40 1001
43 55 1001
5 9 1001
46 47 1001
47 68 1001
59 88 1001
28 71 1001
37 92 1001
35 61 1001
3 24 1001
17 53 1001
0 15 1001
3 12 1001
9 53 1001
44 54 1001
17 68 1001
36 78 1001
58 86 1001
37 52 1001
54 59 1001
14 25 1001
14 88 1001
43 68 1001
83 96 1001
43 67 1001
35 74 1001
18 36 1001
31 49 1001
1 73 1001
4 68 1001
12 16 1001
61 98 1001
28 83 1001
26 93 1001
0 2 1001
24 67 1001
1 66 1001
60 73 1001
55 82 1001
57 72 1001
9 88 1001
0 95 1001
36 89 1001
29 37 1001
51 76 1001
36 37 1001
1 11 1001
18 82 1001
5 81 1001
27 65 1001
9 10 1001
7 47 1001
48 54 1001
42 84 1001
3 74 1001
31 70 1001
60 65 1001
61 63 1001
23 55 1001
26 68 1001
1 4 1001
43 75 1001
15 69 1001
7 93 1001
56 79 1001
27 66 1001
41 65 1001
0 39 1001
54 87 1001
6 91 1001
10 85 1001
46 90 1001
31 82 1001
16 48 1001
45 69 1001
4 43 1001
9 89 1001
42 60 1001
26 98 1001
45 48 1001
26 29 1001
10 76 1001
35 60 1001
35 86 1001
0 99 1001
7 29 1001
8 50 1001
2 49 1001
55 86 1001
15 99 1001
26 53 1001
25 27 1001
22 57 1001
5 41 1001
15 63 1001
65 96 1001
21 61 1001
23 48 1001
25 60 1001
6 86 1001
41 43 1001
52 68 1001
28 51 1001
4 60 1001
17 72 1001
6 13 1001
77 83 1001
57 71 1001
8 92 1001
29 99 1001
9 30 1001
6 93 1001
10 62 1001
16 29 1001
52 57 1001
38 85 1001
18 52 1001
28 32 1001
1 25 1001
17 41 1001
9 14 1001
48 56 1001
11 22 1001
1 3 1001
33 96 1001
64 71 1001
29 73 1001
26 72 1001
1 57 1001
30 76 1001
38 88 1001
60 79 1001
18 65 1001
17 44 1001
9 25 1001
11 56 1001
69 92 1001
15 46 1001
14 85 1001
12 84 1001
23 30 1001
41 82 1001
51 79 1001
9 42 1001
14 81 1001
18 78 1001
54 85 1001
5 31 1001
4 50 1001
67 94 1001
21 56 1001
26 95 1001
13 58 1001
35 78 1001
35 89 1001
68 91 1001
25 34 1001
14 47 1001
11 12 1001
38 86 1001
78 80 1001
1 49 1001
24 88 1001
21 25 1001
43 58 1001
12 23 1001
2 70 1001
20 94 1001
14 52 1001
14 86 1001
45 89 1001
0 83 1001
3 45 1001
7 90 1001
21 43 1001
23 79 1001
42 47 1001
1 74 1001
45 80 1001
82 85 1001
21 79 1001
52 53 1001
0 91 1001
0 50 1001
7 22 1001
46 52 1001
0 56 1001
22 41 1001
16 34 1001
71 98 1001
51 89 1001
44 58 1001
38 49 1001
3 4 1001
28 88 1001
65 87 1001
53 54 1001
78 99 1001
68 86 1001
40 76 1001
1 86 1001
20 38 1001
51 92 1001
26 64 1001
51 99 1001
46 97 1001
19 22 1001
31 72 1001
57 60 1001
26 76 1001
3 25 1001
13 33 1001
32 95 1001
18 90 1001
4 98 1001
49 92 1001
75 87 1001
27 76 1001
24 55 1001
15 56 1001
67 84 1001
34 89 1001
14 77 1001
55 91 1001
11 29 1001
9 83 1001
54 69 1001
10 12 1001
45 85 1001
1 75 1001
13 43 1001
5 56 1001
4 18 1001
63 97 1001
48 58 1001
5 65 1001
86 91 1001
66 90 1001
6 98 1001
64 82 1001
17 42 1001
74 93 1001
91 99 1001
0 57 1001
7 50 1001
15 16 1001
37 49 1001
47 86 1001
11 96 1001
78 94 1001
23 87 1001
62 97 1001
38 62 1001
0 98 1001
29 80 1001
19 90 1001
66 87 1001
69 82 1001
87 91 1001
52 67 1001
57 73 1001
48 49 1001
9 75 1001
17 55 1001
20 56 1001
19 95 1001
18 81 1001
39 64 1001
32 42 1001
18 87 1001
45 86 1001
79 99 1001
5 69 1001
17 33 1001
12 92 1001
71 84 1001
76 77 1001
25 90 1001
20 24 1001
17 94 1001
32 46 1001
0 75 1001
31 90 1001
6 69 1001
52 77 1001
21 32 1001
41 92 1001
28 49 1001
84 99 1001
23 43 1001
13 91 1001
23 59 1001
16 88 1001
24 80 1001
41 59 1001
51 94 1001
11 44 1001
50 69 1001
42 45 1001
8 85 1001
5 47 1001
24 63 1001
55 58 1001
32 51 1001
37 91 1001
6 22 1001
61 65 1001
2 37 1001
54 74 1001
7 65 1001
27 96 1001
35 71 1001
12 40 1001
42 48 1001
68 96 1001
40 45 1001
27 74 1001
49 84 1001
21 92 1001
71 88 1001
46 83 1001
47 82 1001
11 76 1001
65 83 1001
40 51 1001
73 97 1001
16 82 1001
6 81 1001
54 60 1001
5 33 1001
43 98 1001
50 54 1001
16 25 1001
31 55 1001
28 37 1001
93 96 1001
12 48 1001
76 88 1001
33 34 1001
16 97 1001
65 67 1001
31 48 1001
66 76 1001
31 77 1001
7 67 1001
29 88 1001
31 60 1001
10 39 1001
18 70 1001
20 53 1001
2 34 1001
45 91 1001
3 47 1001
21 29 1001
45 99 1001
24 30 1001
16 72 1001
1 40 1001
26 50 1001
5 92 1001
42 81 1001
31 51 1001
52 70 1001
19 85 1001
59 66 1001
68 71 1001
23 95 1001
1 12 1001
71 86 1001
34 73 1001
62 90 1001
8 53 1001
16 86 1001
11 46 1001
32 50 1001
22 85 1001
46 75 1001
53 59 1001
7 35 1001
36 45 1001
17 43 1001
5 68 1001
73 91 1001
21 26 1001
0 28 1001
10 54 1001
26 37 1001
19 98 1001
61 69 1001
69 77 1001
22 58 1001
63 74 1001
79 86 1001
51 90 1001
73 93 1001
5 42 1001
24 84 1001
75 94 1001
68 94 1001
61 89 1001
0 34 1001
88 89 1001
29 86 1001
64 67 1001
10 31 1001
10 64 1001
28 62 1001
23 51 1001
35 44 1001
26 62 1001
19 72 1001
3 52 1001
0 46 1001
13 74 1001
85 91 1001
5 54 1001
19 82 1001
38 51 1001
68 89 1001
19 99 1001
55 78 1001
24 25 1001
63 96 1001
79 96 1001
28 42 1001
20 96 1001
42 50 1001
57 85 1001
76 84 1001
22 33 1001
49 79 1001
8 40 1001
2 17 1001
17 91 1001
46 72 1001
8 59 1001
51 68 1001
0 4 1001
28 95 1001
39 47 1001
35 57 1001
54 84 1001
41 85 1001
73 86 1001
1 21 1001
0 63 1001
89 96 1001
7 30 1001
45 75 1001
3 17 1001
10 87 1001
19 87 1001
43 96 1001
50 91 1001
58 79 1001
32 49 1001
20 52 1001
28 56 1001
7 63 1001
23 99 1001
19 71 1001
41 44 1001
2 92 1001
25 92 1001
9 93 1001
15 80 1001
8 44 1001
36 46 1001
49 78 1001
17 46 1001
31 75 1001
87 98 1001
10 16 1001
17 47 1001
45 59 1001
33 69 1001
4 41 1001
29 71 1001
2 4 1001
51 59 1001
31 50 1001
15 65 1001
42 80 1001
76 78 1001
31 40 1001
41 80 1001
41 61 1001
21 91 1001
46 96 1001
16 24 1001
13 62 1001
0 44 1001
2 24 1001
7 68 1001
31 69 1001
0 55 1001
70 75 1001
37 46 1001
3 29 1001
3 93 1001
18 28 1001
4 26 1001
22 37 1001
5 48 1001
31 42 1001
73 99 1001
14 50 1001
44 71 1001
75 86 1001
55 87 1001
6 80 1001
75 97 1001
31 89 1001
4 55 1001
33 89 1001
19 23 1001
58 66 1001
64 92 1001
67 99 1001
62 98 1001
40 56 1001
0 1 1001
54 90 1001
19 29 1001
54 93 1001
25 32 1001
12 79 1001
28 55 1001
13 56 1001
67 91 1001
56 67 1001
90 95 1001
9 57 1001
65 80 1001
14 80 1001
35 97 1001
76 94 1001
50 95 1001
13 48 1001
20 48 1001
27 61 1001
9 36 1001
52 63 1001
0 93 1001
55 66 1001
83 86 1001
24 51 1001
38 67 1001
3 26 1001
49 69 1001
6 12 1001
21 82 1001
13 57 1001
61 80 1001
82 84 1001
43 91 1001
41 68 1001
32 79 1001
7 37 1001
6 15 1001
12 30 1001
9 34 1001
53 95 1001
27 97 1001
8 76 1001
43 77 1001
27 43 1001
0 27 1001
76 90 1001
81 92 1001
32 66 1001
45 92 1001
60 99 1001
70 74 1001
53 65 1001
80 99 1001
88 95 1001
28 40 1001
26 33 1001
48 66 1001
59 75 1001
13 70 1001
33 60 1001
49 51 1001
49 65 1001
36 39 1001
27 30 1001
7 27 1001
21 52 1001
13 69 1001
0 5 1001
4 45 1001
79 95 1001
61 92 1001
7 60 1001
7 36 1001
43 93 1001
47 92 1001
56 59 1001
0 25 1001
1 89 1001
21 49 1001
34 56 1001
8 35 1001
89 91 1001
80 88 1001
39 57 1001
41 60 1001
52 86 1001
18 55 1001
3 7 1001
25 74 1001
71 79 1001
28 68 1001
40 92 1001
11 16 1001
31 84 1001
60 88 1001
39 42 1001
66 97 1001
56 98 1001
51 80 1001
38 80 1001
16 74 1001
33 71 1001
36 75 1001
45 53 1001
90 97 1001
49 52 1001
68 95 1001
32 53 1001
55 75 1001
36 82 1001
32 34 1001
23 97 1001
46 81 1001
47 83 1001
4 33 1001
52 92 1001
16 17 1001
14 93 1001
53 74 1001
13 23 1001
58 63 1001
41 84 1001
3 41 1001
61 85 1001
10 70 1001
34 53 1001
29 66 1001
35 92 1001
48 86 1001
11 48 1001
17 99 1001
49 67 1001
22 66 1001
50 82 1001
26 88 1001
43 92 1001
23 62 1001
4 59 1001
14 89 1001
3 15 1001
1 54 1001
65 74 1001
78 89 1001
51 86 1001
47 70 1001
50 68 1001
29 62 1001
49 56 1001
12 59 1001
71 93 1001
22 69 1001
41 53 1001
26 60 1001
21 77 1001
65 89 1001
14 31 1001
3 8 1001
21 67 1001
31 86 1001
9 95 1001
10 59 1001
55 59 1001
43 50 1001
42 94 1001
58 93 1001
3 91 1001
57 99 1001
38 47 1001
3 88 1001
10 33 1001
6 90 1001
44 69 1001
3 63 1001
6 68 1001
18 93 1001
32 75 1001
35 85 1001
9 82 1001
6 74 1001
14 49 1001
92 93 1001
68 75 1001
11 69 1001
69 78 1001
24 64 1001
42 70 1001
78 96 1001
47 61 1001
26 55 1001
57 84 1001
33 50 1001
8 98 1001
94 99 1001
21 94 1001
85 95 1001
34 42 1001
27 53 1001
63 93 1001
10 77 1001
15 21 1001
44 78 1001
2 97 1001
42 91 1001
22 51 1001
27 69 1001
19 20 1001
21 64 1001
12 75 1001
1 51 1001
24 57 1001
18 58 1001
58 64 1001
55 60 1001
49 63 1001
41 48 1001
15 97 1001
1 63 1001
31 34 1001
72 73 1001
46 80 1001
38 58 1001
43 64 1001
53 82 1001
22 35 1001
65 73 1001
17 39 1001
74 82 1001
24 86 1001
9 28 1001
46 63 1001
58 83 1001
22 95 1001
22 99 1001
16 27 1001
38 98 1001
51 55 1001
20 80 1001
57 66 1001
66 70 1001
44 45 1001
20 59 1001
50 78 1001
25 67 1001
60 89 1001
6 43 1001
60 92 1001
14 40 1001
11 49 1001
40 81 1001
32 93 1001
83 89 1001
61 91 1001
68 74 1001
6 27 1001
1 7 1001
22 53 1001
24 26 1001
7 56 1001
54 58 1001
4 58 1001
16 26 1001
17 26 1001
44 95 1001
15 27 1001
38 50 1001
35 93 1001
91 95 1001
35 77 1001
52 80 1001
43 95 1001
30 70 1001
25 82 1001
39 43 1001
18 53 1001
12 51 1001
16 37 1001
15 88 1001
43 80 1001
13 89 1001
4 76 1001
8 94 1001
17 86 1001
2 64 1001
36 73 1001
13 73 1001
9 52 1001
26 63 1001
81 95 1001
11 72 1001
58 98 1001
16 33 1001
6 97 1001
72 77 1001
1 60 1001
14 24 1001
82 99 1001
53 78 1001
63 79 1001
18 31 1001
59 96 1001
4 66 1001
19 43 1001
13 44 1001
6 57 1001
26 38 1001
13 17 1001
57 62 1001
38 91 1001
51 84 1001
39 40 1001
32 72 1001
35 87 1001
10 56 1001
68 77 1001
82 94 1001
47 65 1001
2 83 1001
1 10 1001
15 29 1001
23 98 1001
5 6 1001
19 73 1001
64 98 1001
5 97 1001
5 38 1001
11 57 1001
5 64 1001
35 70 1001
68 99 1001
9 56 1001
53 85 1001
23 73 1001
6 8 1001
14 43 1001
23 61 1001
48 57 1001
9 44 1001
40 75 1001
19 39 1001
67 88 1001
47 52 1001
11 61 1001
45 65 1001
7 57 1001
25 29 1001
71 78 1001
13 54 1001
71 95 1001
25 45 1001
11 20 1001
38 44 1001
59 90 1001
27 75 1001
33 54 1001
33 91 1001
20 71 1001
29 96 1001
2 8 1001
71 77 1001
20 78 1001
49 83 1001
40 66 1001
43 48 1001
56 81 1001
41 98 1001
31 79 1001
28 80 1001
49 72 1001
32 74 1001
16 22 1001
74 89 1001
41 83 1001
26 99 1001
17 60 1001
12 89 1001
51 98 1001
7 91 1001
74 83 1001
47 96 1001
19 78 1001
25 54 1001
53 79 1001
2 73 1001
31 91 1001
9 77 1001
25 55 1001
40 99 1001
27 32 1001
9 61 1001
50 92 1001
45 78 1001
84 91 1001
31 53 1001
5 85 1001
25 88 1001
30 64 1001
22 45 1001
10 74 1001
8 45 1001
53 68 1001
50 53 1001
12 74 1001
3 73 1001
7 31 1001
28 69 1001
6 20 1001
18 35 1001
58 71 1001
43 52 1001
24 99 1001
34 66 1001
11 14 1001
6 61 1001
79 80 1001
44 62 1001
37 77 1001
48 71 1001
83 84 1001
13 18 1001
52 90 1001
24 78 1001
1 98 1001
59 80 1001
68 93 1001
62 68 1001
21 55 1001
45 66 1001
31 76 1001
43 44 1001
10 37 1001
0 96 1001
51 82 1001
18 44 1001
33 84 1001
23 44 1001
5 74 1001
17 58 1001
29 98 1001
31 73 1001
4 19 1001
21 42 1001
16 49 1001
20 39 1001
87 96 1001
52 84 1001
40 98 1001
89 93 1001
52 75 1001
40 83 1001
57 96 1001
11 18 1001
24 71 1001
64 79 1001
17 82 1001
31 46 1001
69 86 1001
12 63 1001
21 85 1001
52 93 1001
75 80 1001
45 93 1001
18 41 1001
21 58 1001
3 79 1001
14 27 1001
40 61 1001
90 92 1001
39 48 1001
4 72 1001
48 55 1001
18 73 1001
64 84 1001
40 78 1001
31 59 1001
50 87 1001
3 99 1001
35 37 1001
35 90 1001
30 63 1001
43 54 1001
10 25 1001
16 55 1001
36 43 1001
1 58 1001
9 86 1001
10 78 1001
47 69 1001
35 63 1001
8 37 1001
67 86 1001
1 87 1001
50 76 1001
9 74 1001
7 33 1001
74 81 1001
58 81 1001
25 98 1001
38 69 1001
36 86 1001
13 76 1001
23 82 1001
53 56 1001
59 72 1001
10 83 1001
1 46 1001
43 90 1001
54 55 1001
4 22 1001
25 66 1001
53 80 1001
78 83 1001
21 70 1001
65 90 1001
11 95 1001
9 94 1001
9 64 1001
5 63 1001
20 86 1001
15 55 1001
18 48 1001
38 95 1001
39 61 1001
72 76 1001
60 82 1001
3 31 1001
5 87 1001
38 93 1001
46 76 1001
13 82 1001
64 80 1001
52 81 1001
12 72 1001
31 32 1001
3 58 1001
64 77 1001
39 63 1001
42 43 1001
64 72 1001
64 86 1001
20 75 1001
12 29 1001
22 83 1001
19 62 1001
67 82 1001
94 98 1001
10 60 1001
65 69 1001
47 84 1001
22 40 1001
7 24 1001
21 69 1001
27 98 1001
5 44 1001
14 82 1001
29 39 1001
3 96 1001
80 85 1001
24 82 1001
24 41 1001
35 47 1001
22 90 1001
42 56 1001
6 64 1001
16 43 1001
0 22 1001
52 97 1001
37 58 1001
6 34 1001
10 98 1001
13 25 1001
3 98 1001
61 90 1001
29 77 1001
7 51 1001
88 96 1001
46 85 1001
15 76 1001
49 91 1001
5 84 1001
34 72 1001
16 53 1001
6 23 1001
62 93 1001
14 18 1001
4 97 1001
31 71 1001
72 80 1001
36 38 1001
13 26 1001
22 31 1001
6 62 1001
24 72 1001
23 58 1001
24 31 1001
42 90 1001
6 45 1001
40 65 1001
25 68 1001
27 77 1001
34 43 1001
39 62 1001
19 54 1001
2 78 1001
46 94 1001
14 35 1001
71 89 1001
32 73 1001
28 96 1001
74 86 1001
25 76 1001
8 64 1001
65 76 1001
19 84 1001
62 81 1001
3 39 1001
9 90 1001
37 53 1001
3 83 1001
0 14 1001
25 63 1001
8 32 1001
16 70 1001
27 79 1001
1 30 1001
17 18 1001
11 27 1001
36 42 1001
18 50 1001
12 34 1001
61 77 1001
5 36 1001
61 79 1001
7 19 1001
52 59 1001
6 36 1001
57 77 1001
53 67 1001
20 83 1001
5 39 1001
39 90 1001
9 29 1001
23 29 1001
19 67 1001
10 92 1001
69 94 1001
55 63 1001
46 54 1001
52 99 1001
58 88 1001
7 87 1001
44 48 1001
27 80 1001
63 83 1001
58 70 1001
11 83 1001
0 58 1001
17 97 1001
37 84 1001
53 84 1001
33 99 1001
41 88 1001
5 99 1001
38 56 1001
3 28 1001
26 30 1001
24 98 1001
8 75 1001
59 65 1001
4 56 1001
18 22 1001
51 75 1001
11 77 1001
5 55 1001
42 99 1001
20 81 1001
12 53 1001
25 99 1001
17 52 1001
9 87 1001
56 93 1001
24 56 1001
24 46 1001
12 33 1001
1 59 1001
34 86 1001
46 73 1001
57 88 1001
63 81 1001
5 25 1001
50 59 1001
5 43 1001
0 10 1001
33 79 1001
21 78 1001
0 20 1001
56 72 1001
85 92 1001
18 20 1001
45 73 1001
21 54 1001
39 74 1001
47 50 1001
5 94 1001
73 94 1001
7 99 1001
10 66 1001
11 52 1001
6 92 1001
26 35 1001
73 78 1001
44 47 1001
9 13 1001
65 86 1001
29 60 1001
30 60 1001
92 97 1001
2 10 1001
25 93 1001
19 86 1001
71 81 1001
23 80 1001
38 76 1001
30 55 1001
41 54 1001
33 67 1001
19 36 1001
81 89 1001
40 68 1001
37 99 1001
12 41 1001
50 70 1001
39 41 1001
50 61 1001
15 62 1001
35 49 1001
10 61 1001
16 96 1001
58 78 1001
19 61 1001
12 20 1001
44 90 1001
6 65 1001
70 72 1001
9 73 1001
34 78 1001
22 93 1001
7 18 1001
17 27 1001
12 47 1001
37 96 1001
10 11 1001
89 99 1001
18 98 1001
77 80 1001
70 94 1001
59 74 1001
54 73 1001
54 68 1001
18 26 1001
40 63 1001
54 77 1001
9 49 1001
16 62 1001
53 81 1001
39 77 1001
29 40 1001
7 16 1001
38 53 1001
27 63 1001
79 92 1001
64 69 1001
7 9 1001
46 88 1001
2 9 1001
54 89 1001
9 31 1001
57 82 1001
35 81 1001
10 81 1001
16 60 1001
46 51 1001
36 40 1001
26 96 1001
37 61 1001
12 35 1001
39 55 1001
67 77 1001
5 14 1001
33 43 1001
14 55 1001
70 80 1001
5 35 1001
48 70 1001
16 76 1001
49 66 1001
83 91 1001
17 74 1001
48 81 1001
46 59 1001
29 68 1001
81 96 1001
14 51 1001
50 62 1001
55 79 1001
48 50 1001
26 57 1001
39 72 1001
20 28 1001
49 96 1001
9 76 1001
16 80 1001
2 76 1001
90 94 1001
21 59 1001
39 45 1001
19 80 1001
14 78 1001
27 52 1001
58 85 1001
64 87 1001
43 53 1001
39 82 1001
20 32 1001
11 35 1001
17 77 1001
44 66 1001
35 36 1001
7 40 1001
2 46 1001
35 55 1001
21 46 1001
35 48 1001
46 65 1001
61 86 1001
18 40 1001
3 32 1001
6 77 1001
24 60 1001
18 92 1001
58 67 1001
60 75 1001
55 93 1001
27 67 1001
71 76 1001
2 43 1001
15 50 1001
61 95 1001
12 38 1001
84 88 1001
70 91 1001
30 57 1001
35 72 1001
33 42 1001
60 66 1001
4 48 1001
44 70 1001
8 24 1001
19 66 1001
40 97 1001
10 53 1001
45 95 1001
21 30 1001
83 93 1001
23 66 1001
8 49 1001
33 53 1001
54 65 1001
34 46 1001
12 82 1001
77 89 1001
13 37 1001
70 96 1001
16 71 1001
22 59 1001
8 54 1001
58 82 1001
76 91 1001
30 97 1001
38 45 1001
5 93 1001
18 46 1001
45 74 1001
50 73 1001
9 46 1001
37 56 1001
14 69 1001
18 56 1001
14 34 1001
12 88 1001
19 94 1001
8 15 1001
70 79 1001
20 99 1001
85 96 1001
9 99 1001
73 98 1001
23 34 1001
12 13 1001
16 95 1001
28 50 1001
43 56 1001
49 82 1001
14 63 1001
72 74 1001
45 64 1001
39 68 1001
4 77 1001
56 96 1001
38 78 1001
60 61 1001
70 84 1001
13 41 1001
14 28 1001
15 57 1001
2 13 1001
17 87 1001
65 70 1001
19 41 1001
24 52 1001
10 41 1001
11 78 1001
62 94 1001
29 57 1001
33 39 1001
8 84 1001
0 9 1001
6 99 1001
63 90 1001
91 96 1001
11 28 1001
0 17 1001
66 69 1001
18 68 1001
76 81 1001
35 64 1001
13 55 1001
29 56 1001
45 63 1001
65 81 1001
31 93 1001
70 93 1001
33 65 1001
79 90 1001
5 12 1001
22 64 1001
9 62 1001
55 56 1001
5 18 1001
28 67 1001
6 21 1001
40 43 1001
8 60 1001
29 53 1001
36 48 1001
75 85 1001
87 88 1001
1 88 1001
51 64 1001
2 80 1001
32 57 1001
49 93 1001
66 71 1001
24 47 1001
33 90 1001
44 49 1001
91 92 1001
66 85 1001
57 81 1001
34 88 1001
76 96 1001
37 73 1001
36 74 1001
21 44 1001
80 92 1001
67 98 1001
62 73 1001
30 54 1001
82 95 1001
2 74 1001
14 57 1001
7 59 1001
1 16 1001
28 60 1001
31 67 1001
2 23 1001
54 86 1001
59 68 1001
11 93 1001
39 58 1001
56 84 1001
8 58 1001
47 60 1001
8 42 1001
43 65 1001
68 79 1001
21 95 1001
20 46 1001
3 94 1001
34 79 1001
7 81 1001
15 95 1001
13 77 1001
44 91 1001
16 52 1001
16 58 1001
81 91 1001
9 48 1001
8 20 1001
22 80 1001
7 52 1001
20 31 1001
66 98 1001
28 54 1001
36 51 1001
50 97 1001
61 87 1001
44 51 1001
62 83 1001
5 50 1001
3 72 1001
54 98 1001
80 95 1001
55 84 1001
4 83 1001
25 72 1001
27 82 1001
21 96 1001
34 51 1001
7 73 1001
22 56 1001
60 86 1001
62 72 1001
37 54 1001
5 62 1001
24 35 1001
23 65 1001
34 98 1001
23 26 1001
63 91 1001
6 52 1001
47 72 1001
31 38 1001
61 93 1001
36 65 1001
8 27 1001
10 18 1001
13 35 1001
19 28 1001
1 93 1001
40 48 1001
44 97 1001
46 56 1001
42 52 1001
0 40 1001
47 67 1001
32 64 1001
18 49 1001
9 23 1001
71 97 1001
38 60 1001
73 95 1001
32 43 1001
37 82 1001
77 78 1001
2 72 1001
15 31 1001
23 54 1001
2 39 1001
32 59 1001
43 72 1001
12 78 1001
22 49 1001
60 98 1001
7 89 1001
23 50 1001
42 64 1001
17 29 1001
7 77 1001
12 64 1001
17 73 1001
1 82 1001
25 70 1001
25 58 1001
57 98 1001
61 73 1001
31 58 1001
56 73 1001
15 42 1001
14 39 1001
6 29 1001
48 74 1001
2 65 1001
24 90 1001
24 66 1001
4 67 1001
24 38 1001
65 95 1001
1 77 1001
31 68 1001
64 73 1001
24 93 1001
79 91 1001
45 79 1001
4 27 1001
74 96 1001
1 71 1001
8 77 1001
22 28 1001
47 48 1001
22 84 1001
4 62 1001
26 43 1001
55 77 1001
8 28 1001
1 69 1001
63 67 1001
30 46 1001
40 47 1001
22 47 1001
7 75 1001
18 47 1001
10 43 1001
13 24 1001
74 85 1001
4 7 1001
43 73 1001
47 91 1001
12 45 1001
11 79 1001
49 50 1001
25 47 1001
81 82 1001
52 72 1001
2 51 1001
2 99 1001
79 85 1001
3 54 1001
42 65 1001
27 89 1001
17 83 1001
26 34 1001
24 91 1001
86 88 1001
42 46 1001
21 89 1001
4 85 1001
48 61 1001
74 77 1001
24 75 1001
68 78 1001
24 45 1001
39 89 1001
47 81 1001
55 74 1001
79 97 1001
97 98 1001
78 90 1001
37 44 1001
21 50 1001
46 57 1001
5 24 1001
1 17 1001
13 51 1001
29 92 1001
35 99 1001
38 72 1001
54 97 1001
42 67 1001
35 69 1001
53 73 1001
48 80 1001
0 94 1001
57 78 1001
38 57 1001
15 48 1001
47 64 1001
50 55 1001
44 56 1001
44 73 1001
19 59 1001
25 64 1001
40 54 1001
24 27 1001
40 91 1001
44 63 1001
26 27 1001
94 97 1001
90 96 1001
17 24 1001
1 79 1001
72 97 1001
4 40 1001
50 75 1001
76 83 1001
3 70 1001
23 71 1001
25 59 1001
23 63 1001
56 87 1001
39 79 1001
24 95 1001
33 62 1001
46 92 1001
13 92 1001
59 63 1001
35 62 1001
79 81 1001
16 59 1001
0 65 1001
32 90 1001
47 66 1001
20 57 1001
40 90 1001
16 47 1001
52 82 1001
12 46 1001
25 38 1001
49 90 1001
73 84 1001
52 79 1001
72 93 1001
12 18 1001
48 84 1001
2 89 1001
58 90 1001
22 81 1001
76 80 1001
41 97 1001
30 83 1001
34 94 1001
87 89 1001
42 68 1001
18 80 1001
10 40 1001
11 66 1001
42 58 1001
39 73 1001
23 37 1001
23 27 1001
52 78 1001
49 88 1001
62 86 1001
73 79 1001
77 91 1001
4 65 1001
80 84 1001
9 38 1001
8 91 1001
18 77 1001
16 73 1001
14 87 1001
5 17 1001
34 97 1001
31 95 1001
4 61 1001
32 60 1001
12 96 1001
22 34 1001
67 96 1001
4 32 1001
15 19 1001
96 99 1001
10 48 1001
22 36 1001
67 92 1001
0 79 1001
10 26 1001
10 86 1001
19 91 1001
0 68 1001
51 87 1001
87 95 1001
44 80 1001
83 97 1001
7 82 1001
34 95 1001
37 59 1001
34 83 1001
70 71 1001
37 95 1001
10 97 1001
32 36 1001
1 90 1001
56 99 1001
4 52 1001
29 65 1001
2 6 1001
1 44 1001
10 44 1001
69 88 1001
53 57 1001
59 67 1001
66 84 1001
90 91 1001
4 9 1001
15 96 1001
67 97 1001
4 63 1001
44 79 1001
10 19 1001
17 65 1001
25 96 1001
57 95 1001
61 82 1001
71 99 1001
36 76 1001
4 90 1001
36 47 1001
18 59 1001
12 25 1001
43 60 1001
12 54 1001
22 42 1001
24 81 1001
26 46 1001
2 79 1001
35 98 1001
8 13 1001
74 91 1001
9 70 1001
24 94 1001
18 94 1001
8 89 1001
53 72 1001
10 17 1001
5 46 1001
61 76 1001
7 78 1001
46 82 1001
46 64 1001
4 6 1001
52 87 1001
13 94 1001
50 81 1001
63 70 1001
0 42 1001
43 83 1001
34 61 1001
3 46 1001
5 98 1001
12 15 1001
86 92 1001
36 72 1001
40 58 1001
78 81 1001
67 87 1001
33 78 1001
2 21 1001
53 89 1001
62 70 1001
60 63 1001
16 79 1001
13 83 1001
33 58 1001
0 84 1001
11 38 1001
22 52 1001
42 44 1001
30 81 1001
26 32 1001
31 54 1001
39 44 1001
21 76 1001
42 63 1001
6 47 1001
9 24 1001
43 69 1001
60 97 1001
51 67 1001
4 53 1001
29 82 1001
62 76 1001
15 83 1001
70 90 1001
69 99 1001
14 95 1001
82 89 1001
62 78 1001
48 68 1001
30 34 1001
27 99 1001
11 19 1001
58 91 1001
13 15 1001
15 78 1001
52 69 1001
54 96 1001
3 30 1001
12 42 1001
22 46 1001
26 85 1001
13 31 1001
42 59 1001
56 82 1001
25 81 1001
12 22 1001
5 60 1001
7 66 1001
24 68 1001
29 33 1001
78 88 1001
12 68 1001
40 79 1001
12 93 1001
86 87 1001
8 16 1001
60 93 1001
7 43 1001
2 82 1001
42 77 1001
22 77 1001
32 37 1001
30 44 1001
43 70 1001
33 56 1001
17 98 1001
4 42 1001
18 62 1001
19 31 1001
71 72 1001
3 5 1001
33 85 1001
6 37 1001
28 86 1001
8 38 1001
3 66 1001
23 52 1001
35 80 1001
21 47 1001
58 69 1001
43 94 1001
9 54 1001
13 28 1001
42 51 1001
34 87 1001
15 68 1001
64 75 1001
20 85 1001
34 54 1001
18 64 1001
32 33 1001
87 92 1001
37 55 1001
49 75 1001
15 24 1001
62 74 1001
16 91 1001
38 63 1001
21 57 1001
72 90 1001
12 99 1001
56 71 1001
23 40 1001
8 72 1001
9 55 1001
6 40 1001
65 82 1001
76 99 1001
17 57 1001
17 66 1001
62 69 1001
23 47 1001
0 52 1001
30 38 1001
11 55 1001
64 97 1001
27 28 1001
50 99 1001
74 88 1001
0 35 1001
44 46 1001
29 55 1001
19 51 1001
39 56 1001
13 97 1001
34 84 1001
49 57 1001
25 71 1001
2 33 1001
47 89 1001
77 92 1001
14 73 1001
80 91 1001
29 54 1001
49 61 1001
24 49 1001
92 99 1001
31 88 1001
0 32 1001
21 74 1001
17 59 1001
47 62 1001
76 92 1001
33 81 1001
14 33 1001
0 37 1001
34 92 1001
20 33 1001
96 98 1001
52 88 1001
54 75 1001
14 98 1001
70 89 1001
0 61 1001
27 47 1001
46 71 1001
55 90 1001
36 77 1001
23 86 1001
15 60 1001
8 70 1001
26 59 1001
71 82 1001
21 80 1001
0 66 1001
30 50 1001
23 70 1001
13 86 1001
86 94 1001
15 54 1001
36 64 1001
48 76 1001
25 97 1001
89 94 1001
4 29 1001
68 90 1001
61 84 1001
70 88 1001
40 73 1001
3 59 1001
33 82 1001
3 42 1001
20 98 1001
60 96 1001
25 87 1001
18 83 1001
92 94 1001
11 88 1001
19 57 1001
5 77 1001
28 77 1001
4 82 1001
44 75 1001
0 6 1001
7 84 1001
49 60 1001
77 94 1001
11 82 1001
42 57 1001
31 61 1001
23 60 1001
16 38 1001
56 97 1001
37 43 1001
19 81 1001
2 22 1001
10 51 1001
28 92 1001
26 80 1001
54 61 1001
32 68 1001
27 93 1001
15 51 1001
75 79 1001
35 46 1001
81 87 1001
10 34 1001
70 76 1001
17 71 1001
57 64 1001
16 20 1001
23 67 1001
39 85 1001
8 21 1001
34 80 1001
31 80 1001
7 83 1001
25 51 1001
25 57 1001
35 58 1001
28 35 1001
46 48 1001
63 64 1001
75 96 1001
10 65 1001
59 82 1001
57 86 1001
15 52 1001
12 62 1001
29 79 1001
4 99 1001
67 81 1001
14 70 1001
6 66 1001
76 97 1001
52 89 1001
42 87 1001
64 93 1001
55 80 1001
45 76 1001
20 72 1001
70 87 1001
25 41 1001
71 92 1001
19 26 1001
90 93 1001
67 76 1001
4 57 1001
36 55 1001
24 97 1001
6 24 1001
5 88 1001
24 77 1001
30 78 1001
38 90 1001
6 50 1001
5 11 1001
7 12 1001
34 38 1001
9 84 1001
26 97 1001
45 77 1001
59 60 1001
36 90 1001
80 89 1001
2 84 1001
19 65 1001
68 69 1001
18 27 1001
59 61 1001
1 47 1001
22 74 1001
41 79 1001
3 48 1001
21 90 1001
57 68 1001
55 88 1001
78 97 1001
45 70 1001
17 23 1001
83 94 1001
6 38 1001
54 70 1001
20 91 1001
32 69 1001
42 72 1001
7 45 1001
37 81 1001
88 94 1001
33 75 1001
61 88 1001
3 16 1001
67 83 1001
44 72 1001
22 92 1001
6 49 1001
73 75 1001
53 94 1001
83 87 1001
9 91 1001
60 94 1001
37 57 1001
68 76 1001
11 31 1001
12 76 1001
8 25 1001
56 63 1001
12 69 1001
52 71 1001
49 64 1001
3 69 1001
0 76 1001
50 66 1001
7 14 1001
29 46 1001
20 30 1001
85 86 1001
17 69 1001
3 50 1001
0 80 1001
54 79 1001
84 96 1001
2 16 1001
57 59 1001
18 24 1001
34 35 1001
13 71 1001
10 35 1001
64 90 1001
54 57 1001
59 85 1001
49 76 1001
10 57 1001
45 54 1001
3 21 1001
44 82 1001
1 18 1001
5 34 1001
15 26 1001
61 66 1001
0 70 1001
36 69 1001
32 67 1001
41 57 1001
42 88 1001
17 51 1001
67 69 1001
68 81 1001
4 10 1001
54 88 1001
13 14 1001
68 82 1001
48 60 1001
18 25 1001
22 82 1001
28 39 1001
62 79 1001
41 86 1001
10 72 1001
41 69 1001
49 99 1001
22 75 1001
13 80 1001
67 80 1001
8 43 1001
73 77 1001
38 71 1001
59 87 1001
22 72 1001
45 94 1001
46 68 1001
44 93 1001
16 77 1001
63 84 1001
4 35 1001
32 47 1001
44 55 1001
33 44 1001
19 42 1001
8 62 1001
56 90 1001
36 49 1001
22 48 1001
33 46 1001
30 79 1001
72 83 1001
78 91 1001
23 39 1001
4 79 1001
25 46 1001
6 53 1001
58 61 1001
12 97 1001
75 84 1001
21 23 1001
7 58 1001
48 75 1001
25 91 1001
8 88 1001
33 97 1001
0 36 1001
82 88 1001
24 50 1001
45 82 1001
66 81 1001
20 40 1001
34 68 1001
11 60 1001
4 38 1001
37 83 1001
30 73 1001
3 68 1001
77 95 1001
3 53 1001
74 92 1001
37 45 1001
14 65 1001
4 86 1001
48 88 1001
50 88 1001
44 87 1001
39 93 1001
37 89 1001
28 64 1001
24 62 1001
32 58 1001
81 99 1001
32 63 1001
5 96 1001
9 68 1001
4 88 1001
75 88 1001
51 53 1001
49 55 1001
27 84 1001
10 46 1001
11 68 1001
18 60 1001
27 45 1001
27 42 1001
93 95 1001
36 50 1001
40 41 1001
27 35 1001
50 60 1001
74 87 1001
52 64 1001
15 47 1001
28 78 1001
57 92 1001
36 98 1001
37 85 1001
5 49 1001
67 93 1001
2 35 1001
2 68 1001
8 83 1001
13 60 1001
29 74 1001
31 57 1001
34 58 1001
14 62 1001
2 7 1001
60 80 1001
34 52 1001
8 74 1001
11 75 1001
41 62 1001
63 82 1001
28 97 1001
7 69 1001
2 20 1001
38 43 1001
43 57 1001
16 44 1001
14 94 1001
59 86 1001
56 60 1001
36 92 1001
7 54 1001
57 75 1001
21 75 1001
53 76 1001
30 89 1001
4 94 1001
55 67 1001
9 69 1001
45 83 1001
14 92 1001
30 99 1001
16 93 1001
40 87 1001
17 19 1001
28 63 1001
25 30 1001
48 53 1001
39 51 1001
63 88 1001
40 57 1001
63 69 1001
33 77 1001
43 89 1001
39 52 1001
46 61 1001
2 69 1001
28 84 1001
14 84 1001
15 79 1001
59 62 1001
8 18 1001
6 31 1001
9 15 1001
36 62 1001
27 90 1001
4 51 1001
50 51 1001
3 43 1001
61 70 1001
8 22 1001
11 90 1001
10 84 1001
12 56 1001
69 90 1001
83 90 1001
75 77 1001
1 85 1001
4 71 1001
41 46 1001
12 67 1001
13 21 1001
49 97 1001
7 10 1001
49 59 1001
1 55 1001
32 92 1001
45 46 1001
56 57 1001
72 87 1001
43 49 1001
30 68 1001
26 81 1001
42 75 1001
9 51 1001
89 98 1001
46 91 1001
52 61 1001
12 26 1001
4 5 1001
47 73 1001
37 75 1001
2 40 1001
18 95 1001
39 84 1001
16 57 1001
18 97 1001
10 22 1001
68 97 1001
13 22 1001
30 35 1001
35 83 1001
10 71 1001
6 95 1001
11 47 1001
6 51 1001
55 99 1001
8 11 1001
3 36 1001
58 68 1001
14 36 1001
8 19 1001
25 48 1001
32 55 1001
84 95 1001
35 51 1001
42 55 1001
85 98 1001
18 29 1001
35 53 1001
25 56 1001
85 99 1001
35 40 1001
31 56 1001
92 95 1001
6 48 1001
76 89 1001
42 86 1001
22 68 1001
34 81 1001
60 87 1001
66 94 1001
71 87 1001
49 98 1001
16 85 1001
93 94 1001
44 83 1001
34 93 1001
27 57 1001
26 51 1001
95 97 1001
84 93 1001
1 64 1001
22 39 1001
42 83 1001
36 68 1001
62 82 1001
39 80 1001
4 87 1001
11 43 1001
4 13 1001
3 6 1001
34 49 1001
55 69 1001
48 96 1001
42 69 1001
33 63 1001
5 52 1001
39 95 1001
13 61 1001
