100 50
183 45 74 81 25 72 57 41 71 3 43 42 7 27 97 6 44 56 81 57 100 10 62 35 28 19 46 78 93 12 34 20 56 5 97 77 75 54 15 45 53 56 83 58 79 78 61 22 31 41 76 30 48 37 64 74 52 7 51 42 17 83 61 71 85 55 45 59 6 58 2 56 11 83 13 89 58 70 8 88 9 80 17 55 16 77 26 67 82 75 8 98 55 65 66 39 18 11 95 22 65 93 76 75 73 86 61 31 53 65 18 58 45 31 10 57 8 34 21 88 6 26 83 60 89 49 95 4 56 87 23 18 79 95 89 52 78 49 79 31 12 95 85 55 23 94 11 29 27 31 15 32 53 94 88 39 40 80 42 94 67 63 10 43 57 97 93 33 46 69 62 54 61 46 8 83 37 15 11 63 42 22 91 93
75 54 71 32 59 96 80 14 74 26 83 85 22 48 91 46 51 23 56 26 44 89 3 5 49 5 17 21 72 22 28 79 73 52 65 32 3 44 97 74 23 79 14 96 81 59 42 85 35 51 64 32 94 65 35 96 67 5 16 92 25 95 71 51 46 35 80 46 32 33 73 52 11 41 47 45
122 56 80 26 28 88 57 65 38 73 97 92 21 39 83 13 20 74 21 29 54 12 88 49 16 94 13 100 82 5 30 25 88 10 48 15 94 35 10 62 7 6 53 24 73 66 65 23 40 82 48 24 90 66 4 6 60 44 36 72 45 62 28 64 99 6 9 26 37 16 84 40 49 67 91 52 64 55 71 34 67 50 85 57 15 85 90 5 29 25 74 4 17 98 64 47 100 70 69 67 16 84 6 92 81 27 44 44 79 45 74 76 91 90 32 6 74 52 7 99 7 11 100
5 10 84 13 90 78
154 42 40 15 98 53 87 100 27 98 44 39 50 43 14 24 19 42 69 54 64 19 44 59 99 91 20 48 92 29 45 36 62 79 43 60 31 29 59 49 23 94 83 67 36 88 82 46 29 48 95 87 61 35 42 56 25 54 98 16 74 42 43 35 18 80 89 40 8 44 84 26 37 63 84 65 47 66 10 70 13 96 53 65 30 90 20 46 40 14 56 13 51 94 42 60 70 28 94 73 66 74 90 95 36 73 56 77 35 57 43 42 53 91 98 74 77 17 20 16 26 67 23 68 60 56 27 30 78 20 94 41 89 83 32 21 52 82 90 82 38 29 20 82 16 18 56 87 26 67 94 43 33 13 7
14 64 95 79 93 26 53 10 80 93 94 88 65 98 94
88 27 33 36 87 25 98 29 78 63 49 50 15 64 59 73 74 69 25 88 13 86 51 60 56 44 96 26 17 41 54 10 60 79 38 44 94 33 66 71 86 12 21 93 66 70 66 39 36 81 24 41 66 65 91 19 99 85 35 16 25 81 16 75 57 44 18 49 67 74 19 52 79 30 45 42 90 8 74 25 81 88 57 44 53 47 53 51 29
177 34 57 17 81 76 20 84 38 9 76 44 56 71 81 21 11 42 64 82 45 20 94 83 40 60 28 87 30 89 58 27 62 55 35 43 70 47 66 99 87 42 43 42 12 63 55 54 96 18 35 80 29 68 63 9 27 30 87 88 58 84 14 20 38 81 54 100 67 19 46 53 92 28 87 43 83 41 88 26 90 62 46 58 29 48 58 87 69 84 74 27 68 80 38 45 60 31 84 26 81 30 18 73 49 96 55 71 76 43 37 13 44 74 63 65 21 60 51 81 84 65 47 91 84 76 35 43 98 19 100 27 80 17 91 68 53 85 39 28 67 67 33 11 80 35 67 40 34 57 20 17 61 59 99 44 74 74 78 20 84 25 38 63 34 68 30 78 52 100 45 19 14 17 21 33 83 27
191 89 82 89 56 81 51 23 70 35 56 45 28 19 13 54 32 98 70 20 52 78 11 40 98 59 70 14 71 64 16 26 15 88 14 24 68 18 37 38 98 46 73 25 55 39 70 40 37 93 51 79 70 52 18 67 64 42 34 88 59 40 14 27 28 72 41 49 44 69 77 41 68 12 19 77 42 42 16 32 35 20 10 95 25 73 25 80 68 12 30 26 43 88 43 24 60 74 63 57 96 94 88 64 59 60 40 54 93 100 76 27 20 40 75 35 12 53 68 70 56 52 49 52 39 45 66 52 18 82 99 68 38 49 85 88 100 78 41 92 77 71 18 50 10 46 39 12 90 97 35 45 11 37 87 41 72 15 46 80 50 45 10 79 84 85 29 46 62 23 37 93 84 99 42 84 45 71 49 88 31 37 32 32 64 72 26 35 40 63 69 43
199 98 35 34 86 47 62 65 91 84 12 43 88 88 40 99 92 91 98 37 81 52 11 83 36 42 70 78 52 64 42 13 61 67 89 98 65 50 63 55 85 26 50 72 13 79 70 57 31 67 45 11 70 45 46 95 77 67 34 80 30 66 83 42 84 71 40 100 72 54 55 56 69 56 28 34 34 49 80 16 16 24 69 37 21 14 84 87 32 69 28 51 86 62 82 31 84 21 31 55 26 75 63 85 30 80 70 15 80 49 72 47 24 40 74 34 95 57 72 26 77 52 28 63 13 100 83 49 72 13 55 88 39 17 34 58 48 93 24 28 93 86 64 68 77 89 92 34 97 25 11 74 66 29 36 31 80 70 69 51 73 75 90 11 82 23 21 81 67 34 60 21 19 24 79 48 64 32 71 61 46 71 34 12 89 21 32 68 80 52 71 14 26 60 15 59 35 77 40 53
169 45 41 27 30 95 89 25 39 20 70 81 48 84 94 39 44 42 61 51 60 76 13 78 75 18 61 84 53 81 17 79 26 68 27 66 84 37 79 22 45 70 92 15 53 18 42 85 49 24 58 30 22 81 96 85 87 79 68 39 59 95 39 95 85 55 83 68 80 61 12 25 53 25 50 27 31 13 34 90 25 80 20 35 82 15 19 68 82 97 95 63 25 55 57 98 98 39 65 100 22 87 46 63 100 84 100 31 85 33 42 31 34 50 77 15 54 84 71 57 14 87 19 27 42 87 24 61 47 99 60 79 86 27 63 18 99 63 37 16 84 90 36 18 39 12 21 14 17 14 60 41 89 89 56 52 97 90 13 44 89 83 22 96 99 74 13 30 36 61
26 23 91 42 17 53 82 53 35 16 20 32 24 18 14 43 45 32 27 13 49 87 72 83 90 26 92
60 99 32 76 52 21 58 75 94 14 63 100 80 62 52 77 41 100 16 86 92 67 82 52 78 19 20 86 28 19 64 42 17 75 97 47 82 54 21 75 46 70 67 17 23 97 72 43 96 67 20 87 33 88 38 98 85 37 75 99 34
187 60 16 23 81 71 67 73 87 59 57 95 88 19 72 97 52 78 81 67 29 76 55 49 80 57 18 73 70 95 51 91 55 52 92 35 22 58 85 86 94 42 72 81 46 35 70 75 99 50 34 19 25 74 54 82 22 57 54 69 44 90 59 84 33 42 96 32 78 73 17 71 100 66 44 37 87 99 97 77 48 22 73 50 81 26 24 80 61 63 48 90 45 85 65 55 26 52 73 89 24 75 52 23 33 81 37 97 71 26 65 96 33 37 45 92 49 54 71 87 95 19 68 31 89 32 71 92 61 43 81 71 96 24 71 20 82 94 16 52 19 66 47 29 80 69 20 20 23 77 92 95 81 59 17 69 68 73 60 21 94 32 69 81 33 39 86 100 24 87 51 20 44 83 35 15 52 40 21 52 16 98 38 74 49 40 34 94
99 43 41 85 45 85 77 98 48 52 36 82 19 43 18 67 69 75 32 81 35 17 17 84 27 75 69 20 93 93 46 33 35 71 59 21 98 78 60 45 29 81 68 33 65 70 41 33 86 99 99 21 100 57 46 27 74 56 73 66 48 60 83 24 31 42 72 28 61 73 99 74 95 66 48 59 36 74 77 21 29 32 68 29 73 98 82 46 54 54 54 43 99 36 94 71 19 22 40 64
103 48 39 22 26 50 92 74 73 81 95 57 93 66 36 52 75 79 71 100 82 63 94 30 71 32 26 83 48 99 73 100 86 51 61 52 40 52 25 97 73 19 93 65 25 28 100 83 46 71 82 67 33 75 81 43 47 90 66 34 45 38 33 30 28 77 21 51 29 30 87 41 72 79 89 80 46 89 18 31 99 83 82 31 98 62 98 84 91 63 17 35 40 74 89 51 90 93 85 18 62 72 82 74
169 38 44 76 96 86 37 39 41 56 81 44 48 21 40 97 51 62 19 56 68 19 51 53 24 57 95 61 56 88 51 74 28 78 52 23 66 75 44 89 30 25 36 64 31 58 60 65 22 64 20 75 66 54 28 75 96 25 35 54 98 72 27 26 52 65 31 100 39 61 91 51 68 29 97 81 70 56 45 77 20 51 52 71 90 65 48 85 72 68 41 72 39 53 80 73 100 97 75 38 57 69 72 24 80 71 90 52 27 38 29 32 71 66 88 60 30 35 47 84 85 73 55 27 25 38 85 25 34 63 45 73 34 19 82 99 73 71 51 85 94 65 99 64 33 86 26 45 23 58 31 90 30 71 19 38 91 87 48 27 49 75 82 65 77 66 63 52 37 99
90 28 70 45 89 60 86 24 30 94 30 59 49 70 49 53 36 61 41 30 81 58 49 83 69 41 24 41 28 33 24 54 42 77 82 32 37 67 38 50 62 51 91 92 20 39 46 40 83 68 53 63 27 83 48 77 23 53 20 32 69 27 69 94 85 50 26 21 98 47 55 61 79 45 55 82 67 82 23 49 52 58 96 62 42 43 39 47 79 42 62
110 40 98 80 48 21 61 51 93 90 31 49 33 73 33 61 58 23 28 71 22 82 90 41 23 93 36 64 20 84 58 69 39 55 65 68 73 25 34 65 31 45 29 60 98 43 20 71 62 29 57 64 26 47 85 45 55 37 89 56 20 63 24 56 98 69 23 86 91 37 50 37 62 60 77 75 99 78 45 76 22 82 39 28 44 39 54 80 56 58 51 73 20 55 44 34 40 47 100 46 80 66 63 41 41 55 31 55 32 56 30
1 32
144 78 97 76 41 56 52 27 82 92 67 77 55 40 99 49 59 51 42 85 97 25 30 93 39 62 69 73 65 66 86 72 97 82 48 37 91 78 42 47 69 87 24 23 80 76 25 93 27 99 77 77 23 61 44 94 76 92 66 41 32 51 66 28 87 92 43 77 44 38 24 66 79 80 42 58 30 45 25 35 43 56 66 98 70 88 91 45 54 31 39 64 61 84 45 22 50 66 77 73 58 54 92 36 87 34 47 96 32 51 84 29 85 49 26 54 91 71 52 44 80 70 62 94 28 60 94 31 80 46 82 37 78 49 51 65 61 76 35 46 26 97 53 64 100
65 66 86 73 93 85 66 30 69 36 86 58 81 41 63 46 34 53 43 73 47 80 39 43 94 89 100 65 56 61 55 73 27 68 73 47 53 38 54 49 79 67 84 60 85 74 83 96 26 53 96 78 60 34 99 81 23 48 46 84 36 78 84 40 46 56
53 95 95 32 30 73 93 50 39 38 50 38 45 74 96 53 95 87 37 74 59 49 76 45 35 83 57 45 47 53 35 84 47 28 90 52 77 83 76 90 97 25 27 39 75 97 68 68 84 80 39 40 26 92
63 80 27 29 31 62 88 26 75 33 45 61 74 51 55 74 31 76 85 91 55 63 79 55 99 89 72 57 82 84 61 69 63 63 89 70 40 76 87 31 25 31 83 90 73 37 80 95 28 64 85 74 42 63 28 57 67 91 89 48 75 49 32 37
18 27 83 54 26 39 91 45 26 45 78 35 60 81 96 83 32 26 98
20 59 48 27 84 69 63 51 79 91 67 27 55 75 65 49 48 40 92 64 62
109 32 76 88 40 100 49 80 44 37 54 96 51 51 47 35 41 41 58 81 43 33 83 83 32 56 31 42 32 62 76 54 66 52 98 78 51 46 41 51 39 68 46 63 75 66 54 88 79 85 52 78 74 35 44 78 47 31 76 51 66 52 77 31 60 75 66 83 77 63 33 89 30 51 35 61 73 61 33 35 45 57 69 75 48 85 52 68 73 85 91 38 93 52 41 52 83 63 91 59 99 96 47 85 30 38 46 60 72 51
168 61 35 74 62 74 92 76 56 42 63 32 68 54 35 51 63 91 46 98 38 74 61 53 90 67 63 52 39 66 88 39 98 38 84 59 99 76 51 54 89 29 74 57 55 80 95 89 71 40 31 96 30 63 64 91 45 42 42 55 79 45 66 93 70 65 67 69 40 89 94 45 90 83 73 60 63 67 64 49 94 66 60 95 29 39 29 45 53 58 88 47 74 69 39 60 33 78 100 45 66 37 77 71 92 65 30 70 47 66 34 40 47 81 51 47 91 51 80 43 97 67 62 86 35 88 45 39 65 44 71 47 53 47 89 60 83 35 45 29 88 50 57 34 46 79 53 36 45 32 67 41 70 44 99 92 31 43 30 68 75 89 30 43 35 90 74 34 40
157 44 69 35 67 87 33 37 99 93 70 45 48 59 98 99 43 67 64 37 71 33 95 40 48 38 79 52 53 68 85 45 82 53 81 49 70 44 87 68 36 56 83 55 46 40 84 59 77 47 66 79 81 91 89 99 59 98 82 42 65 66 88 78 89 68 57 90 82 43 57 49 30 40 34 46 50 88 35 58 66 32 36 77 93 55 36 83 53 88 95 48 53 43 96 72 81 83 61 94 57 89 42 57 59 46 33 39 64 38 98 60 40 64 37 64 90 43 46 73 30 71 51 84 44 78 55 96 60 47 49 87 66 92 74 95 37 37 64 31 46 62 62 87 96 69 50 45 42 97 48 42 99 70 96 42 47 81
35 82 52 36 59 50 54 34 87 68 89 67 53 76 32 71 81 31 89 63 39 79 78 81 92 46 71 79 61 98 32 86 92 54 34 50
44 58 33 100 76 55 95 61 93 60 85 66 55 86 95 68 90 70 91 62 71 34 59 65 66 80 61 71 42 51 89 94 78 61 93 93 56 87 53 88 86 37 53 40 91
55 66 45 100 33 76 51 72 39 94 61 55 92 99 85 62 66 35 58 62 34 78 64 60 72 85 44 66 91 44 72 38 77 84 45 85 67 63 65 81 64 33 43 56 100 35 93 73 37 50 34 38 35 65 73 74
61 72 62 65 54 94 59 91 45 70 75 84 88 53 83 92 73 98 90 61 58 64 70 58 94 52 44 67 37 85 95 86 74 73 50 94 83 92 84 94 61 75 94 66 94 76 74 84 90 80 61 47 43 97 89 36 66 99 69 69 100 80
154 78 63 55 50 60 89 64 57 97 57 100 94 51 51 58 43 36 88 100 43 38 96 57 95 87 72 39 92 86 55 38 62 83 58 77 42 46 40 62 40 63 59 97 77 75 54 85 74 39 82 82 42 77 36 100 63 73 38 52 57 58 53 84 38 74 58 43 86 64 70 89 90 92 86 66 66 39 48 38 44 95 83 49 70 85 49 98 57 50 48 77 74 66 60 75 40 84 84 89 45 51 77 100 43 62 63 72 65 76 75 74 68 58 86 37 42 100 99 62 50 46 39 87 77 62 61 80 43 42 68 51 59 43 50 67 70 78 38 100 51 79 71 85 100 57 87 39 54 85 66 69 94 68 53
196 42 48 91 36 37 89 91 38 96 65 79 78 84 99 67 42 87 92 77 59 90 36 75 57 79 58 52 100 63 59 46 71 71 38 73 74 91 63 79 86 95 59 66 78 57 99 84 43 90 63 68 82 63 42 38 43 67 54 42 96 79 54 68 51 59 40 90 49 70 68 37 64 93 69 41 50 69 89 57 60 53 92 41 80 100 45 88 66 66 96 61 44 52 93 62 75 100 51 90 69 85 93 99 77 63 39 93 96 94 52 58 47 43 65 93 42 75 82 75 42 80 100 50 96 95 76 72 96 93 63 64 79 58 64 58 87 67 52 85 62 68 42 75 77 71 68 84 47 51 58 53 95 59 70 92 55 47 63 50 42 93 80 85 52 43 44 38 76 63 87 38 95 93 77 72 64 46 57 77 62 81 95 56 41 64 48 61 75 77 77 81 71 57 68 87 66
92 91 80 91 77 65 38 87 94 37 99 99 83 55 37 47 92 45 78 50 66 66 49 89 85 87 59 45 93 42 94 50 96 73 40 72 37 41 58 95 41 56 93 87 75 93 97 66 37 75 80 67 40 92 55 88 78 77 96 71 82 90 84 77 62 87 49 63 92 70 57 96 90 49 83 64 41 79 93 41 53 72 71 57 63 89 44 41 66 40 75 47 93
37 72 64 77 64 44 91 90 40 71 79 53 64 46 56 86 95 92 84 82 100 97 65 83 83 91 43 57 39 52 64 72 86 91 48 49 95 100
101 47 75 67 62 63 48 100 97 71 84 74 59 72 57 42 87 64 65 99 55 50 52 93 76 79 88 60 52 84 60 57 90 96 83 52 56 92 51 52 62 94 88 81 65 42 84 50 67 47 46 84 56 59 74 94 100 61 51 49 42 70 67 92 63 49 41 80 41 51 93 62 44 78 42 68 82 88 79 46 96 85 89 51 43 62 42 42 84 54 52 86 85 78 75 47 89 77 88 89 89 79
179 87 82 55 78 68 99 58 85 82 92 91 94 49 77 65 42 52 57 77 56 83 98 81 86 58 99 96 63 64 95 68 52 78 83 93 46 83 50 91 66 43 83 60 54 59 87 56 74 45 96 90 88 93 71 76 52 71 73 75 98 67 44 51 46 90 43 52 72 55 44 40 60 90 62 75 48 48 93 84 55 88 74 45 82 46 83 94 79 55 70 76 84 75 90 90 64 95 44 98 50 50 100 72 100 61 46 50 71 100 94 89 89 69 94 71 75 76 66 54 91 97 92 74 73 81 65 97 76 69 96 88 82 96 59 81 58 66 93 92 67 87 80 55 57 73 88 93 50 54 46 40 52 98 76 85 79 40 83 56 72 80 43 53 77 62 96 96 90 91 89 56 79 68 74 96 40 61 88 52
38 86 57 65 100 53 64 53 98 93 53 99 83 87 63 52 87 71 79 90 43 49 59 96 86 85 69 70 59 60 68 97 45 76 54 96 88 77 100
185 77 98 84 63 75 49 86 54 58 57 92 54 67 72 59 43 89 66 44 80 82 49 89 47 100 80 91 45 69 81 55 49 82 42 70 57 49 55 69 69 74 60 81 100 94 98 46 86 68 48 69 49 59 58 58 59 100 49 66 72 92 83 79 73 83 48 88 95 66 56 63 98 78 44 42 76 100 46 61 67 53 93 79 74 50 95 95 53 47 60 84 97 42 66 70 84 73 57 82 97 76 44 98 57 46 99 95 50 44 56 79 59 48 57 92 60 56 86 75 61 46 62 58 46 87 90 92 63 46 73 59 84 76 56 45 84 58 98 96 61 57 75 82 63 94 73 85 53 63 64 77 67 84 93 75 74 86 71 95 94 43 53 78 81 72 85 69 88 82 64 52 98 42 93 64 99 69 53 55 90 75 90 60 62 86
10 55 95 91 59 91 56 93 53 54 55
159 81 75 69 56 98 69 48 82 54 76 52 96 78 50 49 57 70 56 87 80 85 95 72 94 87 67 67 64 49 79 54 45 53 79 57 66 64 61 47 90 52 72 85 46 78 49 59 63 61 61 100 46 55 87 55 57 69 94 93 90 72 46 91 81 98 64 47 61 97 66 50 65 94 91 67 71 96 98 50 72 58 49 90 86 51 44 99 93 94 92 82 81 53 89 78 50 68 97 67 80 62 89 44 72 79 83 58 90 80 64 78 54 85 67 96 93 68 53 85 77 60 82 74 70 70 51 92 53 47 75 90 81 63 90 52 58 89 67 63 84 87 97 94 72 64 48 80 47 58 80 96 74 77 69 100 63 92 92 72
184 55 64 100 95 48 73 55 64 92 98 62 59 71 55 66 98 57 57 54 83 71 97 69 58 76 76 51 81 97 75 57 51 78 96 86 81 69 80 84 60 77 86 58 48 80 63 85 92 75 79 75 45 75 83 99 90 98 49 70 95 63 83 85 97 78 70 61 86 50 85 46 82 70 99 69 49 62 94 96 92 72 54 77 46 92 75 91 74 63 45 68 82 67 52 78 84 62 94 70 67 78 55 88 87 53 97 91 54 90 71 86 45 80 62 46 56 76 76 85 94 60 92 75 82 83 92 66 84 86 91 50 47 85 78 74 77 58 64 87 87 74 72 87 94 73 72 49 48 47 73 81 63 48 56 84 70 47 49 54 72 79 99 59 63 76 88 80 73 91 66 59 65 93 85 58 65 56 46 52 59 58 88 61 45
134 81 97 82 96 97 83 77 83 72 90 65 77 65 86 87 93 87 52 76 95 52 65 98 76 61 57 87 87 84 83 77 52 79 58 89 63 82 65 100 96 54 51 72 60 78 58 94 65 51 69 46 99 88 98 74 90 97 60 77 67 84 95 60 63 94 48 80 75 55 66 70 50 71 84 65 49 83 58 55 76 82 97 74 56 81 90 88 77 91 64 86 75 100 100 79 93 48 100 54 57 65 79 61 77 49 67 67 86 80 63 48 48 46 77 100 82 53 87 100 98 50 85 72 49 85 92 83 74 91 92 72 97 57 74
5 89 52 78 92 72
41 76 73 57 52 93 92 86 68 62 60 66 57 68 50 75 55 99 100 87 51 74 78 82 69 88 79 85 51 49 79 93 56 83 81 60 75 73 98 74 66 89
22 55 53 94 58 54 91 83 79 72 65 66 89 57 75 99 92 89 84 82 84 56 81
86 97 67 50 51 83 69 51 75 51 82 86 78 59 52 94 51 58 90 73 90 96 100 77 63 73 70 80 74 79 74 64 75 92 64 50 99 84 51 73 59 83 58 61 92 60 79 67 94 69 91 83 89 64 59 52 88 53 82 61 82 81 100 81 97 64 81 95 72 56 67 55 64 100 66 80 84 95 98 77 88 88 59 77 76 93 53
166 75 86 78 88 93 88 84 83 69 66 80 92 64 82 65 73 100 71 100 82 58 95 73 68 66 66 68 82 94 68 98 69 56 77 56 98 65 92 83 85 57 62 79 72 96 93 96 95 66 96 78 73 90 53 90 56 68 60 87 61 79 86 81 86 65 87 86 81 78 68 65 86 81 93 60 76 88 55 73 53 52 100 77 92 52 68 99 71 77 87 84 58 72 64 93 88 52 80 68 81 97 83 67 78 77 78 55 64 82 77 68 86 79 94 79 82 62 77 55 90 63 88 97 86 53 92 76 55 71 93 85 68 75 53 97 54 80 51 67 64 80 87 99 58 80 77 89 91 55 93 81 69 82 79 56 85 70 81 91 93 74 77 60 100 82 58
102 93 93 66 98 99 99 56 99 52 72 65 66 71 89 76 78 85 93 57 55 53 68 91 93 52 75 85 90 55 99 84 53 96 54 99 95 57 60 98 58 80 67 72 100 56 96 82 94 93 92 97 99 60 92 91 65 66 80 54 75 83 92 76 79 99 79 73 56 87 75 67 72 91 87 76 95 87 57 93 84 98 89 83 62 85 78 80 99 58 83 78 94 79 58 72 77 91 98 86 77 73 52
137 95 60 90 96 63 92 90 87 82 75 70 92 89 69 72 78 89 95 57 95 71 86 94 58 68 65 77 70 57 63 87 99 70 77 62 81 84 67 83 65 57 68 72 61 84 59 54 73 54 58 67 88 60 76 93 75 88 86 60 60 96 95 74 81 87 83 61 86 65 59 98 69 74 85 77 58 91 79 94 60 84 76 96 59 99 56 82 55 57 57 62 100 99 100 97 53 82 73 86 63 80 99 79 69 83 56 90 90 98 83 65 97 74 60 56 73 80 53 75 84 57 100 100 72 99 96 88 97 84 74 59 63 72 85 80 71 56
24 90 82 86 90 76 94 59 80 92 95 88 68 98 62 93 65 60 87 89 87 71 61 63 80
161 68 98 65 86 55 84 73 100 81 75 93 79 80 63 60 56 67 56 65 87 94 82 97 91 79 80 57 58 82 62 56 89 99 60 69 93 83 87 86 63 55 78 82 74 86 87 69 98 82 74 79 76 95 69 60 67 94 56 71 69 57 66 57 95 65 71 88 94 98 73 56 92 97 77 60 76 57 74 68 85 87 92 100 81 60 59 94 99 100 58 61 57 69 57 97 79 74 84 72 65 97 68 96 87 84 55 62 87 69 75 65 55 60 64 82 65 62 69 57 61 72 63 63 86 60 100 58 73 77 70 83 73 77 72 59 60 73 61 86 81 75 96 75 81 59 96 91 60 64 88 61 81 90 69 60 95 62 58 67 85 73
110 75 57 72 99 87 75 86 69 98 65 82 76 83 58 78 84 77 88 74 56 71 59 68 57 98 95 100 56 70 63 74 90 71 90 95 58 64 80 78 68 96 59 95 86 68 72 76 97 60 56 59 82 59 78 83 56 73 90 64 87 59 82 83 75 78 77 84 93 63 61 60 66 71 99 96 91 78 71 87 89 78 90 70 81 68 59 89 92 100 59 85 59 92 75 85 69 58 75 61 66 87 72 76 64 77 78 99 99 100 85
1 96
186 92 75 65 69 98 85 93 81 65 85 74 89 74 91 84 72 91 84 91 100 61 67 78 81 86 93 92 65 74 75 91 65 92 98 68 82 74 61 97 81 88 71 70 97 96 88 60 79 63 94 70 66 60 90 81 88 75 64 95 91 81 85 90 64 74 58 88 90 61 85 63 83 90 75 79 85 97 82 63 59 67 76 59 69 65 82 99 74 88 86 64 68 62 89 66 71 89 97 95 84 81 100 58 70 66 80 89 62 96 95 98 62 62 99 65 61 72 98 78 59 83 76 61 80 64 70 93 95 58 79 70 81 79 71 85 87 85 65 84 72 94 81 68 98 72 75 94 78 64 63 80 90 81 75 61 88 79 88 74 79 66 79 94 87 84 70 74 68 78 92 74 71 64 84 61 70 93 97 91 99 59 62 80 74 79 75
75 95 64 62 76 72 68 67 100 95 71 97 88 88 93 79 64 98 94 97 96 65 96 86 85 77 98 91 80 89 64 74 81 68 75 96 79 84 62 78 78 75 75 63 62 65 83 65 60 74 61 98 80 96 81 64 72 77 94 92 63 100 63 85 65 79 80 85 60 84 62 77 100 76 81 59
198 98 76 90 62 89 82 74 82 100 93 62 96 76 95 63 89 94 72 79 74 87 60 64 77 70 89 63 67 91 94 87 90 69 76 94 100 60 67 83 61 62 88 97 78 82 61 68 78 73 87 92 61 87 97 81 99 87 84 67 80 77 94 69 88 72 63 90 72 72 72 73 74 61 71 94 84 74 61 61 89 90 95 92 78 91 72 77 80 97 84 100 75 80 70 63 92 75 93 65 90 66 80 63 68 91 98 94 64 60 97 95 91 91 86 68 84 99 87 65 97 73 66 71 93 76 74 86 94 68 91 83 77 70 88 87 62 85 80 68 88 76 62 78 68 88 86 92 88 75 99 84 88 64 96 80 81 71 65 76 82 98 99 99 67 86 85 71 73 66 79 60 84 83 80 92 70 67 86 60 82 84 84 69 89 79 91 71 93 98 87 74 95 87 72 63 74 99 74
89 80 66 94 82 61 87 82 92 85 80 88 97 73 68 93 78 68 90 70 69 92 77 70 81 75 88 78 75 84 91 85 63 89 78 84 89 97 97 72 81 77 99 77 81 99 69 98 66 91 99 74 82 67 75 94 81 62 71 87 85 94 71 79 82 81 62 62 69 90 74 89 66 72 97 78 70 98 67 67 88 65 72 61 71 86 94 91 79 65
49 64 93 67 70 81 87 92 81 92 96 95 95 64 62 95 90 99 65 62 85 85 99 78 99 70 64 92 93 100 98 75 92 90 80 100 98 95 81 79 75 65 62 70 95 62 64 84 100 95
126 65 89 90 72 65 63 87 66 79 69 84 84 75 70 89 77 81 97 65 71 90 82 91 69 80 96 98 83 86 80 63 66 84 90 75 86 69 100 68 85 68 89 85 96 74 73 72 70 85 91 78 74 72 85 97 89 80 72 88 81 68 88 84 89 94 96 91 78 95 96 78 78 100 100 73 89 88 99 97 72 89 90 100 76 74 96 81 69 67 68 87 72 71 70 77 64 82 67 79 76 100 73 70 77 72 80 81 76 94 77 85 82 83 84 96 72 95 76 79 100 97 81 87 67 67 63
4 72 93 86 83
93 91 84 98 97 86 81 66 69 79 90 67 91 68 92 99 82 79 69 89 65 87 86 67 89 92 99 76 95 92 87 72 82 70 86 78 71 66 95 76 80 65 94 71 68 85 69 85 79 73 90 95 75 91 97 100 82 96 91 76 87 77 100 68 99 85 98 69 86 72 96 65 72 89 87 91 73 71 76 67 95 81 97 70 71 94 69 68 89 75 96 75 88 95
101 68 71 72 98 98 97 93 76 96 94 69 67 95 68 70 92 100 80 80 83 80 83 86 70 80 84 71 85 66 88 96 68 93 80 78 67 76 70 78 83 75 81 84 69 95 100 73 71 79 99 88 93 93 73 75 72 92 80 68 92 80 98 72 84 89 84 86 99 100 98 94 74 90 77 90 84 77 97 67 67 95 89 72 99 74 81 70 77 72 84 80 86 81 86 70 82 81 90 92 80 99
34 76 89 72 78 87 69 73 69 97 96 69 76 71 88 68 74 81 69 79 71 83 91 92 77 79 78 73 95 96 77 67 71 73 80
173 76 96 86 90 99 96 75 90 99 80 75 81 79 84 72 99 92 72 94 88 73 85 97 71 88 74 91 99 78 76 98 84 69 83 74 100 76 79 90 74 92 95 85 70 78 89 99 69 94 90 87 97 75 82 100 93 88 90 92 98 96 87 82 98 70 88 95 76 97 84 83 86 76 98 87 86 87 85 86 78 73 70 74 78 84 71 70 71 93 94 69 87 81 83 82 81 68 76 89 95 91 69 81 99 98 100 83 84 82 99 94 87 68 98 97 85 68 98 88 93 91 87 77 69 100 91 80 98 98 100 93 88 68 73 84 98 72 97 79 84 95 70 71 96 100 98 78 100 95 98 91 84 83 98 83 82 89 96 80 84 95 72 71 93 75 85 89 77 82 100 93 74 70
129 85 80 96 84 71 79 99 98 96 90 71 76 100 93 89 79 71 87 95 77 90 96 96 82 74 89 87 97 78 73 82 95 84 77 78 86 88 76 83 83 97 86 90 97 78 78 75 81 96 70 89 86 97 84 99 71 72 85 99 82 89 80 76 73 89 85 90 76 93 73 90 89 90 80 85 99 89 92 79 85 93 100 70 89 83 100 91 87 85 89 100 73 69 75 77 89 91 99 96 83 71 85 72 92 96 88 90 85 79 69 69 71 100 70 92 82 69 82 100 85 71 99 90 71 73 98 91 96 96
17 74 92 75 87 98 74 72 95 83 74 80 99 80 94 88 79 85
62 78 79 84 80 77 83 78 76 92 96 71 88 95 98 81 73 95 86 88 99 88 73 73 90 82 78 77 80 76 73 74 76 73 87 85 80 91 85 85 83 80 85 92 97 74 72 91 98 79 78 88 88 72 91 99 75 98 75 84 96 100 87
190 78 76 77 85 95 100 91 77 77 98 87 73 91 99 78 93 81 76 91 87 91 87 78 99 74 81 98 86 73 87 81 100 83 87 85 78 86 96 75 83 94 91 76 76 89 82 89 90 86 100 76 97 86 83 95 81 92 84 95 85 92 76 76 74 83 89 72 89 77 76 72 99 87 76 95 75 79 83 93 93 83 90 82 97 72 76 98 84 81 93 89 72 89 93 95 100 74 96 88 100 92 88 98 78 85 84 73 92 87 86 76 90 75 86 79 96 83 76 100 92 97 88 84 85 73 78 76 96 94 93 95 77 80 84 75 93 88 76 76 74 83 81 93 86 95 92 74 98 96 73 89 85 82 93 90 83 92 95 99 85 87 93 83 87 97 86 72 84 83 76 86 94 77 99 100 72 90 73 98 86 96 79 91 77 92 80 80 83 74 78
125 74 77 96 89 80 95 77 88 78 85 95 89 93 95 86 83 95 93 87 75 97 89 85 83 95 86 84 89 93 88 94 95 76 73 83 95 96 99 94 85 95 89 74 87 95 99 81 89 75 96 92 84 96 88 94 90 73 78 79 94 93 84 88 97 97 82 75 92 80 97 76 86 85 89 85 79 99 93 79 86 100 82 97 96 98 74 97 82 79 87 75 84 99 74 92 95 83 94 98 74 90 85 100 74 86 84 92 96 76 83 81 88 76 89 95 73 91 91 95 97 78 97 92 88 83
186 85 100 82 97 82 93 99 97 87 92 96 100 88 81 79 83 86 99 92 75 86 95 94 95 89 79 80 97 87 97 99 87 96 96 99 93 89 97 78 91 78 89 90 92 97 85 90 98 99 81 100 84 91 82 95 96 87 90 92 89 86 79 75 97 75 100 90 79 85 94 96 89 83 74 96 95 85 86 92 83 82 80 94 100 88 77 84 74 93 75 78 94 80 79 90 97 94 95 91 79 89 75 83 87 76 79 97 87 80 88 86 88 84 95 87 98 98 97 88 79 87 92 99 83 87 77 95 80 99 86 74 76 76 100 89 78 78 85 81 100 88 93 87 98 87 90 96 100 75 99 78 89 90 92 87 92 95 81 88 93 93 88 95 96 87 83 89 80 83 85 79 87 77 82 100 79 98 84 78 99 82 98 76 99 89 89
152 92 97 86 81 76 93 80 87 77 96 97 89 87 80 81 87 94 90 98 98 99 80 99 97 100 84 99 82 99 77 87 90 99 98 98 76 92 77 89 97 75 85 85 87 90 91 75 85 83 98 85 81 77 83 79 77 94 78 84 92 82 96 81 82 96 81 83 89 85 99 85 85 85 95 99 77 88 99 87 96 97 99 78 75 81 83 77 75 88 89 92 97 86 75 78 83 83 86 98 93 87 82 80 97 79 78 99 94 79 88 89 77 86 94 77 93 78 80 95 93 96 88 89 81 88 92 92 96 80 89 91 92 98 96 90 78 99 89 97 79 78 87 81 89 83 84 83 86 91 79 79 86
26 85 77 96 93 87 89 88 83 89 76 85 100 81 93 84 100 89 78 91 88 77 85 79 85 86 79
160 99 93 82 77 83 84 100 97 98 95 96 81 96 96 79 94 88 88 77 85 78 84 86 81 83 97 87 96 82 93 96 80 77 78 96 100 77 96 96 90 82 92 94 78 79 88 95 90 100 87 91 77 94 92 97 77 88 84 88 93 92 83 89 93 84 84 84 84 79 79 98 85 86 83 78 81 95 96 94 86 99 100 86 92 91 99 84 78 98 95 87 81 78 91 89 77 98 96 77 93 91 98 93 100 96 94 96 82 81 90 91 79 89 93 87 96 91 94 97 80 89 99 84 82 89 97 82 79 92 82 95 82 95 79 98 83 96 93 88 92 98 79 95 79 87 97 98 93 90 86 96 94 77 95 99 81 91 81 83 99
137 80 99 96 84 85 87 84 90 96 97 92 92 86 92 87 100 96 85 78 78 97 98 93 97 100 79 86 98 94 78 86 90 94 98 97 78 78 97 84 90 93 99 82 95 84 85 88 97 87 89 97 83 86 89 79 79 84 82 94 100 99 79 90 92 93 80 87 87 99 93 99 86 91 80 97 98 88 85 94 97 90 84 96 92 89 92 93 95 90 80 89 88 81 95 80 90 91 89 99 89 81 98 91 89 100 88 80 81 89 90 94 78 96 90 92 78 98 78 95 87 81 100 97 78 94 93 91 78 98 83 90 96 80 97 84 97 78
40 94 95 98 85 100 94 98 89 98 83 99 86 87 84 94 80 81 83 85 84 81 87 92 87 91 92 95 79 81 99 81 95 93 100 79 91 93 96 99 88
39 80 85 94 90 86 99 96 98 91 99 98 95 87 99 90 93 100 95 99 83 89 100 91 89 80 83 96 90 85 90 95 85 93 86 94 97 83 89 94
142 90 89 94 95 99 88 85 94 98 99 85 84 88 95 92 92 100 87 86 94 95 90 97 86 92 97 97 84 97 100 98 98 88 84 92 99 91 96 92 100 87 89 83 94 95 87 97 94 93 82 88 87 84 84 92 95 92 88 90 100 99 87 97 87 90 81 97 92 88 100 83 94 88 98 99 82 84 96 96 88 89 95 94 92 90 97 86 81 96 87 92 94 94 88 92 95 100 88 99 88 88 93 93 95 90 92 89 93 99 96 100 87 90 85 99 99 93 96 91 88 83 82 82 88 81 85 94 81 93 84 100 100 97 92 86 86 95 86 91 93 81 82
59 87 84 84 91 89 96 85 93 87 86 84 95 82 97 88 93 85 95 87 93 92 82 94 94 89 90 86 89 89 98 88 91 100 87 82 86 83 82 97 88 87 96 99 84 89 86 95 93 96 100 82 85 97 94 94 82 100 98 90
74 93 91 86 85 90 91 93 85 84 91 96 97 96 99 91 98 95 98 92 86 85 89 99 83 91 90 98 85 87 99 85 95 87 89 97 94 95 87 94 96 95 90 92 88 86 98 86 99 95 93 100 95 99 98 96 90 85 91 90 89 87 93 99 91 97 96 83 91 100 94 85 95 99 92
23 91 100 100 99 97 95 94 84 88 86 91 94 96 84 94 90 97 92 91 97 99 85 97
40 94 98 93 96 98 91 95 98 88 88 88 99 93 97 91 96 91 94 99 85 87 93 89 94 97 96 100 99 85 97 99 94 94 92 89 92 98 100 89 85
10 97 92 91 87 98 90 86 97 91 90
161 94 99 97 98 94 100 96 92 89 91 94 96 94 100 87 87 95 100 93 97 88 87 95 94 94 89 93 87 98 95 98 92 91 92 87 98 92 97 87 94 87 94 87 92 92 88 92 100 99 96 97 100 94 91 91 88 91 96 100 89 88 95 92 92 100 92 87 89 100 87 96 98 93 95 89 98 94 94 95 92 87 89 89 95 92 91 94 96 100 93 98 87 87 87 92 98 93 90 87 90 91 94 88 97 88 90 92 93 96 98 98 96 87 98 88 92 89 95 87 88 87 97 87 99 97 90 95 87 94 95 91 98 88 92 92 88 93 95 94 88 92 90 98 92 87 99 95 89 94 94 89 92 90 89 89 98 92 97 97 97 89
88 93 96 96 99 100 88 97 89 89 94 99 94 94 99 88 94 90 96 93 91 96 93 93 89 95 96 99 97 98 97 97 90 92 94 89 94 95 98 95 96 93 95 91 89 95 91 95 97 89 100 89 97 94 94 98 90 90 98 100 100 94 98 91 100 92 92 93 88 92 89 98 97 98 88 98 93 93 94 91 94 93 93 90 88 99 89 91 90
173 89 98 99 92 95 93 94 89 91 92 98 91 99 90 94 91 97 91 93 95 98 91 93 96 90 97 93 97 97 96 99 89 97 89 92 95 93 90 96 100 93 97 94 96 90 91 98 99 94 94 93 91 97 97 90 90 97 94 98 93 93 100 97 90 89 93 96 97 94 91 100 90 92 97 97 93 100 99 91 93 92 99 99 100 96 100 89 92 97 91 89 90 90 97 91 94 93 98 95 98 93 98 92 96 95 92 100 94 90 91 90 94 93 100 97 100 99 90 96 95 92 100 100 93 100 90 91 93 92 97 94 96 94 97 91 100 93 94 97 94 100 98 91 93 97 92 96 99 93 91 98 96 94 97 92 94 91 98 98 94 94 91 89 92 92 95 91 96 92 92 93 92 89
75 100 98 98 95 94 91 98 95 99 96 91 91 97 91 93 96 94 94 98 93 95 97 91 95 90 100 91 93 90 96 97 98 93 94 91 96 93 99 90 100 92 91 91 100 92 92 95 94 94 90 97 100 95 96 92 95 94 91 97 92 97 93 90 90 98 91 96 99 98 96 99 100 96 98 97
31 95 93 92 94 99 95 100 98 91 93 91 100 96 94 99 98 98 96 91 92 95 95 98 95 98 92 99 96 96 97 98
49 96 97 94 99 95 92 95 100 92 97 92 92 94 93 98 99 99 100 95 95 99 97 99 99 93 93 93 94 96 95 92 100 98 94 98 100 92 99 99 92 94 100 93 96 92 97 92 97 97
112 98 100 100 99 97 93 97 94 100 98 97 100 96 93 93 96 95 100 93 93 95 94 95 100 93 93 94 97 97 94 97 94 94 96 100 98 97 97 99 96 94 96 95 97 96 95 93 98 94 93 98 96 94 93 95 94 93 97 98 97 98 94 99 99 97 98 97 93 94 95 96 96 98 98 100 93 100 100 98 94 100 96 97 93 96 100 94 96 96 99 93 93 100 99 100 97 96 96 97 98 98 93 93 96 98 100 96 98 100 94 99 99
76 95 100 95 99 100 98 94 95 97 97 96 98 99 97 94 95 96 98 98 94 99 95 94 95 96 96 98 96 94 98 96 94 95 95 99 94 99 100 95 94 94 96 96 99 99 96 98 94 100 100 99 96 95 100 96 95 100 100 97 94 97 99 94 98 100 99 97 96 96 96 94 96 98 97 99 95
196 97 99 97 100 97 95 98 95 96 97 100 99 98 95 99 99 98 97 95 97 98 98 97 95 98 97 100 98 99 100 96 100 98 96 97 100 95 98 100 96 98 98 98 95 98 97 99 100 97 97 96 98 100 96 98 95 96 97 98 95 100 98 98 98 99 100 95 99 95 99 99 98 96 96 98 97 96 100 96 98 96 95 99 99 97 95 98 96 97 95 96 97 96 97 98 99 100 98 95 100 96 99 97 95 95 98 98 96 97 97 98 96 96 96 95 98 100 98 97 97 96 99 97 96 99 100 100 99 95 98 98 97 97 99 95 97 96 98 96 97 95 99 96 96 99 100 97 98 97 99 98 97 95 98 96 100 97 99 96 96 96 99 96 98 97 96 98 99 100 98 99 98 100 100 97 98 100 97 100 100 99 95 100 100 99 95 97 99 99 98 98 99 100 99 100 97
2 97 98
151 97 97 97 98 100 99 100 99 97 97 97 99 97 100 98 99 97 98 98 97 97 97 99 97 98 99 97 100 98 99 99 98 99 99 99 98 97 98 97 97 98 97 99 99 100 97 97 100 98 98 97 99 99 99 99 100 97 99 99 98 97 97 99 99 99 98 100 99 99 100 99 97 100 97 99 100 97 99 99 99 97 99 97 99 98 99 98 98 97 100 100 97 100 98 99 98 99 98 100 98 98 98 98 97 98 100 100 99 98 99 97 98 97 97 100 98 99 97 100 99 100 99 99 99 100 97 100 99 98 99 100 99 100 97 100 98 100 99 100 97 97 100 99 98 100 98 99 98 99 98 100
53 99 100 100 99 100 98 98 100 99 99 98 100 98 99 100 99 99 99 100 100 98 99 98 98 99 98 98 100 100 98 99 98 100 99 100 100 100 98 98 99 99 98 99 100 100 100 98 98 98 99 98 100 100
154 100 99 100 99 100 100 100 99 99 99 99 100 100 99 99 100 99 99 99 99 100 100 99 99 100 100 99 100 100 100 99 100 99 100 100 100 99 99 100 99 99 99 100 99 99 99 100 100 99 99 100 100 100 100 100 99 99 100 99 99 100 99 100 100 100 99 99 100 99 99 100 100 99 100 100 99 100 99 100 100 99 99 99 99 100 99 99 99 100 99 99 99 99 100 100 100 100 99 99 100 99 99 99 99 100 100 99 99 99 99 100 99 99 100 99 99 100 100 99 100 100 99 100 99 100 100 100 99 100 99 100 100 99 99 100 100 100 100 100 100 100 99 99 99 100 99 99 100 100 99 99 100 99 100
97 100 100 100 100 100 100 100 100 100 100 100 100 100 100 100 100 100 100 100 100 100 100 100 100 100 100 100 100 100 100 100 100 100 100 100 100 100 100 100 100 100 100 100 100 100 100 100 100 100 100 100 100 100 100 100 100 100 100 100 100 100 100 100 100 100 100 100 100 100 100 100 100 100 100 100 100 100 100 100 100 100 100 100 100 100 100 100 100 100 100 100 100 100 100 100 100 100
