74124
17535
64224
190938
77946
118962
45788
167180
155095
25721
105046
9583
150964
97234
192854
140497
87900
16007
43796
59168
88298
168092
168547
58819
150486
84058
114191
110069
99419
27009
13435
96395
51256
181089
16336
150653
191648
120062
190946
128240
172445
15814
72693
178699
169705
50927
80238
61399
52947
109803
112849
67079
61435
187418
42993
2650
111743
100396
178799
70580
107681
75399
91055
5996
13906
101507
129190
58596
90448
79335
28169
166546
57576
46098
177998
5661
15730
8874
161147
138727
38375
56742
102302
69227
154349
95641
177350
197091
102914
58164
10766
178313
198064
3422
141906
179605
150747
102361
73328
82621
80233
174223
187032
173726
199087
35269
58435
113721
13943
163661
131227
132007
69161
73215
156332
16865
188857
188526
77029
61676
111778
61199
77102
141791
48795
61919
6200
73708
16900
184017
156516
151314
192193
117964
194399
6051
12110
78490
13726
19270
74664
16145
167043
145037
68906
118327
89662
160871
47829
169735
4404
127571
150954
67564
154241
69883
77561
163531
66589
95229
35137
147777
131279
132236
137393
88320
49424
8434
48598
189700
73391
24596
61775
17159
88962
35619
130264
117453
36887
132527
118132
22588
185767
81515
198552
156389
156461
41387
122439
13046
65646
107779
170459
57130
102689
91051
68011
51920
127152
156806
114354
32333
23043
6311
192931
40869
13540
101810
172181
160598
79349
86284
165147
167464
89405
55768
147245
96094
120577
165988
167063
32173
109853
157304
36101
33255
127313
152845
21052
38872
102128
39230
63353
52654
132259
192621
16606
184246
160680
133145
9499
180588
192311
66373
144765
139504
32185
99882
63088
143342
152094
88023
59719
103395
113983
135945
32247
91650
58580
191782
74539
179414
15853
126983
54067
146965
144172
56457
71789
34462
103623
86293
116012
165882
137400
186990
107062
26135
100580
99956
64909
49312
113876
40791
97310
60543
58853
176133
156114
121924
34018
96859
151974
68051
172941
87873
22317
1055
137985
87891
147725
78422
28397
175720
32639
53669
98003
113184
16267
64229
18969
117376
59954
166103
137407
153289
153147
164705
74993
135266
58018
181065
177528
1474
128565
159170
198383
80106
155830
99083
115219
73529
57540
46450
127464
199141
62244
53250
45686
128275
107530
104801
180588
31903
198435
15551
158596
63960
128870
66765
144066
151860
137645
33026
39529
122324
138974
121421
189662
182416
179557
43267
29197
46527
199825
144857
96896
173150
182570
109438
188495
178828
67727
21060
128217
53946
25174
193898
132047
55116
13965
182458
126495
24269
82112
130064
115456
97912
79050
168021
139950
111913
101329
131069
96016
83308
81505
70082
147454
7732
176179
13888
191650
36682
77278
70340
60229
103008
111880
15470
139390
198645
156396
80319
199052
87872
57584
49485
118861
123915
158031
45573
108557
18447
131885
132201
144005
152531
138889
4193
54763
48533
53023
112074
19331
32508
163488
20246
112096
144733
138914
129678
9917
97045
179312
184081
117562
46546
25530
190155
108473
32746
148375
149958
190034
128601
19583
15061
194131
166995
118452
159115
126638
165455
99742
106226
107855
159155
75235
102053
45563
15754
145852
72653
72137
172237
64571
67815
127064
95160
179329
99359
150959
187785
43997
135148
140506
133679
135861
127523
96279
160802
7493
198519
21833
71152
145265
92637
67740
24867
84391
176715
126946
62445
164181
55969
112820
174586
134319
76881
91233
122164
157294
160818
134332
190384
114301
116994
50611
23578
143844
46171
196853
58243
127354
117673
177571
128552
178929
2201
139628
62095
151572
14660
58485
50341
96605
8542
137412
23780
32897
130209
67035
87658
67882
27772
99803
86755
188648
81468
79950
24498
139993
167495
11591
85838
74779
72595
93294
68038
82487
26230
21419
189148
77415
82600
10377
191230
76219
94055
104289
76933
118886
174529
4172
173194
177984
164964
24582
64676
99450
76753
172067
42819
37883
100265
55935
18772
185720
128996
23127
22979
40456
139438
190184
121326
140858
162595
87895
88414
103966
148718
52568
120
38591
27348
52842
136453
94921
130878
93216
96159
164471
50998
126101
9592
57052
18327
24028
24184
5349
92612
57301
24684
113601
107067
183392
184867
171111
62617
24218
74615
191935
153278
58309
104442
65410
121054
176229
69536
129418
26431
26688
157536
118707
162831
28664
164321
183737
199880
2867
147245
3826
174262
97344
167417
18358
38600
55588
793
76370
75908
146362
129798
50360
198467
53290
31692
197572
186866
177227
69323
73128
90269
115268
69187
182888
147825
24301
84343
103713
76824
78362
108351
97095
143629
90311
108620
139491
10597
147844
172828
3943
122129
61649
9449
197738
113514
48523
121102
179258
66704
87081
168144
102149
3369
42906
89334
49420
9894
14785
199023
138820
86842
140903
8081
7831
161178
12819
150418
129816
23613
10607
163331
68516
80448
44379
174261
38443
88897
133145
11852
152019
119511
143976
194982
14445
4893
167806
9339
109904
133101
118384
72605
169781
111862
154090
181503
137647
117746
186144
41168
157326
79106
90921
117575
60373
159792
34770
97346
3289
154931
95131
161279
199641
21120
113874
181860
33106
198731
61542
64130
135255
66961
74796
182109
198128
42575
95269
83365
11396
162782
70745
195082
167354
47425
139292
43613
183700
17928
110819
75750
118082
163011
25142
160984
15620
160414
96264
7374
92748
108389
14729
147671
151444
125687
166860
161247
45632
124168
35731
133665
58118
164002
18581
148759
130629
7791
127483
97882
52269
139938
62166
111540
102428
40011
106775
190924
80808
173084
182580
56319
21324
128756
133102
37336
86291
124013
164375
139804
26423
155415
189397
171475
97305
188592
88537
15281
21267
103694
100256
19896
184219
126009
103798
60991
161280
158140
139407
169008
187948
162599
61587
186665
174102
107158
167751
162
7056
12772
101023
137118
144441
73065
110948
56704
129551
41254
46386
192522
2524
101588
117806
165809
76099
55337
142103
128496
72694
20164
17641
87479
80191
138902
190597
31861
129225
31324
15581
7700
45454
167037
111406
113099
1246
73320
145763
91856
115523
123844
39224
133234
111049
163113
188267
141609
62711
8050
67961
32976
43221
82028
163027
146457
59243
102990
101993
199201
136720
77495
55852
171754
72103
126929
71675
163238
163148
58293
24715
183820
150672
35454
92501
9011
179657
19892
151529
124071
8307
44479
106093
152553
73745
80353
333
119777
84909
63681
48192
78665
173201
122724
12841
165380
53847
143075
58398
48922
28575
52799
88107
49381
112656
193347
79597
169473
113161
90874
87491
29125
21108
67578
125885
199129
88468
104356
35668
45849
20716
113967
143860
5717
73827
47156
165598
175450
156667
189162
124663
89008
19
82996
11920
153291
23086
161761
20640
158841
11326
115436
158472
97042
36402
168553
7752
142833
128101
171398
102819
17561
161574
162781
164577
71144
31520
49083
178164
50458
180655
566
14510
143473
98905
141544
171304
192856
7726
189727
194201
39710
97691
194172
165787
72427
48019
187334
97634
121669
155818
199492
102569
82541
44944
160205
54933
112960
24678
146938
54229
81081
21080
12288
79992
14737
137915
109872
167431
167163
122840
113951
186492
4727
189316
134247
38289
172319
197261
135999
191392
142582
21350
33691
126426
4020
71970
93342
28764
154636
96464
48634
107139
138584
61138
111898
9731
197165
195700
65837
24122
51327
3981
106573
52339
96303
3528
91431
105549
118285
64905
13003
118171
107469
126647
115455
104444
85838
135948
15135
134351
6851
50311
185167
59034
158244
94867
142531
115906
131843
36923
53675
3819
144049
62432
34620
97576
73470
166881
94196
175833
165004
101910
199505
25811
119885
63650
149520
6509
81345
172870
89794
60138
122393
67409
165131
15036
104561
17767
43093
16133
69354
4944
50765
92234
4931
88445
154821
38194
72492
190026
186029
140542
50734
72090
24664
168948
152044
110929
34191
17472
107696
171045
32211
97451
43887
110072
196883
136066
190002
89261
96328
87964
35914
188820
16175
115804
28115
27958
11712
45947
181077
193524
96780
15475
172299
90764
42850
156576
49254
3928
88839
14435
108207
21125
89600
38776
174568
98884
165707
28828
198814
183086
174831
196258
6469
25114
67206
90700
114040
157946
174850
71582
18168
49626
105136
51328
72348
150866
117716
124345
93979
98699
144364
26382
4111
102167
79251
115065
194444
58513
107465
73455
99247
108239
45181
3329
155278
77311
79805
100657
182405
50902
107496
165697
69341
113239
146212
15603
196853
738
136578
173803
101568
155733
79070
136591
33005
149114
40634
147995
14227
173934
103367
192993
17621
106051
66661
37968
78159
34989
165079
99419
31444
171805
124908
54092
109340
145819
43436
28996
37412
62200
94669
109362
193030
130370
105215
138515
15773
79502
124222
74442
146405
66497
32917
180721
106093
104075
165172
74205
94181
110948
129318
51718
30875
33269
127963
138175
90748
102497
85016
30535
21269
178730
56180
29918
59515
168667
82941
59517
48589
112378
66309
5299
30817
172695
34751
198771
178433
9057
117494
94550
91902
127560
11645
56073
166000
126719
182634
159494
98040
50817
182479
156838
17006
29027
173566
193368
122722
31213
10273
14728
40435
61490
15276
192238
31855
76209
41186
149363
41655
67364
9357
9254
159856
164016
58988
159631
11068
131760
24725
156401
70001
16785
76534
115626
30322
81890
60041
19065
85267
165778
2505
102824
66321
1288
18416
166339
191874
111786
23880
34420
141660
54779
96749
94683
112590
84735
148140
14352
129718
39716
85181
167952
164170
70342
117165
34495
155038
75192
48295
177360
195501
48697
63685
128440
127790
124568
170855
82250
179093
163660
14441
52341
77113
156633
39312
39050
89779
21136
134751
140342
30774
135338
170936
99926
97087
17412
117475
22022
56596
125576
104007
147162
100506
167721
10497
412
123028
136309
154541
194865
74761
61142
52782
90462
195593
126178
47105
188321
63267
66776
83965
111729
193968
97097
102979
147229
127150
28963
132759
19583
152652
10583
24962
91942
177961
138327
100193
155131
46406
131546
5715
55464
162960
55113
10255
42437
36364
54623
197504
41424
50753
113546
35946
45896
181839
110561
4350
133886
183512
71531
88538
79099
97380
117323
4096
79995
194420
70597
173677
132024
108225
5655
47310
190586
167204
83622
133530
116255
12759
109508
187605
103139
45866
185606
73740
113074
169188
76340
87166
106619
9646
191984
90808
167756
171046
166787
150036
74379
65763
156957
177089
25568
122074
97656
169254
48457
96342
80330
38091
188810
99769
156030
152289
109141
82812
100349
15081
167682
17472
1031
100368
2798
19222
33169
176838
52115
174880
185710
171347
106865
95372
35501
152681
54635
196168
143404
173804
75381
34785
96800
190908
90575
78029
16169
58102
21915
69724
79132
132089
104363
145871
88993
8692
61906
170603
20431
170236
76054
185862
143473
71251
152756
35153
97328
199614
24940
73210
116356
2093
25088
158450
44039
30790
10121
79953
186291
20683
11636
34092
42939
150815
162159
70223
135325
199891
147884
113841
101368
147127
65824
183562
65443
93043
14501
76713
77068
168872
161013
170848
70472
183448
117256
100387
180061
178465
149278
187715
2521
11276
131238
67951
111349
147559
67340
94204
21507
55587
37299
174882
134617
148637
114730
117752
91446
96759
168776
17908
130718
84819
66013
175174
2510
109517
182377
7540
71329
183535
137955
145328
43771
120204
15581
195235
191955
158729
108489
154078
140513
90841
60359
140699
106279
77214
161747
47484
183906
90000
65472
32324
69927
157179
119712
166638
121206
139878
28248
131122
181732
95336
55802
199657
17037
37425
183095
156337
116120
114546
83734
107702
193607
82038
81253
140453
183542
95515
160118
892
142052
169717
114053
37832
7658
171613
169353
46295
74003
24676
171864
133784
139635
12277
175786
104904
189003
115704
2910
165765
119981
63704
17500
175966
69754
24660
148207
62496
193336
77776
145332
164954
14145
44011
66414
105741
115718
133093
164602
14126
65782
114657
106297
114796
171342
145243
195426
30217
44881
36594
163139
62066
124874
925
147355
170856
25531
181755
146308
133087
5042
1678
182733
178690
85114
4712
6872
116341
28175
94296
28931
135003
87910
136783
16011
145791
28242
177725
13228
143989
163871
133070
197652
161705
27760
102489
10130
199355
88740
108044
59510
199841
145316
37578
113162
169004
92875
44896
47021
148046
135780
96624
182305
57101
147267
169010
23318
84197
128802
101195
133073
26275
69929
11984
85984
74848
178191
97846
117741
52560
118828
93553
171669
140737
61851
103463
161676
4302
23758
48734
182181
157618
123942
48243
173904
143016
130295
150837
111560
41749
80811
94565
176841
91440
160123
58821
26436
160962
49193
132791
46691
95161
138813
187304
28144
180935
103341
80004
11483
173638
117548
25966
165965
171026
155805
121311
84105
49406
93866
176546
140384
111031
140737
68954
68526
83561
82789
157838
43153
71654
28195
164115
191495
110180
132950
49867
149535
199533
22025
83378
191931
163502
186635
43957
30355
116609
94964
7740
44523
53687
93057
21505
130361
100668
140048
321
184477
11636
156113
138265
117778
155455
175649
49456
20098
192068
912
103911
170851
141073
85330
101291
155504
16281
144290
90628
71819
104208
165179
53078
57767
111476
31566
77546
6265
133094
131903
63355
158622
170803
185501
158381
40445
70405
77763
197269
4094
31638
5705
131611
75778
36535
147204
133130
88149
149706
179406
18354
95587
190133
36260
10674
24945
172808
81361
25432
90165
199362
90296
13560
10697
153018
56860
180393
165518
198002
68934
158914
75922
123836
101996
195356
64629
79073
32891
193600
144878
159848
113111
65641
142014
7517
148824
137798
160707
53448
88695
158889
96845
22629
120949
198546
59474
180770
19079
86123
179704
165662
180464
41762
100916
46454
42038
49536
154018
15240
171109
143746
112189
190944
64075
44978
14803
29042
83665
176632
22558
23070
175896
3200
42382
192539
74705
52639
46391
65472
139472
42512
16548
70053
156806
56809
62988
138344
63203
68262
185912
70494
36691
142717
197700
108046
58824
8310
199183
37052
148708
61987
185385
9286
145598
150779
199466
193734
112436
137888
70560
112558
9673
141242
89357
37151
91821
26329
151474
69746
142804
49821
78884
163235
188828
161317
178576
148027
77055
2717
138089
89210
14543
83823
122584
4971
93398
178923
112052
88198
12146
14582
117624
55715
4779
82193
193263
148214
32719
87854
92864
115484
152950
165355
67812
196381
33747
141175
128251
40269
102660
195701
103159
139672
65091
14877
151527
166662
37049
121689
55069
36830
107785
87194
87275
157095
140204
156793
126061
86409
48170
162663
110637
64642
66259
88426
177596
133372
113250
118657
169627
14293
63237
78623
129655
130729
166563
76913
164723
16246
53537
107290
99161
55489
162339
64343
101074
82034
55225
131420
3079
128376
43470
32969
79135
63460
16169
35948
145119
75843
189922
80740
186247
189353
109908
78643
18647
119727
34580
50390
4557
111685
82887
88398
17174
183029
129026
119538
2945
180787
158522
86754
183797
107895
66411
33490
130130
85655
87172
2961
20286
172174
36078
174975
87888
87700
47687
131799
104501
107464
18254
8874
25564
119810
73044
121015
101045
156043
174214
32366
29091
126882
56735
32666
69022
67069
121569
163510
191751
45428
80154
167355
2480
198449
117818
49855
153336
163946
93593
63857
26989
110294
199274
51888
175754
140337
5350
164826
49324
164110
53996
43460
36249
86693
4296
148545
18635
169170
107522
44177
175250
4805
178984
120821
18511
6443
137010
47503
35309
71881
23553
115275
191683
192504
170738
135582
56384
191440
59970
57363
89092
35360
34172
105546
61129
107006
132737
9297
197924
154160
84346
75343
156381
181981
37028
9919
68512
40940
25693
145067
156196
33374
56695
120877
44325
100927
49018
127930
121584
46969
52238
134638
29046
116787
108963
199205
32551
134897
119553
160669
163820
193856
118730
96537
112999
152445
116396
161081
78536
143478
169999
115950
110287
158386
19882
166993
73761
193187
188598
23483
171669
148107
7167
187617
29227
9627
164535
129378
124294
98034
174916
122861
182314
94944
193887
45076
97955
117802
58903
74036
60759
139797
39316
186754
192925
86685
47440
113432
117863
171516
72337
187584
145487
138864
13186
120273
25755
79531
78786
8462
18720
181013
145068
85098
150239
42128
173452
180112
54059
54568
1066
75211
133406
45959
146552
45402
128242
143125
57277
93372
48629
155118
126312
27284
158794
129654
49492
63398
79780
168040
161975
32015
71645
104153
187830
109221
198870
194261
140989
133379
150974
144369
71503
29829
88203
159467
8732
125253
17769
2766
92483
1952
40990
44931
142217
175603
78222
124097
41785
22179
4916
114772
95309
52
66692
198808
156927
76708
45703
39239
156598
197950
99756
68867
135341
161049
2967
152570
8392
63125
52383
47903
9750
134494
142492
170928
47578
129520
46606
194130
81495
40163
147871
96095
128720
167717
15768
31151
9149
25741
159055
31159
71378
37103
1082
93188
133811
153565
91716
40487
191422
131925
90155
50808
193310
32628
63478
158655
79219
195086
167443
41309
5013
68372
123926
155359
64435
34336
97895
197663
86789
26706
83365
194834
61085
139303
60920
71369
52217
15644
48242
37144
47275
32501
174941
187106
178451
198308
6947
171165
64129
164157
26362
9953
96673
174842
13186
39946
65734
179429
40766
26698
164482
131657
188134
15475
140016
103502
56276
22190
38601
37596
128575
73411
36419
71738
106374
99095
150290
11541
112540
44547
22770
71490
76652
65379
103890
127603
119601
44813
150755
122107
132470
175481
110852
126432
17731
41641
178828
78104
157806
41784
140481
40409
149593
145934
165083
25742
91847
179696
159416
181887
81405
96549
185886
181423
21607
148231
97861
35247
94807
82871
132483
194521
74730
62729
134141
32687
180486
72910
167915
119394
94429
148160
119974
180684
24099
43222
190626
130952
81382
23373
111010
3104
193227
17017
33773
178588
108171
194664
143474
184534
88825
181174
163164
158716
19147
77007
160698
13161
137894
102388
6879
129193
22483
20409
69149
3771
92777
108981
53266
187049
95223
185966
43489
157908
13841
19036
45520
149975
154536
9222
39159
152724
76637
170385
97585
191108
94667
84742
64493
149011
178057
168017
171367
114116
36666
108151
48499
68813
6789
171505
120190
73252
154811
13275
191562
16255
2969
187501
192260
142431
4782
92474
80313
189278
146438
117392
23388
53072
117873
1442
117092
145047
187473
189784
161174
129735
66848
196984
103210
50237
150303
143371
125218
29688
105209
182215
98817
171354
132196
46036
55279
156852
36871
153821
42491
125258
133348
143279
91446
188225
125431
11537
155285
19032
40099
167873
137222
187209
124618
29408
128919
55281
80771
199781
172963
113700
110891
8419
164477
32423
90125
151998
166578
93577
162354
90921
179475
98545
176589
6478
90425
49886
42241
97851
111641
31925
108121
61828
2014
194642
143090
105356
71870
126842
188857
159676
19841
192682
94277
19607
37858
87636
107678
17348
11475
26109
3421
105456
113984
13233
61944
17265
146000
103522
163982
174312
17189
163887
124100
125972
197642
199057
6993
6835
118391
184580
69499
100824
84534
26917
169205
121136
62291
193739
103042
54781
73715
22650
197133
167167
5060
58883
60755
39343
140230
167843
35206
23842
141609
60424
10423
140971
34728
81529
1301
68679
171698
122353
98431
186644
22956
79246
194777
50205
169335
199227
121033
63483
198807
30445
60892
40932
22405
192675
36978
196669
197282
183575
153749
17064
122207
124956
129010
102951
1952
173897
157837
157786
191747
76567
11402
185637
159025
7824
72669
42657
184888
158957
31734
88665
15574
110831
136969
131550
3294
125313
44350
100077
7814
98430
197115
91490
90524
131117
182356
123249
113595
186877
185024
62971
102808
172705
7387
1729
121596
28697
121074
162546
160468
152174
55129
131073
139215
172235
149859
152226
127463
86655
188133
126364
121983
154539
176747
81571
173343
42402
68503
134777
132336
55628
60837
41120
22842
180460
98878
120903
77137
136143
174633
114827
161672
123601
71359
12488
93572
122281
38857
140177
86920
85921
7771
185709
169250
48589
175047
168612
20386
198784
177908
63701
81703
119496
40464
162420
114277
4446
4800
122830
148951
158968
119818
150962
44282
115401
175719
181989
60897
163701
16217
59250
49502
56195
168084
37182
70154
106120
5707
15249
113596
165322
122461
69463
128856
181473
71393
103690
103609
188703
119633
59295
136989
14561
59068
186235
67610
150411
135098
20711
31407
50069
47201
60923
46860
188894
194621
137987
132714
10669
160123
95441
31466
65695
191173
141809
118910
155875
111512
191183
68238
145593
163095
28887
10761
170108
140915
47835
185582
122334
81446
198744
141514
66773
117724
113625
169998
57954
44949
139069
100404
135626
163299
136881
155087
33722
4539
153061
151241
92056
91520
141725
65516
17032
134831
28902
81704
117412
189976
97492
133807
752
179496
37656
27947
109333
43710
11237
93130
142166
28491
95188
133933
52084
88195
68427
12358
57444
126579
107436
176721
169590
119724
177519
22676
106542
54914
193870
100989
155832
176620
66736
29796
25274
163088
10397
24020
199047
34141
93887
133155
9880
86547
67629
129697
149539
190386
142223
129710
198020
135167
94593
10461
41444
97218
21551
43644
48104
26042
66338
77179
91997
52237
133933
57566
102965
34432
108522
13739
87605
148229
154763
112600
27978
82520
112598
115920
118844
87950
100216
136337
149256
110070
9996
90994
124806
176121
14693
170772
115488
74346
120753
48414
134379
177537
37443
83748
4867
191648
226
52431
78346
125977
97799
32358
89920
186733
141725
167502
118234
159292
196147
156706
39833
28978
170847
187929
29797
199234
136563
84762
45265
5843
198109
57695
161512
51091
131104
95762
63857
116507
92032
134209
74325
60632
167478
144436
155371
67027
167329
329
30063
150671
44869
69104
191384
10204
136268
147377
181121
81734
50792
60602
49895
24875
98011
139218
42828
199183
54075
37523
184580
5799
75415
152972
65049
114495
99345
118261
82290
189079
21560
191379
135450
195173
142121
13012
125674
94193
45775
33852
177681
177876
66887
51026
41258
10725
126039
115350
164484
132768
89789
13224
172649
77775
103853
74481
138701
97688
179975
127453
13893
60014
4395
34885
190436
37297
61415
25291
184325
68256
92730
9095
108019
49496
147007
96320
197873
145791
24575
85038
21207
69932
42149
81952
195072
165297
68596
14547
52933
90316
25462
66383
151737
138897
125287
179097
86086
32176
53251
21168
137109
2444
11947
133425
72434
57056
99420
133140
175171
180811
197118
56236
171386
8219
193493
160437
129514
125421
105933
112878
112804
62838
152125
85307
96561
150071
86647
150346
131505
24327
65943
139019
68933
130126
137704
192164
61093
74230
172116
168694
110295
193053
144491
133866
84950
197861
50727
189202
188007
103094
144141
112067
62759
146010
196460
175849
108531
176179
187776
75279
122259
28746
175990
26784
180005
182167
183731
27450
183248
77596
64011
136788
191650
6970
168854
177498
176489
127952
154092
165492
144069
121578
187054
167951
170160
84653
34437
50134
17397
94714
51610
134549
191178
97190
86125
86388
84521
119099
90870
12106
107815
151548
199367
75575
57888
82862
117813
70461
178826
179416
143239
120325
140115
84152
43029
122422
52786
48902
29163
4050
83620
142047
146603
13035
134114
107631
139527
10891
46546
11047
9351
65884
125022
120655
62135
189603
55636
35713
155692
25257
77130
47972
145168
112312
692
174892
20367
115846
181529
139080
22533
72288
177746
136696
105181
12852
86740
101413
94811
1998
129008
112082
51851
72818
199999
182368
186108
20726
130228
113118
125015
64908
133722
22169
568
180170
64073
108476
7730
178366
38926
14280
128447
150253
134705
6881
17343
87703
26117
192887
119277
62577
32593
87663
180076
29626
64979
39999
63589
177475
168758
188220
91474
186653
125122
137659
158986
78733
155388
190850
138507
6679
51040
38911
133085
114491
19088
124571
194749
169076
125711
22753
84866
98480
88619
24038
429
163399
145166
141158
89908
23567
131954
149651
164822
142740
160511
92505
193777
162938
190595
161504
5019
139558
177737
115457
116610
100189
19597
184310
51325
173474
186016
114705
19814
144608
7893
94923
150970
32296
152616
65629
150086
65838
7109
85805
77083
147969
4789
180149
74944
21264
10531
186612
133970
11822
58960
136032
4944
113784
24812
59492
114854
197134
116844
71252
174866
68717
109633
181281
196088
191166
94155
190000
12752
69092
58184
129289
73216
136507
62909
150913
127855
194516
195222
144074
91520
556
96959
188982
62266
120938
117040
41479
115562
17935
6161
82170
18322
196514
166971
98857
199795
118176
48305
199223
11189
115240
21968
137474
112577
33069
122696
60557
59834
191968
126887
25591
42241
97614
63885
145787
56147
72011
154472
11623
15912
143558
134725
188785
197135
170920
31539
143254
65413
173980
28042
8578
108183
58806
13703
156836
10596
35863
179844
16563
107166
199480
154860
146164
93315
56060
9463
122492
46078
176034
26256
175215
19686
175479
6589
97004
66860
62520
80178
185584
144667
117498
90213
157636
174555
165221
95973
159566
175816
67755
67791
181152
70468
155444
38825
154200
61173
124836
433
167366
143646
115484
44641
85841
60238
146244
96286
157745
46506
111672
129598
15811
54248
128184
113845
137005
16190
69584
20405
130112
124683
122679
19916
192419
45078
191603
88783
198212
124469
194588
186071
96279
106910
109070
195387
68849
169420
29031
83616
46340
5002
35955
103764
84617
120558
194454
9945
121468
19050
121506
195619
618
24411
2320
192636
18427
53264
80001
197347
146507
77113
29313
148560
167628
133568
32990
47885
85781
171396
126197
177810
49940
155653
96980
151142
69556
133916
13654
120256
5438
155269
66949
81145
21924
142157
107781
29989
179696
69435
175311
16605
140353
157844
136715
10152
37117
165822
31432
139263
197328
173052
189692
23091
93660
66402
189351
193248
17701
89679
5663
177304
161180
105046
28929
57739
117808
22181
151791
194480
4169
195093
82632
128453
157216
108671
24255
32281
24116
181215
30578
151442
147080
45063
155448
29083
24353
49418
139819
71265
48216
74292
88153
16488
199661
26716
48737
43308
177157
85603
171432
120954
178797
48056
117681
166257
82917
37401
190467
160324
181311
84401
33141
149514
119815
128317
30457
9387
64150
36044
90438
166228
19806
100895
74363
68357
47098
64829
100543
138896
90397
16025
22352
111313
167337
150019
21019
151979
93474
12032
11118
65080
194068
22041
178202
165664
4398
156759
182189
191163
148259
193521
20189
144969
31488
22790
60771
148378
45311
17918
147310
137916
53143
47568
164566
180249
198049
54551
34883
128650
17929
135974
195431
99549
92287
93317
76970
78348
60668
193649
118136
147365
125725
108005
102130
61177
160620
45439
169443
169990
25807
27779
3395
67112
176371
41670
105762
116249
1124
45992
78344
154312
16830
72566
70636
181094
67209
1914
194804
84371
136168
168246
8281
68070
58086
143166
45878
135243
74523
68819
8397
33580
173335
112526
171192
110372
199962
8875
70872
100645
40610
77506
122843
93226
1815
2076
22398
167231
127095
11109
112893
78449
77992
94286
195617
3928
37038
143115
27402
51768
26744
20559
131375
38147
65903
148100
106261
124389
12454
12688
159850
37656
173785
43952
137599
174525
97055
191433
121721
38261
120870
74640
136031
40444
111105
173150
154574
162489
164098
54727
76392
192794
82203
172415
165460
113085
127866
168757
8650
1526
56360
163398
59871
179081
116925
34830
153457
48321
62982
115465
155952
117799
42060
120178
156563
97191
80633
198022
150347
16453
125974
72183
52458
22607
129923
166144
66165
142393
21602
4043
22850
50837
428
63368
138701
29833
57489
193022
51698
194505
196548
22249
70347
133100
39685
127588
164431
79543
129074
180682
86444
14839
7250
41871
90902
193862
98707
38560
93132
116315
62836
131303
127481
187404
103307
37152
42728
191184
88155
199148
143277
127426
81881
186908
143107
93321
195256
56584
59608
60727
56804
163500
66929
118485
144171
166604
97916
79066
154809
177985
153018
161405
43255
4794
129901
84478
183418
40939
114247
63670
33064
7247
4759
109606
41448
151796
118617
117190
179591
130936
18779
116688
128314
14753
51118
127118
49147
146735
16852
77131
169293
24142
66670
150558
77492
29406
8766
131186
167052
194615
54815
116208
93159
113186
170825
160767
59702
178114
17508
64287
195006
57540
1554
57191
25927
99537
91038
49249
128368
135160
16533
52642
82125
182909
51602
80323
177534
145789
57275
149593
16829
23041
197694
46712
119525
115589
84635
195352
36132
84002
68131
117673
55429
137951
44323
13465
184014
157357
56744
140642
74194
101422
18853
70304
5268
176082
80035
152436
190738
127337
158398
106784
171732
125107
54017
17212
75746
150703
20086
113037
141388
30926
86461
24982
98143
182553
50608
20884
142909
11290
100343
175686
20039
190869
3954
121030
109833
148963
158485
118037
155399
171514
127302
33327
116132
143537
7099
96097
119531
113551
86185
2713
176538
6601
81240
142980
116046
119791
128313
108161
122228
188784
144462
70095
32301
75122
186732
31546
193047
110377
147018
33402
32456
87284
24303
74991
154276
196780
50404
17021
107704
70567
155266
48543
107666
47642
22083
101724
17941
179421
71608
23980
83852
186371
113094
40506
168849
132530
54343
66615
24522
31490
198408
49055
74333
69564
1527
163727
66373
130542
47991
161332
125325
39209
45995
199142
161509
59254
84210
122728
68572
2595
88958
177703
183487
145173
115523
57253
101044
177819
947
187278
36339
29680
49990
40926
132154
32271
175757
80519
74813
14181
158505
20245
2518
84324
143355
47131
72070
157254
83476
169852
191859
57091
116201
131632
50019
69742
72349
151782
93160
138937
107795
134254
6669
132817
184157
117675
176789
103043
94044
4993
172948
18967
155890
150260
80300
137750
445
24715
149615
149021
50760
184380
25668
74253
92623
63438
27035
132757
125896
88343
116802
102144
129583
10777
139729
87575
58515
34655
193732
3656
199008
148530
199552
62571
71596
199367
89241
47149
66022
190724
174017
125285
19652
30086
194792
166017
135192
4471
118865
92719
119416
114902
13945
36629
175778
161711
174088
80224
148091
163954
47682
72333
164929
80937
177979
176216
159053
1396
66472
153221
8923
102012
153326
36884
61408
42776
65417
165198
49672
61235
193587
43167
131552
173757
3561
194167
183113
35734
77319
112724
27488
81582
52391
100225
181975
3040
92879
151059
5632
110274
44869
76218
75252
132013
170693
59066
9784
84005
72277
154125
167141
95167
26205
170386
60103
143379
84879
120995
114642
197995
67476
114327
23191
76032
122193
138943
158260
191680
6024
152095
112994
146826
94480
127399
147464
89815
33035
42822
52870
153826
67481
17407
184076
196505
39694
155037
9084
93927
120796
191717
62464
5369
152242
18327
91997
197029
51609
196287
35142
61150
99366
83290
136662
119866
112070
193794
150872
62845
62917
105475
74696
40216
53647
147415
114679
148429
117383
158775
8805
36832
79495
72983
782
94514
151466
12565
191913
182361
199366
101323
183774
96225
57225
35957
17097
81161
176646
3434
179148
84624
39863
48853
166722
92085
157396
48457
39952
160890
179563
54346
160528
81721
64081
77611
118276
61276
137379
173069
104055
5035
132449
129228
176390
58098
78936
43478
96060
154990
114693
77280
19937
65131
43386
90600
116050
167124
175592
71665
50986
10400
81533
88373
180357
104055
92643
127531
197832
167632
42728
65558
66232
142768
134051
117418
111243
86031
278
176652
34947
81159
55745
140364
116461
67756
123449
174194
7435
76462
162270
44993
160962
31826
37823
194506
160304
176924
104528
57554
1612
102486
21812
19987
26102
34840
41247
32522
78129
82136
21062
11180
191916
147801
118595
71009
61404
179012
89480
95340
133664
12267
16349
183240
152182
152830
52349
138623
50545
111208
64849
104794
39742
109
53037
178098
96635
107780
70650
18671
122224
51622
182198
90083
183576
60551
148048
157159
16324
109067
29583
129367
38997
84337
34834
161257
49137
175741
144752
161361
140643
123215
193210
191349
5698
32408
119028
150644
124458
174553
8091
24907
11221
179571
24631
100823
13565
5991
99165
78090
122215
139486
150940
144440
48473
57676
127357
178306
130776
145934
112903
173531
44038
113557
20579
176868
151480
153884
89092
54265
115985
139672
42854
163223
59912
44050
108966
165627
199817
57326
81534
84930
195934
24458
184994
36953
182615
114492
45417
15829
143360
52922
133480
67654
49327
56572
152014
69972
107648
156937
120805
161942
82594
99848
53705
163563
65425
78793
64070
86649
148193
94444
123739
10189
104543
78181
183259
149958
162595
36706
32125
138735
43533
71070
131584
77927
1705
58631
129857
78804
13814
72529
59474
132786
28476
128606
75187
185199
194787
83914
92783
3641
181761
28471
193187
19707
103554
153225
69322
140986
130172
110942
57798
143012
77044
180121
37897
100713
197244
64115
83209
54541
111569
109100
133914
164120
111027
116967
49896
68586
77799
5876
88650
176791
170445
138162
188108
194984
94779
109744
188531
199403
10488
142839
80747
37052
13049
95069
1740
196252
80343
38083
21583
39636
49261
184086
42909
658
66197
4053
127527
189791
99363
102250
25332
147718
106857
115995
84550
124418
69955
88109
48895
72611
194994
162707
109528
87739
85181
24372
15685
104964
189770
165697
117758
167520
164753
183712
58843
90621
132093
66844
101224
76108
128522
74790
80182
125492
92923
137695
23442
65864
192488
104619
73566
174868
166553
25615
63775
186958
187365
65429
65082
145959
79530
6321
187430
182351
60382
160473
91138
111176
102743
111511
195101
109592
195988
67460
113457
124111
57364
93600
16518
85083
40699
45951
140880
183704
158984
62296
95521
94127
70752
149957
108005
62968
50946
42320
132419
199006
158260
92312
73803
21203
24680
2625
12538
135476
171180
115748
100904
34950
23859
49250
276
79773
40527
1041
42955
77547
157642
61448
76059
189382
78418
196889
165714
175231
131848
167786
176122
173418
28868
98135
134167
105311
156149
82650
120591
109106
165194
107864
116815
112836
165728
120894
45186
9114
148933
14944
31624
159094
124866
9867
37466
74322
110308
81912
143795
162027
146694
60190
26473
125419
96638
163668
109762
127370
91878
84622
22089
128579
197586
152649
88357
15225
51684
159343
64164
153609
180984
132299
171789
25008
18999
33716
130469
196742
13993
59661
75835
43087
73988
94392
74117
185219
118599
125972
39755
105747
81082
72411
12574
139352
15565
79632
95129
7626
83053
151050
17718
150703
67946
72343
111820
95474
156026
100951
35553
39383
196834
195120
43113
144490
79579
89789
178736
87727
57652
197525
148661
95375
99868
84407
107150
59182
10005
79540
154987
182548
60241
64904
101805
177486
102009
99667
122987
167890
67155
162298
10519
187669
106971
138389
47414
62083
4828
67615
115272
178888
192262
155642
82497
161014
112611
121020
121337
6700
43290
87386
163839
162506
188684
105122
22212
22179
25819
92369
188164
169978
186463
9073
155240
164484
68132
128202
61026
43649
104297
190132
166190
103678
30031
7167
136986
157143
121654
19035
96147
36581
126002
35848
123835
121049
107132
59607
156331
14947
190243
184670
53344
33482
192385
188936
193582
186243
24712
12498
20704
109845
52631
99855
177137
50109
97308
24397
14618
105238
160760
96816
185423
138145
66609
94510
72045
14920
101003
69822
199511
141601
67165
50725
19762
5928
71675
156742
116824
120774
178902
32249
69703
127513
193502
111177
4035
34762
23515
71344
131124
71112
9032
125533
109984
58153
182760
96416
28716
13138
27630
99228
40186
32192
62852
31899
78807
132933
37921
183279
106298
176608
42067
67820
67090
174274
77102
68747
133386
32162
184952
46427
158062
53896
42447
194251
161132
195992
22531
171121
83740
144844
40690
101246
80834
95218
171100
36735
151412
74756
31663
78165
18027
45883
183345
774
112811
163623
140410
56796
39146
31322
145500
19779
70066
193287
67575
116337
162731
161421
111674
187207
77052
108190
95590
62481
183529
67471
41073
143033
191481
29821
71068
106603
108062
131639
15660
177537
103559
122337
42414
183790
117419
15756
103930
153072
115262
164641
163322
77855
101083
18137
165991
65806
93105
65575
95634
12312
101519
129394
138905
58217
144780
78705
128179
73596
20357
155276
161100
29809
27906
172712
137082
146154
144554
114974
122875
38311
114375
72211
132559
93501
54948
74457
72478
175774
134964
151597
59090
84284
61260
151944
149490
120083
60163
89259
145013
94877
197394
51878
100172
1964
120368
139739
141900
39389
108612
144392
148070
146402
125181
113562
90267
93229
184503
95489
72608
146351
94652
102579
81516
185207
143241
125514
29187
125532
176535
43326
30534
139633
38250
158590
32187
135805
57994
128825
64637
185920
12874
12846
54529
162223
120505
20646
37754
162081
32034
168026
2138
118904
93264
6552
116889
168678
180692
61506
92535
76742
68547
178326
3982
93527
98546
163288
27679
175469
31802
181764
92903
76425
81465
153581
761
157795
121594
194856
41100
132026
10563
95786
73753
95240
162523
184650
26246
44918
143130
24529
56002
65873
141377
25372
178379
121629
23158
107001
73652
154181
159147
75792
145532
121821
50936
167928
164151
164601
55611
198315
180370
187298
114209
152724
166500
30039
147389
28623
108940
198105
106376
162608
39257
183326
33248
166081
87935
185058
177123
179416
40980
21723
77180
198795
39265
133185
25877
7720
56594
100446
10881
156529
60395
72384
19717
2155
160667
165357
193934
135529
55831
195225
35166
77038
42788
29284
24867
18102
84095
85971
80311
138704
89342
95667
71269
138805
101849
67184
33233
70475
113216
16095
14723
69350
187261
83251
95052
38469
192244
167837
57070
81551
192733
110399
13276
133951
127
197278
192486
130887
182021
158966
139102
3836
68267
66145
116756
39400
74827
36279
126558
29191
74468
169195
125559
2362
77051
36435
39404
168866
171668
180264
139105
20331
64856
150148
131310
195472
168833
66693
175272
125026
142936
20263
180279
36820
9747
159139
107667
158540
35010
277
95121
150157
149152
33385
143711
144101
151868
178305
178723
66848
146900
130955
16994
78975
21237
126144
193025
92574
17240
103537
178662
137181
52141
130345
158200
171699
190297
40728
151222
25131
174426
904
37593
101810
157661
138043
195667
2034
65120
124216
83336
87303
35016
57759
79891
93786
59080
132198
166757
6631
156885
273
98174
125951
49229
5658
48015
133957
123940
19648
151085
92918
1330
146758
125175
153558
75533
122392
174551
121727
119362
83645
110959
188424
30742
36014
22141
57842
160496
6442
184042
92602
30856
11276
34444
181499
58029
41861
136537
156001
67541
184446
166535
34053
153958
180054
72475
24923
102975
44689
177492
12561
6000
188675
174022
87529
46088
149082
167121
91111
76466
64449
30190
102634
54130
140490
35247
109782
198710
32582
152118
142335
117156
137660
119114
68755
2842
81324
57325
50643
113246
128109
73624
141143
175842
76889
24226
91215
16620
75960
133181
192988
133244
164258
45978
115863
77420
67035
94876
64587
126886
46607
198886
72666
166711
113980
86760
152861
13366
167960
184914
179615
83226
106659
7189
91401
82893
35815
129819
23833
81457
167495
162584
14756
173331
174404
198632
66601
126283
45559
154150
116939
196093
169151
199084
51200
135108
187862
90732
152050
24865
77187
108948
6306
162324
140878
93379
188949
144057
76227
106090
85056
19513
91617
178349
48320
79735
2989
194344
114532
196071
4245
194331
158238
9228
125769
129846
91146
136400
56037
80818
75918
33740
4642
42537
50559
120385
40032
133931
71425
149536
145219
167214
47319
153728
90144
150968
18221
84106
145641
161600
136548
194791
125683
110818
115764
132863
94796
167073
42272
165735
175431
90415
174280
46641
69643
186786
166197
24769
59954
95692
151837
28761
12268
180322
163838
75395
32265
58434
127677
65497
7241
121529
197275
96985
83507
348
88520
141410
116248
71694
100772
137986
122316
81652
24842
65102
82487
65574
44417
86251
193254
69169
32785
61853
194202
25335
120178
151063
23312
61470
99877
187640
45871
118976
127935
94603
124954
65104
140966
56902
48775
199799
73133
160255
70383
11463
123128
180741
141428
42033
163544
168484
132957
33080
196569
110222
181853
134387
195842
166498
28996
187583
195900
100100
99219
60697
129410
165305
174595
56909
3524
106226
45742
161414
149019
1874
89472
4140
66326
36367
83207
5631
21471
157726
190071
57202
51567
176682
180663
12096
176989
96262
169573
192663
125977
61470
102102
38389
137259
141854
66690
150404
119236
188372
10389
112101
132098
95203
112795
43251
109569
46305
161580
166807
49605
154298
14923
134198
68513
191757
86561
101168
197758
24279
63669
129864
184897
9261
12357
24996
199900
16787
33597
18328
149536
31157
184948
111094
162960
9722
121646
123432
24175
175023
130937
145677
73815
81438
133517
55399
150071
118494
151425
62846
161319
36090
24406
170851
38023
118141
191441
17093
124413
130862
158160
196995
185517
191375
20050
92934
95613
65509
23844
83886
86913
63738
114991
164563
164896
40231
94758
16513
31411
147418
29820
174525
52774
122898
59555
12063
31040
127176
144227
25536
119129
63380
14393
154278
94981
136603
57921
155601
24857
126896
10363
184346
142234
197152
158535
31508
129385
184208
33899
137627
172614
70979
20506
11601
160182
189347
138458
100801
169633
1512
193609
66835
128238
56255
136534
194778
139456
41854
154372
170543
55979
156590
173844
59183
35659
87329
120008
196007
51092
142572
74954
26987
4445
109279
163017
83256
40757
39964
82753
134859
193736
5491
47653
171260
192424
114596
191501
159028
171255
146092
44179
27144
113041
67058
13319
60326
84051
173593
107478
109178
156299
131621
85377
169041
107893
135812
22044
184619
184778
76907
137631
15093
163974
104438
53375
101448
16300
101501
27828
2614
187285
43050
176925
122711
77167
117975
51818
27841
187865
115242
99116
89984
54258
69569
125227
13028
108289
60333
147837
157516
198405
169107
107032
94081
172748
91886
38247
85166
197288
178874
57887
83677
26827
199083
26519
158342
47721
36075
96087
147594
119831
44650
179370
103523
166837
141806
137491
78830
192739
110113
152401
192693
176435
11878
183716
198436
53054
198582
175012
57980
84401
160638
175859
108618
10266
60270
9432
163776
40597
147807
11416
92830
42629
88712
93567
75936
177647
74082
49666
16433
71195
79269
123782
51842
55001
82194
49616
193948
54918
36752
131484
114408
142002
190626
164909
35974
155881
91072
195864
14066
78487
184731
148961
113080
175015
153246
171715
88798
99198
43566
117707
141369
188686
109183
61945
183425
125484
101813
28545
170927
42538
41416
58256
46093
92605
2660
143892
177168
165915
68180
115589
49027
125009
197671
76901
123214
130827
8882
131101
130923
22277
91648
94624
21157
960
70373
143407
57006
46336
104956
4967
172024
39841
178243
152254
185366
115535
79633
46435
186969
141882
141463
21751
95387
70655
19161
128038
3914
26681
38163
58385
78231
66186
181422
37380
55883
197673
167320
197333
75446
83152
56659
86301
107262
13425
2317
173715
49343
51827
125052
183594
39252
108102
98828
196754
29056
43810
182438
145048
100486
63159
59471
46055
115406
14807
120211
65933
113473
52462
20302
175344
162768
80347
190452
17867
65438
110392
93532
89038
193209
197284
120440
143394
139695
48527
18446
53531
47654
173200
15699
155469
52448
29994
14313
36482
127691
35457
76408
7805
118459
179735
151056
13106
96409
151109
43675
112476
160756
138595
198440
29563
52649
60908
165079
76747
171636
96660
121104
63795
37688
138379
27357
52520
89156
93992
102667
69709
131126
2512
17529
150076
148492
151293
11976
134027
112827
144706
14816
128276
176155
30000
116115
149074
167740
198721
4246
172280
53474
109878
105355
68257
48145
22641
63472
164456
152750
132675
90005
24737
185833
123080
13509
5397
109997
161836
59207
148618
92336
64265
121617
195560
72092
192127
4323
15668
108826
33837
50162
7093
43973
139008
96515
83173
138157
180350
31658
177994
122661
174416
76720
164308
51214
75826
69218
42590
165715
814
108179
183525
141764
28762
186892
40956
65619
140410
110958
197460
106941
173951
105129
89757
194792
20658
195995
170107
32716
181461
15686
121749
150756
184508
49256
163590
11438
193036
2539
184681
135001
24636
77709
101774
100830
57693
44541
7250
27944
145654
87771
31489
30657
7818
80538
20128
86856
19808
95646
143654
88241
138452
175374
83158
28434
128703
36924
193045
136213
58723
106007
137509
179738
30189
193528
84603
16799
149138
176161
173695
111419
193148
176751
162371
37396
189092
95712
138763
197271
80879
119024
76374
77029
94572
194101
52840
5676
144731
51059
118756
81321
121385
199088
149986
30520
69850
120833
141760
109711
113962
87938
96243
152428
97314
105336
106161
178784
180137
85296
15384
5617
148235
69282
22230
58866
181915
182329
42336
71687
189346
145626
136580
9702
100444
148481
132635
64742
155915
198954
18812
13779
161882
55278
45428
1362
180707
8390
33063
11512
47121
51516
138584
59437
156740
8790
150425
78652
128861
137393
38372
180576
131089
141590
150342
159844
78893
19156
196899
64891
129674
109864
45754
106354
69837
45703
162558
100728
125977
130454
182115
170693
14683
77875
69099
110950
120688
71868
84510
56078
73436
136801
43769
64619
45109
30578
80481
105222
183959
62371
71935
193954
19421
113592
127194
131308
28551
100405
49023
89221
169409
94780
198834
153851
121945
70548
105321
72814
162901
192618
190797
184694
67730
50365
3965
33427
186024
131679
13398
20977
173003
109294
136835
107005
90541
86020
37032
103497
26666
20685
51652
3040
12705
183258
109534
93819
35231
102695
86936
166594
112724
100505
140475
186398
164157
4519
53826
101090
58587
101598
63129
195665
169589
140633
156325
70533
199586
67683
21648
134817
34702
68265
127873
37342
59218
165761
42978
126921
99826
73060
158463
172359
103207
145389
158444
126607
12392
109443
4026
172671
1167
38305
164157
79118
94005
147351
174239
133993
158619
146538
114767
43044
18538
37603
90931
68800
89477
118831
188717
48554
163365
103112
112533
132577
146573
69688
18915
129979
144478
166591
195497
150014
51819
78395
188141
90096
177274
164148
22454
146815
114360
82087
37791
127620
192533
99308
157628
199826
67328
145648
166157
103290
87477
147121
86808
78110
119637
183017
168418
9944
180972
196429
102705
193366
98850
8419
152563
129567
8165
91233
9168
32770
19468
1717
176499
172182
128232
3194
23760
108220
58264
118846
49812
55932
29333
163908
17543
179666
35849
100545
60789
176482
187807
84226
99991
79770
118726
71235
159917
4411
52198
109703
199344
124131
2779
167624
83172
145815
27982
32001
176274
71437
132712
136984
131185
40070
155404
25074
26306
79587
19649
108607
73273
142622
190178
170352
116975
171435
162610
11377
84503
51047
41212
69562
82392
195739
161951
163579
2463
108948
145461
29132
141713
8415
79151
183569
168642
14776
51087
188817
151005
193362
90185
150844
151109
22870
157435
10851
157937
41895
84257
177773
25218
6186
187367
90541
47513
84169
66865
63830
105224
24548
113226
43778
117377
151093
183113
18440
191748
194937
134364
71702
3913
58430
124259
45145
116620
59973
139839
19378
64838
106231
36554
85204
160787
124575
72500
86574
50600
188413
147464
183818
146510
148053
136405
115605
104825
158815
9698
145356
118253
23591
9523
27803
23347
132920
184811
108091
39666
197736
7032
125031
89968
101705
29963
110589
165244
64529
181149
79104
54905
126266
142282
33451
190177
119505
117872
54254
72078
170198
50910
91599
148233
166282
151178
107512
115657
105940
135469
178362
196748
187129
49716
182750
36485
67524
167008
157739
6617
55524
2677
102300
111317
145620
148346
15207
50702
98827
62465
47564
123855
157139
142911
86811
29186
171984
166093
14510
7462
174441
156844
145410
67351
7866
55644
51672
158525
65744
126182
150569
149741
196302
132157
180953
55245
89557
28079
53092
38633
21243
162561
53524
138747
94767
82466
159970
131191
8716
88817
89851
136418
58375
29718
121521
130218
112960
196306
148125
170921
127381
17927
192033
48042
73213
86946
119898
115030
48550
115676
174746
168959
171992
17592
47039
161408
91473
181665
96273
43052
182086
61529
151774
12862
22605
11779
30244
147272
56082
162990
149194
32143
41551
116838
181381
80613
195427
181287
142415
91453
56741
70974
142356
166878
117163
100537
6070
116692
17053
183793
197707
35483
167392
69086
65560
166128
39915
106269
167073
99555
105209
1720
119610
182346
198933
52953
131953
95574
119845
66210
121546
113637
101832
162413
114338
4664
146729
133885
114428
581
94662
94069
120865
161785
95513
139472
62093
184422
152800
139399
9503
61129
17891
57086
75915
44160
156681
86622
187722
161589
159695
159252
151736
181423
59696
199552
109074
69799
132100
85494
105229
175565
1072
170761
178605
74678
30136
23214
137720
194949
199521
180662
74148
93277
56585
72978
113054
29046
141607
136588
82631
130352
52982
42454
144387
868
195859
35819
108096
194637
196152
62095
116943
29012
191172
7855
124132
93792
171166
31371
116470
125501
43288
188134
81320
90507
91093
68677
59209
7362
45988
135764
93447
134387
171350
194367
177187
21814
11208
50366
29651
145216
145605
74709
43458
165150
53833
157996
115640
33471
60571
122256
30457
52519
167081
128855
6779
183078
91853
162936
21688
121694
12354
55667
59820
11734
162375
7774
16071
157269
115749
40358
3364
91725
39811
78131
52926
27555
196721
158670
23379
184021
81964
30942
81807
30848
148568
34161
163441
16703
115198
192778
121525
99445
152024
116997
107461
91579
35898
74555
95079
113386
72134
108540
22171
17117
161158
52179
164792
168560
145810
197726
70578
20043
160490
101562
152093
18847
184562
147834
93915
119474
12069
168782
127826
9738
46012
46503
5890
129219
133744
116147
183582
41970
76490
172460
94215
144357
96907
92594
48383
197149
190947
82783
87019
127049
108525
199107
15777
107456
162296
26944
193853
182740
35147
111587
98648
110547
49419
170878
45954
15535
54317
109446
148251
142163
120539
183949
85179
62704
38014
5318
188502
198110
154295
184106
7684
152524
84129
132557
80197
181675
139833
16193
90123
34736
102008
152866
170587
42247
154406
22159
20732
22913
125051
182632
13132
51001
99061
160750
85828
195260
24866
128408
165288
4863
12725
72222
174680
88456
13422
160278
80726
20392
9955
171241
164467
56009
115476
134736
50579
59813
46607
43968
169253
88863
49804
191998
181746
96411
3670
156091
145467
78035
25369
20465
39078
16504
187147
13354
151441
96051
25160
64669
75584
189924
191765
165385
95929
74055
69627
82903
28890
67175
67472
61315
106607
94084
21673
65212
21415
63723
154121
130820
160103
52988
29082
163405
184727
61183
113839
169766
68266
145079
54952
8486
52265
187101
100561
112566
23042
112653
74785
165671
60263
116215
8471
60679
167124
111510
61783
24791
150489
184201
82942
44933
129786
8046
152052
38673
178303
153426
80361
152810
59536
181323
172809
117946
14187
155942
131610
149506
18842
159511
82340
123596
131379
184275
9207
144599
126091
122438
63469
71811
151270
92895
78000
16725
9377
93381
136628
15049
93262
151062
44690
149617
11086
172814
43981
181018
179214
14693
191104
123532
79065
78719
179960
49163
52226
57446
131333
150552
45824
127051
61682
132384
164895
143990
163494
33975
127154
148253
21450
184227
131724
43801
184060
198177
92181
87140
179446
158281
194180
62373
139586
19789
55976
77072
141858
116720
120479
21365
107353
194871
95297
170375
172934
5466
107357
125303
155497
187282
158150
132986
135278
45179
32469
129438
183255
51727
178896
80122
115510
107879
42936
108389
6678
61185
162388
162128
113267
137709
137808
167218
11898
16669
111389
118322
194251
182427
197747
167490
187697
110434
20690
58837
54957
185262
106789
171107
167525
154245
108087
6632
158161
49057
48659
145672
197590
49463
197615
199993
51222
56040
130131
130388
38809
88419
97490
81615
159748
20539
190305
17020
94794
58143
34802
60094
121768
33504
2874
118587
79735
137683
129854
53553
193816
121650
92561
4336
169296
95600
161202
19205
65579
128780
106311
192897
56586
52793
39551
129184
49272
3550
38358
121623
58357
122317
163526
120886
122187
140076
108109
188263
41257
14923
105001
106344
117285
189638
182335
123106
162046
7666
130858
65628
129871
184881
95545
80912
76801
183984
157869
8906
182400
39727
31187
54645
135811
59315
47211
137734
162753
111974
146609
71100
700
79142
105644
143386
158367
6586
8568
148364
13744
185195
105354
188250
163727
30146
94435
191624
8260
116332
69933
53515
38296
182625
193201
53814
154419
10261
54195
73146
148199
62660
11623
159603
76645
36566
4947
171376
73960
81127
40161
3420
84360
183726
44191
95170
76503
113939
190438
13038
7464
7343
128451
144386
38426
65829
191638
6799
67518
44295
117500
28946
5840
25107
98184
77659
52315
100043
26791
39407
186248
182765
163693
89441
112834
6670
189039
30799
156543
4731
68030
147571
137317
44867
191579
5194
174696
114787
66765
119224
150994
181920
80668
96645
190895
72531
10090
148103
84477
138563
138003
73114
178976
54981
16078
60451
87006
128116
97060
50740
35259
28673
172561
31771
170719
85722
98225
80283
199754
36146
121949
29930
126383
166446
32242
139784
48995
37202
187083
104454
186620
48476
128036
195740
93532
95755
58854
152933
165684
193360
120530
120391
127314
101635
182642
179254
115340
58733
153089
124572
86323
158646
181684
112231
155307
4785
57574
24133
122910
73185
187415
154465
127943
18927
12062
179716
168362
128822
162644
116739
195869
159059
35615
160351
142028
83009
85506
63256
2595
168942
150259
95251
75623
69661
172813
163323
43757
58905
179646
30361
117152
158111
118880
98229
64240
155910
44425
78057
53693
56244
145860
84989
159600
19535
60471
182257
22103
131127
172667
89764
123917
18940
183343
186748
159601
184106
24199
99154
111857
96425
142641
53503
53838
72853
60267
7523
85565
34457
2873
105855
40011
20406
56242
100694
115606
10561
177172
70586
116488
33896
139311
149396
165132
19322
170566
190468
134346
131786
179684
89256
57910
147620
132954
114699
175020
111950
25765
191602
172913
124042
102635
87138
33707
73047
8230
38730
138705
60135
22268
115112
118301
14925
8159
124385
192074
164011
70381
190856
160013
154331
104204
106424
6478
180108
51084
105560
92521
73377
141736
168887
62036
118704
178552
112213
43710
145908
163333
21201
103129
190677
50176
63329
79671
119295
61973
86140
67359
160705
129378
195884
62789
143171
175817
159811
68381
11279
141444
130693
41537
23117
16986
175931
157432
139743
199758
29323
83345
16332
194515
119528
21992
188016
153678
83464
168313
35309
139082
98467
103365
178768
62695
107410
92836
80388
7466
89607
192989
118591
27462
187659
199805
121209
157427
20157
56815
143906
11209
169268
138541
45740
196549
4399
50203
48848
155036
179960
68626
111005
151374
156967
114259
175676
122782
68986
52446
54302
104185
67221
146342
23217
172922
56535
162182
108743
171560
157940
164238
7228
8377
117734
38586
192453
72767
139250
74877
137570
130049
134050
130161
176626
72510
34972
15
31370
177553
153141
53420
102767
125283
50749
158983
190738
13637
92587
31789
130898
3377
176469
160142
93047
77285
17775
91488
167011
177753
103603
46619
115647
48710
111162
146064
194209
133924
81738
184602
67434
100776
64742
125092
11658
170288
22581
192013
199387
84733
23934
68810
29789
83341
194279
100085
41881
16652
71946
179619
147960
178124
190062
108021
193114
102361
96777
76988
195612
34213
175147
39453
114961
195918
88920
5071
160251
157279
51431
35497
99687
64745
66803
9482
1748
79302
20955
17607
176240
85403
29952
69580
134506
56598
97737
44300
15263
82719
105563
157080
143228
153963
54325
80166
97964
147833
96498
182377
167628
3960
198330
17509
32452
58296
198306
108722
91173
159617
185232
41184
158596
169474
172401
128952
76450
167549
139204
198070
28473
156511
35215
178853
150027
26886
104540
53262
97179
103393
16647
112389
89409
171266
11360
132585
130780
159073
59310
179216
150495
125978
180713
146248
51061
30959
138912
83265
116249
133232
100890
58180
157399
129678
121199
189216
137229
88604
42458
52506
53261
188027
81244
75909
105254
132235
39477
167925
183839
166952
72913
102202
126953
26938
167775
140713
44264
182609
120118
18765
67494
122055
17656
155329
16580
42995
187626
153110
34817
6289
61528
5680
100968
19494
158762
40145
62549
77052
63656
166446
121395
163098
102748
65749
118330
180873
150958
107589
40702
3150
101387
174017
165411
70343
43498
91862
107315
135225
51942
52171
134679
170156
93381
3796
81885
112312
14841
198059
34808
71134
77809
25978
142563
193238
46080
16916
154751
32571
150512
8978
158545
33377
98141
41261
49802
89469
96569
2766
41028
94816
42707
113893
7425
82759
134126
55386
142744
39869
127731
30322
85128
149368
51950
58551
186350
139074
188579
81875
175604
353
143752
38562
140111
172409
57647
59833
123435
139545
124377
156979
120888
65094
44872
101363
61786
75193
86438
170842
90769
26887
34295
20192
128753
44462
6359
167787
176208
48842
173215
8077
123744
191376
104235
114382
121015
64484
184689
178680
69711
96610
117138
53102
24799
136726
173048
44991
156467
39489
173312
181522
85546
171837
129917
132123
11292
52587
31131
155864
21656
19703
57403
180618
73332
62514
106202
10937
194196
43046
23961
113604
182862
117841
106719
94573
69977
97561
97718
188034
34151
77354
119411
50318
62602
62693
10576
190300
194033
130451
86180
25505
37548
196303
48975
135960
84324
79199
81129
86882
139110
30189
98369
84187
121861
85944
194839
12908
57891
151599
52859
191598
24346
155457
161093
103516
72471
192784
547
70893
187547
164313
73947
19304
147271
54760
110381
187619
96657
118247
162192
49426
44715
113805
109167
168793
30686
47864
96835
130813
9613
124985
164863
182614
147499
69349
161518
78555
49408
96354
144508
57979
66554
141964
117689
76351
79456
68456
199801
146226
187083
29513
18640
20066
107475
56866
27572
99482
26261
63240
183096
74702
140405
101426
12757
143814
167271
46511
105678
6515
130679
33122
162638
95529
68954
187956
91259
77788
183599
23318
106963
11318
98901
117503
114237
108730
13012
112349
80270
53004
146827
41901
76635
131351
129026
132343
93392
183900
19357
190141
176940
40502
168358
53447
35566
1818
164582
144655
64973
53690
150729
19196
12535
31033
199573
107832
76531
188920
143007
160230
100978
92726
62118
163182
170652
97381
26681
50100
199752
30167
155796
119940
167485
157462
187553
1386
181056
164238
54624
8650
8764
83839
169486
20706
171979
11378
144239
66814
103719
110923
66046
111001
107651
182671
9148
1242
122640
106743
123480
149513
87443
171209
30888
155484
71552
102711
170375
193072
193352
105827
121630
97920
21035
94978
77331
189465
196792
180380
50411
139171
129680
47950
146548
177694
151804
60354
167960
126234
20013
124067
106988
42606
156059
144952
37253
115995
62690
77723
121734
137219
93308
70385
64576
93074
1806
31051
168457
143429
108694
26345
183208
12497
107279
70831
33176
163664
156180
45534
119755
194090
168149
2050
192474
74288
126228
46964
112308
90683
176326
78011
50635
130199
94858
27037
166438
161410
110620
70480
33170
9808
197951
160263
154693
164556
45093
18100
14851
115827
143413
41956
183111
89770
144155
176767
94134
50903
103291
191412
173624
108291
9365
138709
171608
165963
104607
135476
174191
101438
190895
93874
62415
77067
145583
40877
15118
90833
120834
21156
15403
42178
139541
126480
124352
198800
127610
151698
27662
125581
38036
30538
132704
47194
84815
183837
129264
130754
58088
195221
94735
36651
94506
129496
60742
179366
156169
139326
33189
142904
126668
33105
178911
128525
157752
101764
132242
115836
143718
127094
18534
45654
5195
124785
106148
85541
2207
59524
102850
29763
87285
122251
167791
179737
75033
169743
74534
37835
151723
91603
153169
116331
96294
78808
68462
44732
157129
192082
172257
146227
99130
22196
32274
14061
163760
93998
32523
46643
11444
170940
169377
91327
179410
135562
31370
98060
58133
22400
75944
83814
9807
147432
132763
109531
76753
62728
150429
147038
36727
3570
21149
116036
29005
34252
119933
40086
181738
110162
146579
47224
192098
158387
184491
91636
106578
156518
39028
98429
158718
171587
913
162313
115687
131571
61892
115055
119074
7998
154918
135120
100401
187997
154969
124588
67923
17614
133058
27373
165211
103748
190227
147426
22128
49861
10022
65630
159777
138116
32014
65611
54971
176277
188212
65475
198920
11758
10033
15904
50029
42986
162721
121429
7703
80102
91607
76791
31269
38293
66163
24136
82343
119506
18672
57199
4721
43544
117482
147322
171633
66531
114659
83225
79312
21498
97088
17868
58217
76153
108224
35968
183799
19695
81812
18467
86547
97439
14536
160843
5547
127470
103954
99617
40386
95115
103992
55220
155338
183614
27703
52931
131046
97437
171088
13423
130898
118796
197853
61952
101975
178834
117942
198139
35006
74502
168970
143056
74657
64728
165426
57448
14086
80712
95482
67895
12874
130861
157659
19640
17268
113790
61256
141436
41363
100701
153023
197850
57764
171526
74214
42761
46366
68619
105837
85548
78074
146099
123594
191016
50398
115097
37594
71880
99295
54245
81652
62683
25974
33495
136480
176653
189821
39632
54977
194432
72146
164174
74543
157114
19014
129943
81854
174849
181610
29797
97284
91491
26215
155102
44556
66685
22155
79524
158888
117092
156362
87321
82397
134305
140206
106004
100553
103435
5689
180425
13131
114330
92637
134219
134723
115815
19586
169096
130947
32085
100772
45734
135660
161970
94261
73376
98234
20285
43927
8522
190363
25489
592
21111
16272
10489
37120
165354
19057
115121
81355
137439
20925
16275
157684
139945
113508
82614
199326
11092
116103
185446
66966
66808
42474
120978
117852
84636
25437
175253
100197
92987
192847
119913
149761
178998
104770
38201
11482
167597
124827
27112
123941
158217
197124
199554
159421
73849
159077
178019
28365
50380
63720
146257
143829
179608
60808
125699
97720
88908
53720
90093
127281
70183
39637
156893
84927
106236
38561
176610
141917
140117
22691
77475
178938
60007
78848
129404
137648
147633
188756
67923
168470
36779
71647
3880
185883
141287
172351
146505
68111
28852
20353
78098
169103
149855
169336
137452
100224
177647
142126
37308
35114
85841
85756
147981
10290
177114
118178
148579
153939
160707
25835
63080
143366
181697
43989
128768
1183
124902
1886
2354
122223
62649
32235
83512
30488
154502
25326
150398
63591
21094
37387
89411
160270
24807
182537
155478
27183
12453
51046
182322
8397
76100
9720
11605
39040
115026
147472
45759
981
145057
134802
114428
169788
91322
196483
77673
191338
127609
28389
164645
133998
147815
173833
83903
21763
35851
76275
163887
45214
173838
194410
121299
37149
7208
14900
52773
16280
191001
139852
52225
139617
6389
36491
127082
88659
9921
28713
1480
14194
146581
77016
132815
169801
102552
151041
6689
56442
197496
3235
47274
175084
39810
74911
138855
77963
111882
121588
77737
15607
110472
157279
131449
196942
35260
26455
127337
96674
63655
103031
189135
55903
40661
166460
165113
110480
195156
75984
21212
137895
71679
173736
49332
192229
97352
179293
65056
50465
79643
56689
93677
169733
34209
113912
113459
39755
128933
125692
12500
71405
173832
919
148502
34036
172031
10842
187780
75163
193820
57279
164971
81453
197987
160415
54311
65028
199508
97054
123438
83393
189974
138260
14790
118163
159246
194147
119550
130020
147532
118739
36601
177305
11004
5272
90276
60182
20280
183960
48146
93424
156918
18623
161513
137472
134373
156059
39959
142923
53069
117868
132903
128796
184291
94738
63545
194551
70853
24946
151424
51028
71236
54121
119150
160555
31556
50785
67559
44141
38496
139402
197676
128170
22965
142656
91799
34943
142635
98079
170973
147617
84800
116816
108444
156292
96798
70047
164160
187619
98741
69764
151576
100070
95637
23669
176475
90790
182223
26014
171096
137856
114249
112706
41746
23053
147810
41940
83795
93757
173781
92956
166282
17455
171202
148890
148498
192578
186207
63542
31644
138183
132649
73969
136259
182338
78638
199751
38513
75886
13468
162671
9680
199880
175446
65126
192641
144223
19217
123351
14269
166599
51851
133340
103060
127932
89260
59298
196073
54727
11724
50512
59398
16339
26659
115618
71478
43072
5848
75027
65905
179507
118480
62981
100018
57214
136339
168757
111010
81803
46859
120743
198810
189435
113400
164716
181646
191968
3789
130014
73069
30124
148441
14066
149582
151978
98928
158660
92741
7475
138647
51989
145932
18787
150365
18335
42227
92674
194961
74231
161318
185229
104463
44483
62268
147301
92298
104082
181932
164113
16725
140287
109765
37198
104750
37358
188124
11723
50190
189514
37402
29716
166110
59613
19554
45972
511
91760
147257
107403
151128
129609
78871
108943
125390
21624
82579
180414
79913
88019
97164
146438
172152
84226
611
163991
110635
9544
49671
68531
162263
123147
89178
32286
176110
185884
17213
89157
115513
143698
177116
114694
71976
34900
186409
38198
133593
109142
121786
1955
106275
84388
61770
76429
184932
56832
93183
56460
180000
63170
122274
79085
106127
178029
33558
33780
65136
34512
114413
60256
191651
63903
80175
140637
133345
179600
27952
156237
48630
164669
70717
146704
101544
88732
137865
74786
1993
85922
96059
86838
85968
174453
39269
80900
191210
132303
112591
31545
102507
33426
94556
102828
82396
181999
165607
144995
45217
142342
67949
96202
78939
171079
87320
57594
39668
87658
33149
136645
73622
153470
97370
71429
168287
175316
55565
65467
50074
112904
174701
11984
58688
19212
116109
198324
63917
85523
2154
103211
8758
22002
32191
110704
91779
113645
42133
135366
172869
170136
119530
65516
128684
199749
114493
52744
195375
43594
139120
125670
12800
185469
9537
179864
17089
140145
17406
18311
171608
169508
59189
23384
165933
82744
28815
39168
165573
128546
27839
83335
18133
153134
86964
63398
29119
122748
146750
11350
85706
152170
139938
42893
46351
57826
62084
69018
136864
98236
84376
98605
25407
38097
81482
143822
140703
165516
110687
132588
164714
172879
113673
14165
70097
133540
183492
184659
49345
146624
105016
19412
136532
26324
16783
43741
9871
58009
46878
44096
162662
127416
174644
158892
94034
83168
161554
79534
91824
124393
143135
40873
196487
195802
97087
59298
57650
68631
27200
184416
199750
168311
6453
155199
78841
161346
90908
162894
114930
54245
8739
12734
58909
157788
76858
161540
14708
25917
168611
117028
52440
189846
58199
168580
112674
83744
76089
938
56885
6026
70761
114893
185648
116073
29896
27467
143354
124933
76466
133405
193592
84434
71742
134646
125070
114926
24487
71496
41609
95287
