172026
9809
169957
88597
183420
188930
64246
132786
149118
69797
196994
187709
156350
36613
64643
176256
141873
64969
143613
121375
75391
144613
22004
14114
140236
25518
72376
197169
171951
142138
131281
68111
77577
34318
141862
150787
88457
173247
159981
89012
138896
105609
197083
79128
199368
72045
196620
27542
168739
19462
66185
23018
95126
73075
135188
64375
4318
46429
34970
114517
71009
111833
149728
84299
37108
138232
27977
81449
3442
49686
142899
150948
572
66691
160835
177368
862
30288
196980
141766
101988
183812
72054
32492
180351
6492
156722
99285
23194
67339
141670
50377
122169
21067
114908
147449
87588
5468
7981
80577
131472
106918
25174
109530
153686
195422
146797
141182
174868
75295
48598
196452
66218
91891
148081
106760
131085
191287
98287
113957
96361
188755
51325
178490
135915
194339
6226
106113
76224
148345
157464
151017
169087
191135
138028
126468
86942
93
105039
158588
30421
168028
62788
78269
186010
150048
58314
32651
182817
99987
7916
69364
159876
196699
5539
27767
154369
149209
144911
37526
197062
17181
187573
163351
113040
116650
31752
97984
2531
173637
146041
150256
153116
182605
147790
61154
44674
19283
13902
175525
58468
127051
188331
61644
196175
146702
47598
40559
130390
73334
93285
106587
72896
180511
42548
93124
60805
193824
141366
80744
29715
125526
127994
16094
195216
80970
2714
191719
101541
142038
120351
173505
112644
174838
97752
128680
179912
29391
194445
132235
5997
98088
113441
7724
104983
112370
107136
31447
148985
16069
192633
154281
110296
29739
33108
112219
187762
26791
1433
86029
135456
74807
121721
6541
119080
37431
12203
87567
159226
4231
11760
192435
115595
40737
56025
178051
11838
153772
63408
1883
173151
27488
25132
30383
17558
72793
65046
29376
158249
186487
199102
85009
64284
88649
73254
59726
80733
147139
188918
186543
138440
144600
6949
112990
180264
10749
75461
78157
160830
57480
52490
125599
91583
55128
93113
48903
158911
8231
112174
103783
128648
84548
1773
100132
71646
6897
89862
110377
148953
82095
90837
169975
3998
84481
12337
80233
23913
89572
6208
67922
152695
17889
41361
77207
7256
133502
154305
144104
84909
189147
71350
56425
118907
88017
21449
154802
106256
10266
171018
36490
171
125776
32141
68250
105760
137056
69613
70635
178526
30602
179480
171292
53525
177166
44834
155883
97942
159753
135946
32028
30659
180184
195500
78416
75735
175581
162911
29676
103012
60400
13536
143273
159349
165546
57640
104856
97495
196435
72572
51573
50853
96364
26589
150834
94312
61635
19252
101573
60933
14916
76367
199588
102782
42546
64473
19563
94501
197607
145758
3065
74761
141511
17654
125005
4788
114045
151037
187781
69332
45115
152935
109395
174398
121671
86805
59967
16797
115831
156109
128366
173623
175496
51973
14227
16371
74087
8325
134302
156940
23758
185309
80287
87829
88669
139404
3022
116555
28418
41908
73194
150499
125596
29091
197131
25235
73897
128834
99307
196758
130963
128624
198590
11636
1219
117110
56750
27838
52429
166947
73290
167200
39256
184796
58307
120707
119500
160019
156493
178731
101000
134429
179132
52332
138767
162071
101996
174262
156823
131103
115563
134190
66193
21578
82921
90746
74615
67583
68205
47916
49899
93904
59899
37884
13398
99336
44465
68929
146370
130327
61474
135144
62474
107839
108647
165264
170307
42025
65633
154923
168681
193522
181199
1545
95479
198885
3741
63966
145122
92289
1884
68229
160777
7563
105966
177355
197163
75217
97889
55611
171376
92638
113523
107506
38486
97755
98716
65283
162542
91423
127592
192532
141692
128217
153910
168914
33565
186014
73124
136653
142317
17079
110298
30966
32502
8962
4782
44087
73111
76272
79465
186348
149148
63694
128219
175261
109457
42648
21254
156477
86504
122702
69307
35489
164796
99194
156517
11488
136112
120500
154148
61043
68886
6194
148254
128395
66621
29114
147843
101315
31390
148326
81408
132354
71930
82281
182846
91400
84769
158670
73303
133640
18933
189609
10174
85731
156620
112904
150286
179243
92511
65644
98085
177725
44577
54441
93692
11575
90297
46567
77295
123929
187938
135410
22889
93423
97185
13323
175781
151621
82568
146155
23428
90636
147173
15059
8193
96891
72183
99819
156944
64021
126689
28410
117737
67996
117246
188463
25053
1877
59771
183834
160980
187864
143948
194052
83565
58909
22754
12998
118843
135936
172176
112565
26797
186943
187289
3914
144786
29878
166965
58427
28548
110878
40421
171710
27636
99393
73390
118938
134212
175838
31139
2373
154164
21288
16467
107462
173486
103086
137808
18615
37897
156607
160870
84232
47448
157792
95292
119209
18083
561
121337
181380
178834
197146
159475
98473
61454
67095
24400
25865
79516
42410
35020
87895
57169
194198
100841
147235
54366
35900
66618
166701
1224
156152
179134
182596
2032
165449
127579
177714
17105
104763
137607
41623
13508
83633
59578
113705
17525
75909
146949
103070
180935
56398
125377
158204
174886
274
173903
162450
59384
14194
32826
30046
48935
153042
58366
71406
138130
188341
133444
5620
69060
159518
123225
198968
1634
139122
74117
152586
186838
50054
142652
92827
96310
149493
174167
165832
72163
102264
174829
151990
62612
103163
84924
117710
62202
33510
229
100534
185523
109859
131537
121110
155619
133834
91368
148410
60821
156710
66367
112623
141245
111802
55912
15731
46950
50384
171586
53173
44383
120220
150172
54227
155678
183736
145927
120846
54817
176606
174947
179480
182353
100844
69424
87473
97131
109686
150572
59556
82139
45472
132423
79384
29772
44627
175441
108701
173581
13327
1116
90224
96104
155858
57178
5710
107337
196660
50144
113840
198000
170064
23486
82754
93591
87735
150176
4258
183786
104165
6403
180720
66932
67989
130880
132782
1339
56239
1223
77986
58735
117146
76613
41219
185393
172019
64941
947
103967
106685
53774
120893
25480
158099
136569
28353
44636
41178
103093
139752
152562
43459
161172
12683
79649
147428
100114
114888
52880
71990
144422
45303
128756
88658
109794
42068
106241
46442
81284
163296
125816
127841
86830
136805
61728
5427
130206
161017
122753
136945
130650
23789
158992
196495
85402
110863
144521
63495
142282
46185
52820
144790
33237
95803
82717
87285
89046
160510
87362
101938
198346
79429
195505
47206
67781
105270
115187
194381
33424
46227
117520
173117
165023
193211
108210
71405
76774
87232
71650
175364
164603
62327
83227
80776
130154
89637
39929
123668
197972
167367
50408
151999
49137
52816
68199
83671
162967
153484
138146
87699
82683
156645
189806
55406
152991
25349
154414
125415
172853
142303
5140
137756
895
49376
180681
96214
193423
72788
183649
2930
193306
36095
8751
80945
149378
104457
52107
92679
65774
48699
132990
22968
47446
156462
69808
68772
40799
18660
123112
67816
168303
27497
174669
43749
162359
61005
190703
19130
135411
50188
51958
4377
4569
133921
87542
25044
1267
197805
9356
95242
122114
199371
148082
100664
26307
66754
114208
169419
72452
103433
195646
149637
92307
34170
159646
179720
62449
132348
1782
147047
163147
91576
40036
56957
6845
91827
107872
188478
102524
48364
125676
162239
94111
119614
91346
122230
189261
108282
65321
178785
159550
95509
121744
192886
132094
116619
36773
17682
171870
30775
10564
179598
44948
153780
161761
70986
132770
185393
185194
99387
188487
12065
74769
16735
60482
5493
172327
65606
26063
183173
155664
184359
13830
34365
173937
179978
126778
149690
82468
36647
46315
92287
173195
79328
173175
118198
72264
77328
72530
66698
54403
69801
189710
171381
87943
55107
13512
128562
39203
10378
54643
167478
2786
179418
101042
173952
6090
93282
16344
107282
48145
44178
83349
12954
52263
46904
80454
3616
21627
193756
55778
135756
196523
173967
77400
18732
193073
107310
3513
7102
30902
75279
177789
132596
15400
134128
150316
73634
116486
99557
171033
124655
66137
188100
183587
22491
29157
10113
41303
172658
159535
132553
197175
10850
93439
18790
173995
61581
190098
25105
146188
104828
140800
54785
61735
98830
92918
49951
187483
145686
169557
98754
117658
60757
149151
159298
122323
25
183017
158709
144829
95177
99944
184037
85004
61879
170999
105268
99214
99934
41915
58295
30377
182953
65542
138810
174465
199732
162089
136421
99265
6464
140536
108695
86079
94151
107519
46948
52790
2985
197389
101970
21244
122897
132522
15893
73018
158802
171892
98668
100834
101330
152917
179329
73460
122154
6858
64445
102003
197467
199977
96950
165476
172912
152492
31585
797
121158
91944
142523
7894
19257
45182
60198
60110
130952
151984
57431
135630
109887
165743
163974
139950
22804
72008
99236
160089
180700
561
62414
156433
53964
73519
35066
135317
48906
10044
155892
46358
28522
189776
97278
26343
78396
182115
150814
45285
68677
36705
124245
124178
162402
87233
145498
47742
163902
83049
181570
69332
27712
51254
155056
69912
11426
49050
61619
165224
53865
31987
79389
83926
4377
31064
55205
198271
46814
120603
12426
147551
24969
22387
83975
35846
114476
67260
197299
169180
99429
57014
148861
12015
81040
126267
43778
56942
79118
61611
78022
184945
104210
183728
164920
70598
102981
39034
79739
38993
59022
48866
172117
21933
97784
162869
21648
174853
161187
181146
93021
102148
64063
131597
189174
112227
89371
22281
65379
100603
114911
27400
73057
149778
120399
7838
152471
144385
27305
76577
158614
171252
46890
55821
107792
127289
113191
161300
44514
174857
169305
15416
163958
199827
79129
83475
6193
135721
158084
117909
162488
142892
34045
151916
35719
198331
44958
65181
119535
103475
48827
142627
197245
148630
5349
193352
177559
110115
186896
105921
130474
100495
86137
57860
177049
142803
169675
12292
95783
6493
174155
164620
131507
62884
78485
76164
158356
54162
61527
83142
194898
94228
20419
53692
146467
52282
47691
196880
92511
142485
15196
164443
26845
21200
143061
107444
13306
92287
60539
87848
156734
38974
54519
192246
172981
161434
190035
123410
69804
31295
12674
90864
122270
123039
24445
68163
145494
170640
89750
17048
128613
16746
94551
137864
68809
5959
100127
194403
118821
48633
17182
106051
116695
16062
126710
144780
192196
158829
172927
83608
74653
110670
127389
49678
81433
63375
48653
1432
74564
190486
93040
113305
169201
94719
159275
197794
70854
187406
167358
26325
97377
125880
68578
183253
141939
74245
41566
16722
98560
75866
180927
80787
30733
159672
169621
116682
158999
69061
9821
146537
63291
165100
16315
99507
106541
41992
102461
182515
53894
67352
9558
81380
98809
46464
97092
153711
19524
58717
137352
21527
139647
38753
171809
74
51373
73721
14565
74522
72825
137369
178956
198017
88291
16825
151115
90603
48416
55968
192301
11323
140691
44632
52322
87594
85544
106259
148796
161226
44121
44401
65680
51295
49604
194574
21566
122181
174129
141868
52781
58711
51176
134029
128239
100259
156321
19250
32687
76488
145137
163355
111219
92066
88311
188790
91001
138962
159670
45902
9901
18010
164028
163586
149538
158480
28646
155255
61447
194680
6553
112700
6024
94466
55016
180529
47005
46667
175621
88827
27927
106920
159000
57417
16373
27589
31409
117189
22919
57433
16615
94222
152641
26441
92431
16146
177368
108814
15563
158226
149360
56976
150022
61454
43646
3206
193934
14487
148065
115637
35509
124851
99826
77151
80523
114893
146380
484
15703
68077
20069
47863
142358
121992
120188
17954
8158
85507
50600
79696
48750
116098
161366
31622
86509
10954
41251
150032
66149
129800
28331
79842
136412
189274
43592
85036
129053
108505
194000
97849
45596
174016
117240
84586
154140
193702
121807
128546
97361
86731
75795
109282
196199
47346
153144
14788
157962
198069
186087
107622
175612
123109
189167
192259
187480
170209
130136
82450
22410
99854
106537
13477
25371
129736
195624
183642
17577
47428
89642
53961
35122
87201
94579
17978
64191
49924
120127
52247
76386
20611
180895
199322
43051
160363
35000
58395
111827
25227
158301
58718
51727
96606
97834
36334
173655
117594
41405
9833
21819
74833
88266
71636
194260
102544
97729
38466
118553
138193
112696
139399
146481
38584
62731
98895
544
161472
158686
114877
115407
112638
138715
56582
29475
179151
48733
91040
151197
64936
74679
92961
106413
198535
132460
52599
50420
179493
56967
54929
168682
120092
86349
39437
127950
89226
69084
113672
144678
126109
137598
86657
108582
84896
169804
50236
81177
4555
55627
90403
35148
12315
22095
166406
148288
89643
130615
115408
13645
86235
83184
154537
92862
31821
159461
175125
191381
142320
23648
80848
93867
178628
185015
128822
89199
151881
59281
195612
69860
15707
188181
17721
71501
88211
33893
54621
77736
998
110834
161044
48965
90711
33014
124970
20871
80063
75971
157263
124324
155703
169311
127884
40850
189262
143169
61192
64021
153748
107786
191162
102766
165945
181536
174931
190344
156705
128854
168428
172404
194113
197906
155954
113374
25540
197597
124825
196830
128946
92337
134331
128366
199561
11242
27036
22495
180224
139454
158207
68028
146543
23153
17817
39074
156223
51739
16098
72917
39300
13400
31020
65806
168675
27980
14331
105903
194002
150323
50008
84608
151935
183157
170875
130024
158230
197106
97127
140468
127607
23828
68145
199361
103605
130028
112237
43975
172868
46986
127414
181886
35778
16402
154456
4963
147932
167335
80250
194617
187582
55037
79308
182350
64116
192281
39300
9237
109818
67320
31914
40912
194476
137524
142089
87526
176163
47144
11177
162468
125443
26666
85203
54142
20876
50990
151168
159719
85183
22042
47948
77722
75852
144868
74241
79351
184009
199197
75350
95138
45205
184944
191266
31587
151496
198995
138666
66625
24728
156784
2647
151092
156081
30122
54520
133461
132024
160114
57008
67224
84112
124890
184445
190497
116163
41146
150394
16449
152193
130150
73233
72381
187699
177351
40165
94847
95220
171822
48207
188911
147705
32220
41263
119753
177610
12492
188920
67300
83239
114401
119470
164742
91090
50216
159220
150853
149079
130338
72301
197834
79162
195242
40856
191317
98584
17866
16708
121804
137580
113463
181011
9945
41518
97258
7585
117465
59715
121090
171779
182188
131074
181463
19208
171767
106826
174767
67530
68689
77993
69395
48052
55803
110019
42441
173580
3221
132775
163273
175211
136092
115856
35278
1806
180042
128373
170431
22409
116592
113793
154902
84843
24687
64517
33465
62126
178982
181241
28671
113386
85415
192234
82031
164106
94351
173646
129647
137500
149162
94285
152504
22241
196085
50677
154916
111859
2956
78427
133950
198770
44465
20168
136217
74932
134584
37595
30987
136696
196542
134400
144861
65496
94893
150264
22908
21449
18542
169209
185603
85453
1684
88525
6951
39805
188863
173291
170911
89178
80130
115216
54907
94760
172267
82862
154300
162677
180452
32628
156429
24665
62831
39011
129087
35751
171698
175577
91958
55433
79780
197693
88031
18242
88218
90938
183486
169959
87280
30987
198618
37934
29125
25812
128107
108192
54154
36857
73650
28432
104121
86652
114774
138572
168586
137965
25382
43164
115789
55624
30766
36584
27613
51887
75410
120550
104204
181981
159522
25451
75714
128906
63519
109308
181981
159771
11402
38009
94554
175449
166592
171525
172053
1612
15512
151270
180151
197216
3040
7683
101473
117045
137400
82570
86708
191602
174015
1646
125498
170734
48844
17209
59688
132608
4895
80712
134426
84032
122760
138782
39508
71640
82866
45227
107505
87149
103316
89858
65434
139971
125940
140855
57667
115526
27257
62759
82591
121064
182827
197323
132738
165340
41904
68341
87116
12454
30205
185056
64206
148937
197053
54735
162286
161878
144483
17637
437
113495
145255
18239
64559
186183
142662
64186
199645
80184
131323
36395
79833
33973
9167
79530
99683
106088
95466
29760
141600
163346
109574
135550
95337
127359
103909
24744
160531
21616
4445
147168
38956
48041
99859
28345
94324
147600
154169
29203
154361
113788
104519
8127
24191
23324
46120
112559
131739
23901
161484
177449
94183
197473
5662
52285
26157
6126
93545
28275
26124
127391
97231
172341
165067
78876
101392
37558
135156
33687
18667
25871
81006
109931
20004
102392
144684
174545
160142
70963
51869
36697
89768
190612
189160
163494
92829
31565
51369
133931
110600
139820
93428
158370
166231
66164
139802
9759
73204
155579
159006
103147
90301
73555
195431
122922
98164
166039
109823
40983
132956
134736
5391
774
191923
98704
43665
104833
83857
157587
130700
172049
90134
122756
32172
12609
69773
40085
135914
135911
25885
110239
8063
55445
137082
121717
197917
48834
132281
132429
63726
24962
10505
97509
9906
153020
27697
34225
171718
103883
1487
61367
137237
169194
95729
102273
137767
122467
40858
53465
97391
111531
96978
75986
88233
163778
64675
188882
171929
9638
69434
77954
27958
32520
20177
113441
149711
70834
145223
23473
168114
125007
120755
131547
43879
70077
82030
17262
35865
106125
162125
18407
117847
71605
159464
125755
122067
64616
132984
179882
199504
62129
126666
17667
81977
81705
113934
76650
127953
106573
10679
167981
21084
104519
113406
192847
137958
45028
195022
153914
97971
92175
40716
17714
79782
61564
174466
106183
21879
60702
123477
86833
146806
95613
112038
139745
116001
54621
134609
185779
172148
165452
55313
110582
8950
95710
98411
23359
155
49125
136025
120820
104571
10390
129006
175580
50245
5906
64535
194060
152780
155500
148277
43793
99046
91773
99239
176755
183499
4691
40903
114436
115475
198844
135093
37219
110325
90384
157355
155784
145179
14635
114855
113128
100288
79957
39664
103471
28115
193817
68062
107170
131560
5318
171336
96416
122985
38904
49303
117244
118276
176636
110739
100851
89588
20084
166857
112437
108494
185234
29587
186045
132258
133534
195293
43321
13502
158222
172423
185913
122242
197851
41413
17793
123739
2398
44873
179601
103580
108779
92811
193716
42741
182771
122520
154874
62401
7225
135142
42280
63038
30124
816
42370
27730
28911
137112
23164
2297
60097
4029
117335
42146
183859
194143
184848
162166
147695
116497
175640
147577
96066
88627
100130
118142
192441
99643
61399
136965
137278
19096
48879
146371
135130
192633
88296
61142
123113
182575
148629
148494
8712
74535
14789
147875
81653
75192
22643
99845
85221
10647
95302
104284
79209
53817
60494
125460
138130
86240
22064
184015
55110
170945
14656
19096
55821
113309
31148
69688
38998
162722
142413
132178
52205
45240
111150
108202
26409
94054
108893
109310
178520
61202
83616
100623
191341
197310
96372
13124
48930
136322
18498
70269
70096
22934
51157
53214
152936
27512
151702
49823
175853
183885
168871
4796
179368
119144
129732
5683
98436
192994
121183
150412
120042
46756
48759
148567
155431
53375
196733
75394
38440
132747
155903
47387
70998
181121
9342
95300
39148
78232
189639
4738
11161
99009
116499
166718
6725
145907
29653
188426
44632
197826
110637
11692
28296
189009
95067
134801
25206
197046
156101
115748
12115
113211
193766
178647
6721
134547
49169
12449
104950
108626
84602
68172
140641
116009
147255
189556
46598
97472
40412
97322
35744
98853
40251
88774
29667
130634
82193
127551
165468
186657
118904
128090
35003
46236
79010
81187
98858
67528
110637
187473
145456
16846
184730
114290
120399
44693
184649
14021
62504
165205
95878
176695
179719
186655
186980
57300
97988
84994
195411
108306
32204
92998
149752
170044
185099
17084
10452
84870
32342
90285
188196
164054
63940
48292
7615
128876
14596
159365
135618
72012
44498
65456
135032
150249
138735
185169
25664
139629
195168
22818
141959
190807
38379
141643
190081
3401
193767
164536
59565
122734
178540
121364
120977
152200
158328
67180
159244
131011
319
194390
74784
174713
159819
54056
30232
112205
199475
152231
19853
116838
135198
87470
82674
146635
49441
73269
59611
37429
109567
188122
134387
10308
51657
150464
91146
34196
97838
29054
170466
183118
55086
185126
135067
155172
19213
89565
164177
36283
59045
147835
187358
49327
114494
57352
110766
19459
70670
86691
188898
101854
64614
134527
38905
91724
88458
50709
111958
14983
16001
127313
83728
86758
13618
149354
140378
66815
195504
41716
8917
120735
25792
172955
2365
114008
127128
154951
7882
103805
197869
143314
185374
111831
26163
44373
59406
115797
177852
52707
22837
87031
177599
148016
70985
22444
128779
111145
138283
48011
135556
30398
9783
50913
55204
187971
109970
43766
25278
116784
55737
83853
96889
56588
27992
90009
52723
136465
83493
174170
58857
42665
178648
35147
197700
16751
117978
75066
30624
79676
38611
67804
68679
98260
44798
90604
24786
19715
52581
158789
48965
130106
147661
153966
29960
27220
85284
103544
102951
160993
166573
129684
102529
103467
142076
39957
78351
52408
71033
97788
59716
29888
70952
37408
155884
193284
42227
53842
71766
170286
86612
29441
133094
126045
57754
113438
106514
10290
42059
75989
111331
64859
100342
103749
60289
93894
186224
145602
158737
19619
102763
53204
3010
195425
93684
60631
127671
144890
40131
111381
198281
85755
181274
29655
122760
99755
126426
130468
154626
141046
121432
100208
169624
152538
72756
169192
54451
81514
45224
147800
8763
4439
106083
119896
165979
16518
163118
140537
48379
9596
87748
163274
164842
121869
87344
107008
145156
13379
65353
16832
62402
91709
13830
40289
7469
6680
25597
24804
31525
78760
107234
3203
84855
130928
148157
179592
166323
106213
42670
9738
143673
176110
55244
10971
57774
188324
70244
178470
29310
30665
117853
43401
123762
182203
35318
30045
49447
196940
110188
88653
44808
133022
106374
59350
184099
167108
4808
128962
34334
158329
193727
72052
44451
196330
60364
142307
94995
53537
6862
167027
38876
50836
87577
142668
196132
170914
1184
64906
187987
13460
185975
75412
50555
87560
101465
6135
151197
117766
83877
161593
36369
91446
153719
194221
124427
49482
142993
47930
198060
49151
22337
137464
155163
86628
128837
97927
170861
132405
75306
48427
58630
172251
66842
187293
75340
160484
168066
49444
37029
85835
41997
15185
128243
13965
155714
65224
144524
26784
132681
113319
24902
120933
166030
109105
18784
65973
109613
169460
82687
65688
178182
64213
44327
141230
185388
30365
185862
130974
134626
151433
88769
95522
76379
8456
172562
137180
170542
54996
115207
142949
102906
25858
123972
128590
130924
56235
23876
69246
43235
196913
188428
122619
8624
77909
116546
2018
28621
16305
129780
165436
52459
196074
117377
97817
198968
140216
130393
183391
83786
190122
166414
28607
5221
46932
134976
167147
115868
147264
100423
81703
79825
175621
28770
41417
174995
78214
25557
142846
26356
14184
65709
104499
129205
2732
28595
149127
110295
178846
61155
83668
151082
116781
188924
175982
10508
190632
76712
98291
171001
136977
78344
199127
15787
110873
92569
155676
82652
175072
86419
67915
194826
50961
21126
63873
169416
105052
2986
139873
21226
189128
18047
182355
109787
103049
82788
154489
161433
43597
150659
73754
69420
105897
12542
79461
178817
17254
153879
51000
6870
55386
140678
108209
166102
190261
94506
29869
164565
173291
137928
152085
43079
149437
192993
78137
44433
34385
165132
71888
186537
57942
153237
116252
177277
156159
32381
168192
17355
11413
60332
125359
94281
147428
14312
122863
26392
56767
46687
196971
157222
94698
95030
28689
146087
76013
152668
155674
14300
95304
86162
89294
41098
64489
138418
109520
175408
183899
108754
76241
151576
31318
67175
33691
26994
4433
181465
22755
82663
21746
27974
168438
178441
45973
135833
53276
33594
41780
167671
105754
3736
113808
184661
58485
80058
49468
134580
85818
54210
66214
82464
109892
94708
123958
130033
110472
6141
103661
145008
106240
77176
94251
28536
36019
91090
87594
2037
105343
173208
54609
146528
112011
32505
154792
122377
140747
163279
65062
167041
50917
156268
149669
164976
138280
198833
73090
8570
154850
105290
135716
199609
173981
183006
67896
171000
62114
190476
47631
115582
158927
22211
144088
12675
110560
192103
58182
15186
199583
160815
156000
176376
120642
44224
33308
99970
9545
71246
77450
95608
157869
11008
182986
39622
166484
104942
31954
182183
176713
96170
38189
114066
46591
182729
76693
69744
86316
127479
47003
75111
119614
161743
92949
89014
193081
120006
158100
193329
185021
61326
75320
37838
128236
66835
154536
120498
108145
172995
7034
180220
162260
133483
43720
84886
145797
131763
119697
148701
43957
90332
74679
88125
192682
153805
42922
162771
119385
99572
193684
133159
74899
91298
159454
183821
35957
151584
157835
15881
60432
108347
175817
134437
20009
143210
112275
182642
59911
191364
111977
180841
167024
61902
146731
160988
136856
43156
125599
174614
90036
86892
181100
138846
56358
129800
81152
58449
65006
123244
21734
94243
75961
176167
173038
122284
190772
171808
161003
31412
123711
182026
195150
101993
121117
3957
178816
127347
156662
15135
86287
45055
128884
74511
14646
26400
152761
158306
183915
96739
135825
174833
186429
137986
9681
143465
7492
55572
60881
83525
176376
44060
22
36895
90633
39048
163265
81634
148834
170551
85842
190913
5310
187282
35824
191099
123957
43673
155086
100377
194701
179426
3617
193977
94326
32262
166787
1560
174391
78245
144588
39004
124191
177597
152518
12344
164538
84636
165128
177248
21955
136862
116133
67724
179135
108691
149045
54136
146004
82841
52391
97197
145825
186325
110020
113723
16910
153560
174938
164110
164196
81161
93300
9647
168839
50322
66965
155717
42927
103469
101940
20982
165929
6599
104716
153563
88518
166601
156229
164337
29202
82247
41496
19728
176633
185263
59257
85563
33455
125798
86266
81583
13157
23387
121186
136962
137871
121307
154004
24489
104538
184474
50681
108355
50789
175724
48935
64310
102770
37769
16858
94513
191533
132784
167669
48396
179063
169220
81130
181082
95540
168058
185920
131680
110317
50469
77175
29175
143614
60806
44849
130840
89203
9554
187495
28549
52015
169275
79085
18822
10828
88543
23148
144725
103305
46364
142427
150424
22743
92156
176501
153450
130200
165267
40629
140717
191429
134967
72275
62148
49247
152143
124336
193022
35128
11348
29363
24474
99075
35305
173477
75128
131179
125654
198442
161159
3585
33535
115497
34078
102148
95470
48806
129789
123302
151780
55371
94021
7428
38448
56558
169350
29418
98357
184288
106778
99426
125877
198676
8889
159248
7539
14614
189164
175955
13983
104519
196127
196393
77420
27868
183367
57921
184071
171638
2716
146351
138575
62026
48070
65485
35936
44322
199460
38230
118646
196820
56147
95818
82929
162741
122114
129752
74265
24109
114441
78733
68157
34374
74635
91092
189032
72767
126909
121639
91784
22471
137994
102441
121581
198218
5901
155694
49827
189803
193845
72111
1599
171182
138410
139810
100420
196447
122087
171969
12995
29924
156511
9628
19952
35739
110620
174234
132247
143387
33770
147582
93654
175676
97789
184125
192724
16419
107816
30642
74942
97144
33758
104903
146525
158121
55752
144109
131252
143118
97202
23508
22893
73299
47146
23889
180788
167486
72420
20681
131632
169969
69410
150919
197734
82941
171152
31761
85886
154651
85547
81783
61053
131483
34227
197181
197756
24440
172445
23644
150347
95234
33146
86096
134818
118067
158360
56055
65044
186339
148097
107383
147160
154995
137311
81636
17747
114592
193153
116787
84498
52482
1445
192495
95530
43939
103130
156815
52333
85294
121618
184718
187601
116653
185046
145881
101220
70657
60177
87804
128579
155081
67021
85937
98522
39016
59241
183511
98140
100938
117031
141189
48637
172773
56134
175309
22963
155493
100942
52490
13592
174358
125647
84341
14803
136319
156882
131146
132428
134009
18696
84930
95380
21101
91599
180214
121852
44990
130452
14214
172357
87270
61731
172446
194542
188106
76043
12045
134068
195658
194426
9844
161991
56638
152544
13745
107064
29733
12240
165975
130524
196383
147868
167153
10020
4123
175323
174828
179577
192972
165729
41082
64017
15926
164528
35480
127301
121789
103377
150069
179114
61851
199767
51283
182818
188359
24402
66213
95918
110776
67421
84031
194256
124788
132764
105842
26695
36460
178445
148806
51348
115341
83392
174595
77798
125930
64774
32926
58454
104774
176635
19165
116395
64104
183637
124149
68448
87243
169121
87699
4487
75734
94958
168523
22653
20388
98511
171858
95049
36144
61661
146849
50885
35160
182109
39759
97090
53233
28404
43002
21288
54530
52373
75881
176715
46815
101764
173265
52036
191048
197919
25445
111413
20163
126660
197635
167056
3529
58228
32685
157511
26846
56093
25092
171704
104952
121444
35876
172146
28079
5602
101968
21921
151764
198099
152297
78291
8416
124356
21847
34007
155094
8442
87678
103267
776
139567
173990
148157
55260
5140
87129
168263
189011
163624
160438
102911
86805
67438
191999
113005
126956
44356
129244
126801
56359
27087
105893
54743
53004
155358
71124
123217
145822
50932
36307
64380
72764
99050
74520
23178
18294
6747
28653
138822
177696
152356
123142
147945
149632
123434
186127
14881
3318
174322
47074
191361
15389
147181
100
189889
50392
75415
164932
175977
96500
146667
97110
176506
115610
58912
54241
142388
132972
147576
169535
10936
195270
26388
160221
99310
113435
161437
38471
59671
55576
105024
82721
199569
45937
190252
151560
90155
124775
37237
15003
187674
158563
25630
184214
130898
107164
110707
69197
96683
167496
189234
79915
131691
26238
19985
117580
48622
56627
19534
34108
41032
34477
21149
99163
20507
196549
133332
104307
129381
191870
177252
166334
26614
161199
83931
168833
199882
8438
129827
18336
166492
149453
106229
102025
159485
29633
94100
150519
60328
186670
152925
18449
155714
143117
187915
52978
98889
177746
124743
90615
128044
155470
23818
193469
135946
191699
191668
157483
136410
149825
72752
19356
179341
168616
66265
180976
194172
122699
6298
21219
185849
165563
90885
78934
173784
90082
55460
115258
8099
139969
153368
171134
3145
119640
112479
159047
707
15346
12198
168999
164962
170826
98214
78209
118450
45820
41786
92280
19458
165296
15343
156353
117968
62007
154870
69369
171664
114373
44014
55406
74863
54140
66251
120013
19771
29181
135562
110709
3593
174849
190348
116851
194484
84682
133412
13720
198343
88139
90924
56064
44757
181575
73099
44170
17269
163951
30435
121385
84269
84436
174250
185654
147192
135704
141062
107252
110206
85875
43763
157671
188677
53928
55923
121141
33817
117980
196384
96613
4813
104139
74516
162739
28396
15290
41655
134473
170722
198589
72380
114068
135327
159668
24600
154171
90927
117242
139668
174187
172111
108753
20577
44094
160695
65047
112573
25627
169124
105820
82115
93077
103338
42195
151584
169865
25694
66121
49679
154781
83550
47726
15526
166873
102002
184549
61782
64822
97877
49430
92611
29201
175289
101097
101471
44403
190976
33709
144132
162443
62813
105307
141342
71476
64183
157371
41537
121781
140101
59035
18421
63390
38090
19216
48942
11730
88079
142412
129523
71451
46222
83684
68865
94707
101623
101006
19500
73490
63936
186277
150093
106332
69910
138766
43999
168987
128841
165593
78180
169961
149093
156077
59463
166115
34575
40095
95516
79078
180371
37224
170145
64428
110207
59323
120245
11463
160762
18206
55794
162174
174686
126821
91992
85170
184647
13246
181068
137172
11346
178352
146102
122041
42931
89816
83631
119246
170838
24139
121456
156395
15414
158473
51355
129357
99345
160488
132850
6103
97339
32500
30393
33002
135721
6925
169839
109456
15088
38960
92168
47223
2802
59138
87701
199021
64067
2146
70696
52838
8844
106344
103746
10512
46453
61801
123535
66327
56023
109285
156669
22652
41032
27002
143
155981
27741
29445
68406
162990
161003
17743
90360
137406
178064
5198
197370
12218
51433
134146
84000
31706
18447
109852
134031
2015
13438
195553
140954
62659
112629
46701
187863
47937
142594
147804
85989
162114
138634
98507
108646
23954
127065
79839
48243
120283
56052
187228
112949
78543
47252
54548
162753
42746
156889
125793
168881
169297
170970
89341
183787
181180
162969
70822
128282
197392
17554
136194
47803
135388
70533
196615
167531
124554
43761
44023
74454
57288
61115
195098
126271
91725
65488
124846
7834
114129
51721
83544
103170
73880
125183
40714
28014
158431
162591
94881
107670
159991
113151
196219
53430
27726
48472
159905
134997
14916
69035
2215
171638
91771
106246
2472
63830
142358
141684
18646
36488
162050
29491
79893
119113
186604
35579
86772
124495
152336
154164
77913
168379
72091
330
179218
124036
80983
112984
29988
75065
163813
86066
105348
951
136353
4272
55294
55250
138416
88342
129364
51304
13889
87381
41521
198265
72042
182549
135123
68214
156439
180716
79215
190525
4767
15287
139714
153533
43787
20607
120414
88416
150122
189428
94742
165987
84463
28306
131973
95910
95649
60895
170427
106959
71357
117899
95236
192811
13229
140117
136691
39801
61649
33875
12309
177389
28669
104053
51177
187822
198110
41024
29874
51923
162456
51190
46400
37272
32928
116826
144299
43660
167644
41064
136243
25524
135832
20345
32841
181489
24247
35511
108592
115743
122277
89001
83378
131741
128298
30723
17013
128231
59141
182855
394
80718
157502
102038
11875
53872
36954
152347
141637
79451
25200
53272
44171
64482
155177
196611
22336
27497
81971
135201
165819
151036
81826
44257
3892
89898
12556
187711
199175
116688
143912
135820
45103
25219
196044
96794
60836
45770
26136
49358
145130
52252
108321
75843
5323
122208
64274
32575
56364
127923
112423
135410
46166
88008
15873
85561
109196
52266
32883
86781
93279
82928
18562
142287
98139
190282
28113
45901
162160
36780
110922
148551
4260
2863
50780
49508
108265
107295
29333
53222
45533
179525
112534
12989
178921
4362
11390
170079
97109
40143
95852
67522
103306
142867
129808
116288
162321
68041
135537
29782
102559
119881
197470
12108
26153
63439
129374
136005
134648
119391
43085
18748
177022
48105
73530
64414
96839
98378
77882
104060
99810
160930
166114
97488
72664
187345
76444
47292
16073
59131
170446
33096
48956
116945
23405
110254
194651
48866
133849
15600
128376
175846
105268
61145
32169
1154
183681
82055
83596
117499
73734
141877
74242
179292
165004
92186
141025
64751
51185
45877
40132
70749
4032
132558
74766
177055
789
142582
100472
111106
87932
43017
193530
833
60885
127731
152290
24442
49409
198460
149101
188433
165538
185348
97735
95289
4314
112520
85319
74831
34873
27439
118811
67601
5853
179895
97298
62440
39355
178760
60419
139226
167335
197441
106185
53115
133374
184637
75481
5332
51772
101967
178863
13594
160121
88709
3117
194600
169501
82653
10131
150637
155157
60117
78849
113641
44116
118165
70413
123981
197623
146270
195681
166482
28405
51125
88723
100063
170562
88532
191565
146857
168554
186562
126229
122477
107268
15533
12313
162263
105456
63667
159665
82182
126150
176728
101659
132143
89186
82397
8844
72000
183766
66751
140846
137235
33896
40466
69393
92955
85999
111762
69093
594
148620
177200
131557
194873
108483
185505
23299
18857
117179
190700
195103
52350
51585
124274
52562
69438
196266
136784
45076
36011
73654
2595
63369
123311
156058
109028
97187
148647
2213
39651
85482
47905
27954
60789
86962
160436
39914
108561
157742
42082
178141
137106
81611
29397
156069
167405
30133
62087
41588
36223
14066
60819
56512
139387
181841
141204
82865
186213
31912
29419
49676
50511
189051
31083
167615
179599
77323
15754
22082
107129
43758
176975
188554
162923
110464
136854
132826
190269
46256
8475
178944
171205
144223
112391
69834
166163
82924
93926
179461
163
46520
143227
47147
171291
27463
82843
97321
15149
96308
78885
62172
196262
60628
163551
83297
23258
61577
162086
14381
42981
194445
103159
193335
107425
107484
180863
121365
25437
79005
174022
71542
76567
24808
158285
48028
191105
2016
68630
55966
141532
87371
187551
91462
146598
68588
125571
163697
133560
103097
178754
112047
132795
191277
245
70809
1778
27522
18397
124022
163546
58060
151622
197791
7740
127647
155821
163416
59316
108783
130501
40991
48370
163158
5174
132682
89602
176985
194591
97176
119653
189584
158061
190844
70996
107103
155141
38041
18518
35241
165225
8147
151631
41841
72936
126742
89009
3797
121932
116853
16866
140583
15778
192929
143818
166551
81095
126805
136551
58275
110000
78583
119248
189341
105888
51472
8758
40256
113498
6887
19296
89978
44649
138094
130568
81879
139079
83886
31574
191221
52401
71362
194295
47452
198748
178884
60599
17156
114395
92813
93595
117114
23333
178399
7874
179124
56032
188398
126178
40229
71897
149851
112234
55764
28120
7441
193993
160312
120562
99182
16074
180657
47193
54400
198469
189921
83813
7400
99858
42923
10294
97464
192421
115158
155427
134780
92951
50332
136441
29948
40879
170373
94401
35951
142002
43803
8419
79790
132581
180092
135114
50156
70159
70612
102394
45164
45373
164531
61762
142341
60481
56530
15849
35066
134276
104093
54119
185869
177719
168624
74222
117726
193654
82247
46183
156879
133996
178465
72693
26214
111163
14458
10256
192976
193862
107269
196107
193215
159989
182560
3734
105435
184423
2269
121030
156912
167090
116004
18440
43247
175027
149889
20342
16667
29044
185147
27578
90377
168897
80319
27234
143565
149371
76180
104672
194662
127408
101837
66844
189601
14000
105532
175466
153650
160957
166708
11196
56093
126220
86539
94468
106429
6126
61187
66252
53611
37501
159799
172510
67011
14639
67429
75515
53233
86085
40452
44650
31408
34544
25380
76196
33839
79365
185400
141245
84906
136334
76150
13285
142721
196586
199291
76656
94488
156973
90348
190315
84130
147315
150230
79427
190419
43983
98782
134391
108555
166265
113877
160318
75040
194431
39683
192711
12778
178287
69007
69738
144588
178898
49317
167742
117527
71558
149221
195643
131911
197044
18254
23413
1647
73571
96166
67541
84045
131457
140794
93363
9788
56796
137470
123321
109145
9757
41765
183964
140193
18665
165963
29480
144216
1557
64259
47970
23842
84400
139457
34716
107006
114388
22501
138993
137232
49041
191449
10588
53368
197049
145492
144289
73984
74964
68789
119317
162989
133060
158179
152729
152882
170295
156024
145840
13358
29995
184121
114249
183873
3981
145460
55348
119747
17963
109062
196892
88344
80815
182925
69007
36547
114173
146793
10462
129391
91830
109371
190472
78442
169392
180806
100728
97796
115312
196322
169926
148480
107805
73178
41371
146965
68031
25877
161891
1985
31673
58259
116984
165292
75287
185103
14235
36656
123931
188824
58587
9712
154920
191783
185387
196228
160661
46074
193174
193487
50293
90722
72781
120242
62158
199979
94285
100856
9287
105318
110017
31015
91643
172018
163876
151326
52902
65197
70088
68229
120232
93181
111792
14739
32866
148542
140099
44646
33155
194606
180856
60105
129594
77738
93648
26431
168411
18733
191360
194772
163911
187443
152822
98921
21611
74432
28193
41041
131268
145068
196797
27234
91005
48567
146540
155697
92440
153032
43969
27345
92154
5725
161874
80658
67610
62901
101466
106029
168952
162923
109640
144434
137037
180484
19222
164265
229
106728
10925
159846
51838
150710
89394
138954
68077
40085
153775
26020
64361
154793
137336
32565
126251
12695
34429
28551
45573
195494
193703
94934
77402
169190
47090
37648
100949
144466
147989
94973
120473
107651
89514
184595
8952
19352
68912
6729
22005
118465
160852
57161
26146
66127
124164
108139
14037
154224
126503
82703
150110
175262
76527
19053
60591
64691
133667
85594
5480
44016
99894
173005
146462
32474
123319
178412
83413
70272
166532
142366
24369
195858
112923
99355
163394
19
192155
198152
192843
51368
5414
14665
8499
40363
198562
129588
132307
198060
102061
191156
157966
114829
51405
171620
96651
37608
42732
193140
63912
111135
142989
61571
120269
75164
190575
123922
193749
70086
114339
76254
63015
24953
45063
136119
165402
61378
56800
12781
194863
54470
108169
88596
178135
170861
96371
94569
2228
74799
127430
11947
170984
50855
23953
172622
40758
95674
153546
99331
67415
70312
95172
135513
71291
22187
77678
60401
5118
48559
16800
1443
156784
120468
96439
118143
84840
45001
107479
23272
5992
127205
107883
10347
117515
179359
8539
39263
164522
133
47881
31306
50275
159135
198722
83350
180464
163169
196184
26333
166547
196518
172581
20679
107406
45581
99325
122353
109991
51901
197387
80494
17279
122321
128354
190992
114034
123767
157615
34968
40887
146738
182241
119898
51102
30238
55191
99481
179189
189995
125942
56595
86805
94218
64145
50987
67904
159526
126958
106033
109206
66633
48079
9598
82838
124945
140278
81674
148213
158936
71494
185452
54233
91269
7708
172987
24517
151070
34533
35446
188170
97599
193035
120999
163470
197334
166119
152839
91066
16006
34036
104112
195397
192174
29772
28318
85788
157451
104434
109098
133469
125260
80029
122147
198003
93606
37234
143938
178822
182604
175678
94221
110806
132262
69850
153702
65716
120451
132340
152567
148361
115628
107672
136475
123968
6274
142442
103972
155045
173725
189233
67986
65149
146724
86964
86634
117614
60220
174448
141005
194069
198570
23787
118553
143526
23219
192287
45787
143367
144382
38878
116858
163682
78086
173426
196670
196107
103072
51131
85497
131676
91518
5188
136638
3621
42104
131983
137874
43469
45167
15817
188780
62780
178345
45067
154869
7240
179118
7949
104709
68243
157399
140126
25727
56209
12806
62008
135590
2276
89157
163663
109652
85658
149704
171020
162154
118574
70569
177205
115738
103655
37408
107978
88603
21540
178680
50252
178801
114429
83228
115122
59166
87434
159479
151333
191604
50288
141556
81994
5191
156696
61047
176822
119842
164497
172464
181055
184418
78577
1324
14747
156514
86485
190500
48387
192882
101707
131832
39503
71463
75407
84718
170485
47175
46813
196128
13713
140180
73780
25395
86144
46901
98119
180125
18923
122859
143643
149635
115202
170744
86011
99397
121953
84527
82777
13843
125755
98674
81170
13771
193718
22535
111230
83761
98350
140147
48964
192244
187286
141635
21871
174646
124548
99727
181517
96006
183503
195954
105057
184040
79061
75468
125926
71401
196419
26481
111628
182333
3163
182111
162234
189190
121898
91836
86959
176429
103326
176074
119070
144300
163020
72367
166487
93342
144530
164511
111941
37222
103809
156677
82011
159837
160824
134850
76830
178006
118609
119538
176330
58374
168612
43400
40299
58959
137317
160602
60034
144787
33058
78044
145259
135964
96234
25534
5067
40535
8023
178545
11904
86366
36770
45952
46413
96697
170496
57109
113123
92589
154055
45651
71412
57879
194721
116722
137604
86357
153840
55385
155419
141042
21372
73845
63620
134992
113963
3106
44026
12468
43478
10426
181659
122846
116189
121400
83100
120514
37512
78219
180126
21042
65932
1944
54194
79309
63904
160558
156935
166428
2485
122082
35847
180505
62880
169960
101107
48949
27805
135167
29587
22924
54868
196778
81214
163891
3695
81732
17484
168954
148799
116123
109977
42848
39477
49249
85651
8138
192375
12316
80820
54675
166449
82509
122414
68567
157109
121104
14362
95472
119739
145887
10185
32448
28915
194591
141854
29259
19264
183386
116138
44089
124915
190219
169555
124388
118385
83834
61121
151952
50401
6388
188287
151011
155623
108197
80059
113070
6233
163797
129529
182007
25937
84045
194244
31558
15552
198091
31658
98394
179284
39395
84640
107332
105516
76356
169717
149413
118405
105759
33259
68707
167831
62169
139357
90176
54059
177816
27054
111732
191057
15380
82879
129154
133791
139444
142755
102258
67877
188854
19230
111059
138491
28297
56645
60173
189543
194157
60086
180
153148
96527
194797
156968
40697
155588
92550
2246
110989
59598
147967
90156
110734
10529
121397
163932
47819
184523
31483
103650
83654
34409
105995
122558
50522
41786
106296
107762
183365
40309
136694
183978
57540
64834
110652
137621
1844
19037
118108
129151
187660
5512
172541
27287
57534
19492
188298
387
57289
133110
20984
27387
100778
134711
187224
190493
48356
168757
21667
59714
55659
184290
112284
38271
48152
27764
835
3839
178894
188433
86442
157304
53215
165531
140480
61126
36
157685
82314
149331
154200
172632
87966
146975
178721
112077
125463
61557
52130
137004
184333
111238
133355
139811
7202
176293
96434
102627
48030
30113
163649
40213
135059
144741
192881
28388
178236
136141
71645
88720
44246
146115
62141
103815
175755
152723
133708
89357
86897
126278
172845
34338
128573
175859
148654
42379
64451
195821
3525
14121
138525
196325
186897
18295
142794
138181
19334
5552
142950
53629
122756
167905
151620
157401
69694
183694
84902
100379
32668
197362
152503
148474
24321
149237
175991
7160
178618
74152
43661
91570
114545
158105
172270
12907
184539
18710
26835
72966
188589
131473
63777
47063
169036
2026
40751
77680
40184
147681
191783
58375
176584
54604
54233
133847
117416
54591
85223
29059
1539
75043
12290
126384
190095
97995
26471
156997
10413
120887
111178
188558
193687
30228
132496
53293
126074
177661
22144
86051
95044
146093
191113
9067
77165
168429
56827
128289
117125
10792
150323
76467
1543
197974
102260
39507
79147
24681
5790
89209
139898
196570
133871
172391
123025
168558
156604
126090
2178
103682
51421
164572
184430
180345
164974
75218
93575
161434
147454
79037
191360
190438
97392
54927
182137
176507
106470
193234
111310
82320
40642
91823
172873
123640
161757
196703
146928
182359
171629
155711
176675
197777
134257
155119
185559
66605
124598
2514
197487
109515
167583
59590
12131
4323
110874
12467
163770
12477
87979
45781
182912
177587
47707
48743
120040
31490
191283
30094
118854
130321
81258
24827
151545
183658
83815
136539
176418
184515
87973
119611
92209
118704
169822
179040
3625
76074
91971
65956
102380
9099
83243
142360
183757
59799
128803
198041
27650
54998
37290
152052
164428
116118
77476
31940
53577
10375
187657
91005
52717
62755
61213
154803
197154
23101
89076
5096
154264
24031
17955
50517
151880
69015
25906
21868
98007
190511
27613
196136
130711
127644
59129
166154
150946
151301
17174
70528
123894
137467
90969
111699
135627
19996
71338
5001
58261
199307
166195
123665
30885
194506
155464
164437
166987
98125
88843
60765
193074
62766
68824
63729
7921
50167
125557
67524
168466
39438
26376
88356
29636
88931
81463
99879
125567
149373
73704
69938
80641
191374
1235
15948
178321
85932
106260
178537
149671
17266
29915
64066
24045
173032
115080
147698
72993
172037
157732
85029
165994
24228
185102
166152
123428
104833
179381
53220
102914
34023
47125
142980
185919
70364
175771
59482
184749
96048
1567
187977
133124
73564
46807
144894
110916
85643
179541
158311
139904
41726
45881
175931
37089
115336
41340
96078
166723
199223
84997
163445
95224
170220
104181
146063
196426
166924
119965
41661
51913
44859
17824
131296
43260
182662
188556
519
99838
98040
31234
11873
196851
94677
160482
52692
34843
165601
41095
164358
63325
179114
88217
113080
90932
1222
44035
30610
109151
177563
160164
7998
20046
3524
128402
57433
53300
140437
9098
32643
178527
80839
14019
45563
168946
94273
30887
78412
72743
187451
145830
194483
17683
73335
84700
196726
8096
151208
139806
80649
102262
96495
21950
153768
138424
105939
35897
137353
37904
173302
16627
117488
17271
94614
453
90684
145467
15127
67229
180439
6084
86994
45380
11488
50585
157407
173674
92593
160612
180677
81235
86546
16917
16905
57720
61935
119112
82032
83799
130198
90491
175844
150632
60071
29224
124679
189287
85647
109017
21713
188941
192114
45892
62353
142705
50363
84147
8079
166467
96447
26293
139992
121797
124601
184994
9405
38975
124161
27899
122077
98179
48665
133053
71478
124223
44616
20392
73961
182655
682
186953
95286
115224
170159
96740
166010
53769
166321
180443
61815
33958
183007
188199
185644
85763
10406
152291
108280
45297
9506
114311
102837
181008
45069
128839
18660
115840
32862
170487
23653
106213
81002
98651
106021
6003
22886
11455
15331
94011
164816
108162
199225
128603
58131
75070
36875
143474
65958
148170
162702
129360
109624
191564
62830
183226
94542
183793
198392
160275
44658
78103
144146
23908
152332
73572
141773
110055
150497
136563
36425
160918
77484
118100
98050
54459
66839
178726
1902
126696
83444
173913
115111
171328
95405
90884
124720
193931
72188
160485
111470
80496
110102
36016
112530
54128
138112
758
79024
177579
189425
18042
138462
166075
161358
117562
185940
161911
53044
78763
132276
42
194219
73317
90388
80318
156486
3167
83515
11151
158291
152105
68066
108105
2899
11469
113672
179293
39549
51531
184978
48253
142487
68976
127926
97189
94390
193047
109692
81345
18938
126150
143588
132670
165156
124433
161972
75449
13428
137671
8005
3775
13547
127185
44038
185107
131206
67073
69357
44779
198991
5046
40270
85863
4023
37757
17820
114458
2452
104791
141770
96744
28873
169403
165003
10023
177959
1367
95388
30119
21464
23906
16291
44380
106167
151618
68797
146750
196215
164010
54891
120320
113878
151749
110624
50262
143815
39695
34728
146502
132013
112462
106599
104647
24889
83333
34340
172335
184012
144669
18434
158399
16482
109080
40264
93904
54703
31033
169828
77776
164262
118718
18094
3487
135717
123769
192689
132787
172787
77045
151313
72761
4767
87436
104721
40113
148043
120067
160707
123573
57829
169978
99900
182871
41408
129285
141314
5853
48405
54496
17390
126281
70833
170396
90344
196158
166298
27438
79755
176934
110337
14045
71257
73139
19609
53754
56310
150838
16861
147454
20416
185189
47371
6836
43584
86598
175811
172421
103584
109045
132510
156593
54704
137023
1102
194311
52841
58766
106646
95725
90653
3800
174103
127727
4673
201
194888
80976
149904
137273
70465
126010
81227
23564
47812
34074
133481
145136
185115
17271
90890
98751
58351
51253
91310
57583
14823
120296
31264
105294
26250
64938
73843
130300
104148
159156
147984
31891
87145
185304
9208
38246
156513
101166
126206
173719
162343
15651
46318
160383
35984
157002
40470
104312
98552
114746
105738
75823
140756
61412
126403
28699
193395
148516
62589
81421
44228
89518
167253
121440
72959
56335
110138
51165
56989
27870
48540
11492
165526
189432
5078
170859
183988
187412
161045
94420
29781
70554
11157
106438
140342
83133
114832
172354
78843
81285
158882
195835
62399
119323
57801
14558
140539
92328
19445
126348
191181
65590
78339
48923
138453
11487
134349
98919
2668
125674
85039
26766
192286
24214
172333
52491
146018
166430
44698
101726
199076
37967
3387
83588
66464
92497
164813
22911
125646
113148
13447
78267
60899
185509
101196
156170
7981
151522
137332
76769
87468
8661
54919
176199
169992
38698
125769
54636
194645
43574
136480
37279
134332
82603
1311
165850
85704
198706
35268
136883
131871
183321
138
64142
92047
56033
64992
73698
184024
27816
5210
34294
49173
131981
128709
158268
85064
2091
118351
136214
46090
195505
79098
127229
122438
190640
67545
40347
115859
63775
73443
97267
5755
41337
168974
165677
50515
18758
31786
136736
4696
18503
64865
172406
141546
189012
77279
196545
63486
124726
22286
34501
9661
22668
137292
90436
24453
52794
27438
21903
141899
149004
92336
160416
180333
14721
137478
19472
10733
102445
4224
23054
158202
95517
101390
43972
95911
41697
43916
64154
86254
35294
124640
7217
48059
169887
3798
112531
192011
125662
162999
132531
93521
26694
78590
189946
8253
101203
20126
5615
149175
178205
186129
96111
28484
141832
113265
18707
161113
123658
180319
184087
60295
24133
160547
167505
193402
183095
31193
170107
125694
94415
123951
183802
106544
169092
55884
5988
154219
188419
136153
83919
49678
197988
100042
78807
171693
25717
80797
125946
144660
12124
25599
73573
146808
66251
49632
113426
168116
110287
138828
66511
67538
183507
103532
109064
47117
87304
55883
19485
4458
1727
94316
36139
13887
24074
128873
36904
113101
62820
53686
46065
125898
89462
181738
34590
146982
107988
134500
88822
39117
10024
198627
189165
167510
15900
99193
168465
165514
147486
91673
164170
17722
20532
100604
35441
86408
43639
82459
68269
64318
103256
105091
180795
48805
17571
182362
37738
89829
163909
33539
197093
174056
36307
191163
112316
122358
157655
30825
192487
156934
191828
90515
143390
157346
103928
135004
140577
143572
149326
9730
147427
7760
191681
192765
164186
133057
96509
190653
187150
190137
149401
2749
145812
110851
45068
179588
72409
177077
54161
133723
196698
53257
93417
82664
57282
17247
182538
139024
180027
120361
156111
41458
115448
167129
173974
120940
196713
31605
164986
196796
47988
139283
127821
55291
76707
713
23873
154615
150409
100574
84788
118903
25493
87727
99110
103736
138298
83260
155286
198559
5181
72064
21817
109350
195304
86737
167459
129557
148728
72242
157373
133793
138208
12955
181354
183852
148888
15651
121111
148225
95504
76028
58723
92629
144791
117356
66285
24797
114217
177425
146869
157385
164168
95958
101278
121932
179563
4711
21572
158601
54872
175184
48430
66987
80420
33643
137805
196091
143119
77731
159055
15572
186338
164732
48901
166508
174806
26797
82722
37739
184227
66559
14802
63029
112167
89316
111928
159157
122410
58466
99163
70968
104358
159819
21290
95351
96573
65964
186503
64697
125756
129354
168985
127171
77408
169879
37327
7383
32585
13634
50950
128863
133385
168879
155783
28783
57455
129641
180723
41480
25505
99623
121761
45385
189508
46342
70264
198424
47120
189985
36677
107611
30690
51506
172915
144606
190919
65236
41334
172156
3049
75342
120801
61331
24799
90818
1210
91914
138014
112556
51086
175126
86608
19311
191141
77608
122912
78327
194327
9951
4610
146227
121032
39712
39314
160677
72946
21905
20158
85411
41984
197513
136819
134793
130718
103297
86594
72333
32745
159353
116101
154023
189679
156937
168174
193281
28524
9056
120542
176942
130778
78602
76164
57683
197030
77100
171587
84539
134778
159993
116406
24435
102237
68579
164157
38806
193420
82549
9218
127766
131954
10872
190595
103363
115741
113408
106823
5084
87323
64302
181500
116018
177147
186154
76515
117786
31344
88476
60528
125212
66714
12422
157166
21369
171557
68040
4972
160021
115301
122963
18030
117858
5432
42157
43572
19060
69266
94621
36811
198144
76202
178501
34148
183480
154977
126176
101874
52982
37243
83757
36931
152420
63556
54005
21785
87223
153412
171557
16007
165499
182478
114782
128428
39263
23965
115572
37245
138631
80133
165388
172723
154071
149945
29409
106044
183520
139244
101595
121026
192287
2904
64606
176797
129644
8942
36937
1266
8491
154326
30410
85223
20917
92226
182112
181490
112093
96815
74475
57567
88274
52156
30588
196659
8718
107646
7171
26360
124361
20035
142646
149099
165100
99225
63595
135588
95805
90479
73649
106523
125518
180549
150645
164183
37626
149920
41205
155070
147048
113982
185378
90110
137690
109659
139150
24686
190973
54190
60098
124035
121048
182876
184149
149526
162529
47573
102490
112361
167553
85284
84763
193284
114744
131301
31019
104700
58387
182288
101261
163555
85525
186221
39202
63843
121009
133829
10800
8566
191283
197481
111826
112972
54989
43396
14881
121884
29581
94080
62268
99151
151209
88710
111534
5477
24411
56923
11509
12957
102809
175693
175785
82
48732
142416
140756
33687
127622
61131
45626
171830
171094
146816
59737
56479
128410
198638
81829
3498
104451
199758
166295
96234
175802
194297
124087
57165
134373
144172
98850
54219
93241
80831
59640
18404
25157
67503
38409
145411
19133
183385
112726
17655
161930
102515
72889
40205
189090
139024
21706
179822
146709
34074
14945
6503
140764
81222
172449
174247
69641
39224
193792
138779
65336
56027
78987
15301
120855
197522
43808
145295
75959
147376
37656
199123
155848
191972
31908
104713
44522
145138
27679
60060
1032
3913
111265
142845
25299
23299
137420
109342
175672
58581
20004
46640
109298
145093
102294
181013
68041
166761
2259
132475
161253
113724
124886
87911
88760
100438
128393
62411
13554
198914
38028
133981
51975
159106
145692
151085
186068
72183
193928
90812
109413
32801
163914
157871
122395
117599
100528
36773
26479
94679
18666
139209
144304
188900
33410
178032
139107
167229
36530
140453
27417
118827
119121
191443
65354
194479
1432
147029
104661
140420
74999
78708
11397
83793
20721
180958
59435
162826
117780
101355
62182
14276
67721
31743
72011
2963
60490
99764
179380
8022
66074
150508
175851
152683
136082
103923
153046
177001
37618
2992
185119
199847
131586
43299
32742
175448
99358
149356
178790
86257
181558
155527
89310
133067
137593
14948
157055
123096
71005
43639
35372
97244
63948
110676
108391
64591
94942
66730
34642
146805
177071
137998
197167
186882
91292
16663
150870
116350
40368
187028
90584
148281
44794
168581
33824
1999
108517
41798
75050
31648
151801
30814
146526
53884
16252
6156
76414
97069
192386
9525
57498
76442
10359
136575
111175
186094
196585
87857
16280
155497
163903
154752
5830
178330
103231
12545
61712
1444
177765
79049
79401
198374
117457
132226
55056
85150
19818
12190
189018
58479
192766
184304
62544
87437
108049
15438
74550
5507
181309
100961
68874
128032
30555
9194
164132
137429
167234
169644
113418
145164
56459
183375
83706
152046
174798
134316
187070
197319
110582
167089
121282
106205
110273
85935
80550
96563
41020
51952
16599
59028
186748
70823
55303
192830
114311
192696
134526
143338
126385
110866
93242
132464
184225
193174
123696
10688
140747
33326
173975
185953
108642
54226
23656
28808
42073
113632
31865
124629
107347
106313
73859
87036
30716
100453
62314
58031
109106
127151
64356
181087
126387
171123
73317
29525
19709
182710
1111
141175
69432
57181
189071
36136
189278
164924
7471
3673
96681
1999
7221
164156
57777
180823
52886
69737
88678
157547
35634
151820
152649
91109
71028
4263
64763
7375
160682
32594
88083
77564
126296
49114
32065
147290
198815
160704
7537
23060
164742
189080
46581
20516
66693
71742
143593
7789
134688
129679
194010
100009
125989
4969
2957
2535
59640
189621
51295
56300
32661
172106
75260
12208
634
100200
10429
157526
19463
53441
80397
38460
190551
23603
15566
8977
99775
74159
93318
93865
110738
188317
138770
68307
13907
128733
18055
23531
154309
16475
83144
96292
119867
33314
22859
148780
95907
22174
67522
31425
195142
103537
98117
73672
42433
178102
84183
154677
94766
71284
71107
168333
149495
173391
147203
52808
39874
167359
63605
161538
361
74963
145172
14143
129171
104818
51457
14071
159786
99027
62893
56047
50816
95843
39195
49084
41183
161152
146271
97208
166856
29698
139440
154701
48949
128883
71695
147705
44901
36333
92892
91385
69588
91079
184280
145734
176730
144457
166585
110122
172460
51181
73793
82703
92448
171263
38667
130114
19238
117759
186681
143472
137227
87692
169254
82400
78760
196513
58855
86844
26177
127383
96677
145073
592
29638
32290
167245
1803
153771
66107
144369
44960
145746
84977
120908
90572
199396
84850
33381
31459
18531
38159
40803
20282
194224
192610
96362
63318
68502
182946
80458
74726
135408
194193
48805
115
187293
74332
186070
48631
141057
49226
162636
145745
85389
32172
184127
16279
113350
161920
67007
93478
6120
127609
90028
154788
169691
51058
66608
149036
120062
158582
21491
46954
51034
122201
59629
158411
32428
12446
125746
40441
101259
134510
156474
191494
116078
31112
114916
73474
1280
156000
121471
186493
74149
34657
184731
174424
189778
174932
90499
49774
2733
7525
158673
61358
184402
66285
99361
70261
55071
143426
2913
116237
4415
78086
84660
82323
16196
61512
53670
141808
87227
16944
68683
123643
85570
138735
22053
87715
100032
118212
131482
140273
148967
37748
63653
197180
92919
164400
97852
145464
71838
124493
129356
141767
70690
92918
144334
115520
133899
80765
41116
33678
74749
5706
159478
63393
113279
100402
25754
21085
160439
72745
128510
83397
121402
150436
156009
114911
4411
101732
183928
194726
102159
186760
136622
52747
52107
156464
83013
184238
12347
124127
93189
183947
152366
30801
128626
63218
8406
125933
45506
76477
9884
129684
73501
94157
1406
51098
166217
9565
185222
195528
130518
197302
40639
157602
47517
198482
147229
174962
195878
174956
46929
3071
73771
109537
58479
37567
4101
179862
122064
97574
180252
160200
139436
158773
52809
103773
46030
195298
49942
113356
10512
54786
167880
39485
18413
16404
92917
197783
146824
23222
36287
171773
134979
144538
184605
188113
113774
141225
54271
79966
119431
183221
79372
146460
176858
140181
47340
148011
151499
46684
143587
29706
108865
39565
19837
102245
119144
160341
109889
190868
122198
158161
79260
77100
197983
97416
622
183253
40138
125519
160398
107193
50966
56384
18388
147493
177030
73247
132781
119350
23709
116498
79841
3294
6569
196865
7865
137435
8462
124886
55847
178133
176212
191693
52888
103720
134409
121314
144559
7990
33522
108465
72931
180235
123286
158206
9616
174610
181244
35503
44505
118984
61947
171435
11525
40427
194308
111340
190355
116069
16577
21014
154599
129832
58904
135244
141961
107565
33568
192348
28438
54847
52278
187141
18945
116379
66708
188278
85285
124648
100522
108101
83637
122936
16987
83234
152169
174765
103028
103459
188233
140427
87675
60518
152988
44100
191816
171434
39350
196129
118140
199068
2489
141951
2382
18944
77863
73696
11225
95228
8173
23293
105697
73166
141755
193476
141426
190504
14174
20645
193967
178060
153806
13106
93990
182852
78300
126303
87634
197544
4382
63106
198487
81467
196015
85775
38245
178497
17900
92852
197758
195634
107572
143077
61211
179925
157380
152809
143127
80105
7318
55858
122657
49459
61059
93570
17605
47385
62815
39762
156492
145514
179387
80568
101893
172285
188520
46424
730
76356
52994
194839
90226
157253
42708
173109
20481
91741
110419
117598
66172
120428
26449
68349
146041
117172
161317
128078
102920
89848
180507
134216
114161
7944
85941
99205
162365
136341
186094
42098
152256
55292
192393
52793
11901
8178
93511
89851
22434
12145
148866
108144
171264
166250
38491
43513
69199
172955
37309
191636
136947
199007
145734
115808
67973
61967
98991
152680
82672
95722
142568
117801
175155
14399
145479
43282
9861
72081
160124
186688
144141
167066
40347
82065
40560
141336
49231
88373
3870
20590
48306
120832
46703
35787
61772
55041
40706
129814
127575
174265
45509
176416
123309
97373
69742
127784
66956
183311
117154
174461
67919
110257
1853
90677
196031
4465
79434
135904
144886
37191
52016
188258
136708
23686
146480
59403
195216
187129
97665
195367
21569
16175
29456
157475
192775
136390
120723
75697
47246
103974
188193
73234
130053
2103
10735
195753
56916
53469
56480
136248
56519
177820
51730
187657
101393
164618
57211
156509
110393
97847
119937
151260
174047
141259
128796
140726
25326
125298
6072
63357
18115
172997
20303
191340
93586
190547
53336
63552
67013
153959
153270
178758
32072
7597
198193
102987
95169
154104
72081
21222
145945
118051
193600
138616
46068
114273
151897
64226
166677
123844
56335
181560
75730
145352
160181
93249
23257
179882
25010
114511
68554
58145
135827
143283
118537
178028
48354
27521
4333
94213
151340
75199
34501
165028
89723
107811
198027
20431
95140
184893
3924
100867
43636
15659
57547
66219
149567
161042
42467
28400
81786
129532
112107
47602
126893
116153
192932
122522
41482
78188
99761
76773
34661
64494
175198
170162
98442
175037
30473
141265
74463
121659
27517
109401
163928
135749
76691
38241
142898
104953
63720
8777
67303
82633
174135
3195
183653
183700
40562
35530
41025
170245
94870
147358
81780
150860
22584
134491
190701
76759
199644
111537
61366
12772
192331
112949
15399
173930
118031
151526
161042
74814
71847
177555
10185
58503
130409
74499
28925
148520
21053
111053
15056
7567
108863
30465
48207
32764
137259
165067
47188
119522
169523
116369
130340
155978
125502
188142
4350
23554
97064
135822
8252
128258
157542
182977
100119
77156
43520
67613
52919
69844
124616
149596
182291
8530
93691
192475
34591
197696
58354
178635
178705
147860
172486
156225
19696
141335
108927
170673
155175
145211
163754
104853
193278
73283
107268
221
29666
171457
16244
133733
13381
23380
155588
198206
34080
117286
96137
103438
83164
48327
153819
27633
107034
187962
98325
109640
21535
124183
151599
189907
145819
25330
115451
129697
113603
84378
153787
129071
148540
187191
68707
111848
144912
230
168353
177643
122737
170001
99490
10409
199176
7983
184834
667
30938
168568
25976
2345
14313
193665
90601
137596
21187
117947
193751
77966
96859
140004
54649
80026
84043
2499
103899
171112
197161
30437
12556
140772
82060
187904
37565
17767
157267
62923
53880
88414
135998
15618
124110
129442
132836
39160
95422
184047
153752
92744
115433
76063
69375
172444
72731
182749
66730
84868
132674
158160
87404
183950
157130
148722
154616
25490
153400
124430
81944
178390
137437
7979
192578
124748
53527
25780
179832
79791
5450
14940
168008
167599
102604
190595
125363
125974
112717
143621
12856
132905
139540
35498
127368
163780
190895
78786
186517
181727
101218
63894
173677
62733
192275
20801
159915
129056
51493
76763
191070
147952
102254
188140
49907
103148
3594
174267
52072
51912
157854
37552
175995
129775
177345
70914
132753
122763
151586
21079
125840
104342
160028
143884
118370
87127
101189
121470
171736
58110
90728
40665
79637
61586
166452
71190
154002
4727
79805
199209
29317
129631
181858
34963
41497
182749
82226
51646
61998
49852
175572
181669
61296
29080
142725
93030
194438
33814
103235
142129
54989
137324
149598
23901
26961
190338
56447
161596
33446
155110
25660
104607
172402
43104
74012
176373
52216
123831
199488
89100
100299
730
187672
98763
40167
143289
110788
21855
30298
150791
71232
68632
57757
105644
127625
140968
127330
154306
44242
1168
44807
3141
103109
163114
189697
172668
83569
173344
185189
91556
151258
123724
102176
194995
8096
53151
109897
159486
97522
120082
10974
3450
185861
114028
184623
169311
110876
47494
150933
112669
130010
32518
197468
25464
119142
53852
112825
136347
24293
22853
167029
65301
76138
195861
59276
94012
199880
195
18416
190870
115811
19032
62405
170627
84077
16549
78165
34214
93473
138672
135668
142655
153765
170183
129259
31779
93427
32710
54269
55615
79013
10266
196295
171482
117416
18739
62292
70072
93932
43056
55733
35042
87709
151396
166681
15343
193489
94014
55306
24392
31030
119191
41681
143012
169386
73806
103739
4904
27918
109499
23815
196830
197454
139555
49676
3274
82853
199192
166844
158205
12015
199522
179323
142698
42935
166669
52107
184430
195001
193265
10368
89541
71959
44664
144282
159257
141983
31096
97342
169267
40357
189511
183567
65904
55788
114214
26069
196285
188760
189136
10760
122843
188770
176640
146203
89174
6931
59565
137606
16252
106860
154040
53721
109923
51770
33268
21907
