611066
27809
603139
299961
654406
675484
212362
463068
524324
232157
706372
670811
551602
115871
213785
627128
497077
214945
503605
420469
252221
507357
66824
41318
490912
78406
241424
707067
610801
498136
457449
226091
260097
108036
497050
530621
299467
615633
565325
301454
485914
362243
706693
265680
715522
240165
704974
85196
598525
58504
219285
70168
323754
243899
472026
212793
11346
149685
110278
395075
236497
385157
526612
284325
117554
483438
86651
274067
8852
161050
500967
531200
1218
221073
568599
631360
1922
94418
706320
496692
348870
655926
240208
101870
642691
17728
553014
339015
70730
223387
496298
163433
423409
63753
396524
518071
296326
14702
22215
270911
458178
367022
77302
376680
541544
700370
515587
494486
621882
251911
157216
704328
219380
312005
520423
366486
456759
684503
335365
392985
328303
674797
166755
635614
474727
696199
16930
364083
255214
521437
555800
531509
599835
683951
482684
439446
293912
155
360089
560034
94853
595858
207190
262555
664370
527816
191328
102401
652129
341561
22000
230606
564896
705261
14901
85941
544121
524685
508475
119010
706592
51127
670281
578149
389604
402968
99360
334248
6321
617139
512731
528624
539356
651381
519298
201360
143578
57925
40604
624315
191872
441653
673211
203110
703257
515238
153732
129353
454096
244816
317049
365793
243256
643279
136222
316464
200157
694234
495170
271514
92471
435956
445118
47600
699602
272332
6808
686153
347243
497694
416685
616615
388166
621778
333366
447696
640990
91371
696603
460983
16255
334614
391081
21416
359923
387168
367836
98337
523827
47529
689647
543791
379496
92553
103902
386611
670988
82705
3373
290677
473076
250143
421775
17873
412026
118655
35263
296231
562486
11107
33880
688937
399065
129975
183253
633929
34108
541868
209392
4565
615261
85016
77170
94725
52316
242861
215200
91340
558813
666155
714506
286963
212474
300141
244532
196318
271483
516885
675430
666349
484242
507324
19103
389404
642352
30727
252473
262153
568580
188416
170878
436227
310857
180106
316417
158281
561253
22961
386400
355501
447594
285260
4275
342098
238762
18953
304570
379765
523673
276373
308141
603197
10436
285029
35699
269669
73103
303492
16880
225426
537801
53395
132145
258715
20020
465722
543883
505426
286559
676295
237708
184647
411379
297867
65003
545772
364572
29210
607174
115456
315
436924
100659
226592
362758
479006
231499
235133
635718
95486
639362
608208
174487
630590
144128
549837
334100
564471
474836
100276
95657
642042
700630
263120
253479
624583
576437
92346
352672
198702
39464
502323
562935
586370
188946
359444
332449
704275
242082
167631
165091
328310
82023
530784
320800
203079
57828
347337
200581
43844
255695
716370
351790
136218
213161
58833
321471
708791
511662
7789
249965
495731
52626
434039
12720
393321
531583
671061
230482
145111
538731
376171
620026
421577
293443
197163
49863
399941
550687
446522
617073
624204
169025
41647
48515
247503
23267
468702
553848
72598
661615
269865
297167
300209
487858
7664
402627
88128
134024
244330
529569
436216
90365
706935
77519
246789
448284
339091
705494
456239
447494
712544
33476
2815
404698
185778
86178
170657
591699
244658
592692
124910
659628
191291
418025
413528
565465
552151
636521
345264
469227
638088
170300
485427
573245
348904
619566
553421
456813
398929
468290
219305
65426
279357
307830
249435
224229
226417
154884
161769
319282
196941
120216
39024
339198
142867
229063
513978
453885
202480
471872
206024
370429
373407
585322
604487
134453
217309
546217
598305
693084
645951
3665
325045
713683
9711
211366
509276
313393
4566
226519
568389
20953
363528
631321
707051
251631
333883
181797
608592
314662
391399
369158
122280
333387
336918
216045
575038
310253
443616
689290
496434
445987
542344
599216
105493
664374
244074
477501
498773
50763
379500
96674
101898
25200
12690
141553
244021
255392
266919
665618
524426
210386
445991
623323
376401
136592
64368
552089
292342
425430
230403
112003
583542
338658
552223
33032
475452
417266
543278
200947
228902
16836
521086
446619
220813
90426
519597
346417
98146
521350
273940
461458
239786
277041
652230
310200
286055
560356
244681
466250
56789
678103
28928
289587
552636
389142
528716
638475
314219
217344
334601
632689
143255
177719
318492
33287
306137
150161
259081
430007
671716
472888
69757
317489
331305
38787
625319
533781
278078
513113
71528
307398
517023
44313
22861
330209
240701
340923
553854
211555
440311
88090
406997
225676
405196
673681
76911
4549
196465
656018
569120
671370
504864
695154
281699
193427
69288
37766
411127
474800
611620
387875
82731
667849
669247
10190
508062
93010
591773
191709
88534
381582
128889
609890
85500
339401
245008
411466
468390
625526
97261
5875
543342
64498
48809
369030
616556
352964
481894
55759
120257
552597
568702
284094
153220
557052
324350
412485
54011
1197
420331
646642
636918
706984
563397
335997
202426
222537
74744
79603
267080
135754
110404
297409
187301
695650
344719
517253
177432
113412
220806
590803
2828
550848
638092
651346
4964
586031
443575
632646
50863
359107
481103
133065
39370
281941
195796
392089
52213
254061
516143
352904
644931
184542
435389
558608
621950
530
618209
574742
195108
41556
102988
93592
158385
539112
191486
237928
483080
673245
465520
15152
229522
563560
427433
714030
3900
486792
247615
537378
667466
162330
499992
315381
328084
525733
619173
587482
240649
349914
621749
535132
206554
353209
286626
406902
205076
105324
433
343590
662463
377885
458381
419550
548855
466932
310048
521706
200207
552984
219907
388081
494729
385040
182826
46443
151488
163454
609360
173263
142587
416232
528320
176921
549058
655638
512313
418562
179021
628430
622207
639362
650407
344724
230792
295917
331081
377232
529862
195718
276511
146372
461687
266634
92676
143417
624029
373619
616923
38799
2552
305844
327368
549756
187324
15394
368549
705120
162634
392550
710268
603538
71700
278748
318101
296853
528342
11186
655844
356949
17467
644110
221900
225659
455942
463056
3127
183997
2821
261524
192813
404848
256613
131659
661953
611043
214809
2135
356183
366179
175374
418715
78314
558229
477173
87917
143438
131480
352987
489118
537282
139361
569878
36773
267547
517992
342028
396474
172202
239968
506632
145763
447952
300170
377622
134592
364535
149740
273452
577930
437024
444571
293502
478091
203400
14571
453428
569297
425623
478605
455080
72705
561560
704469
288372
381545
507023
209685
498636
148819
172014
508068
104363
326253
278605
295177
301592
567308
295538
348730
711572
266773
700645
152380
224941
360936
397557
696375
104984
149011
406200
615123
584367
691915
371786
237927
257212
294998
238772
623712
582787
205527
280505
271610
453216
303729
127207
429008
710140
593297
163584
535163
159107
172004
226381
282101
576657
540788
483140
296719
278495
552741
678838
181066
538941
77899
544284
435517
614159
498723
13732
481636
1997
159958
643985
327762
692667
242852
655341
7430
692238
114081
24559
272229
525306
357957
169521
314815
217784
157581
463818
70000
153216
552020
232186
228496
130179
55910
426924
225062
596911
85059
621071
140399
574287
200833
682233
57424
472889
162812
168976
11527
12085
467291
296136
76882
2941
709501
26396
324194
423236
715525
520426
344028
81049
221264
393910
601105
241682
354209
701236
526303
313447
107542
564084
640298
205955
461416
4292
516537
577299
310842
127588
186515
18793
311743
370586
673728
350874
156430
436550
573831
320067
413966
309968
423640
676781
372054
216175
636735
563680
325171
421870
690644
460468
402859
116403
52744
610510
96013
30164
639852
144550
541888
572095
236404
463030
661953
661226
339389
673803
34817
249983
49683
199020
14773
612203
217222
80265
653507
549014
658017
40384
108225
618321
641272
440672
526492
277728
115969
149269
313377
615467
266406
615383
408716
240998
259174
241958
221092
177583
232169
678448
608615
297569
180025
39382
447280
124743
29564
178399
593780
7010
639158
345448
618382
16538
317044
48416
368364
155653
141884
280941
37622
170037
151338
270460
9350
65583
693970
182406
474162
704573
618423
259452
56140
691369
368450
9047
19548
96450
251865
632917
462346
45406
468062
528844
245912
402386
340003
607219
432721
219103
672320
655083
68429
90597
28751
131927
613476
563617
462209
707091
31024
317541
56320
618515
202855
680008
77089
513284
359300
493082
178907
203413
337344
315682
161975
669939
511398
601601
337072
406730
199949
524447
562750
424007
35
652885
560505
508183
323931
341382
656861
286898
203899
607087
360920
338736
341342
134047
191239
94703
652639
217012
485594
620307
716926
573311
476633
338945
17644
492082
373603
290823
320203
369185
151480
171882
7565
707895
348830
64338
426179
462080
46957
243710
560882
610576
336728
344694
346464
538667
638789
245284
423370
18824
213045
348955
708213
717877
330402
586112
614384
537050
98785
1753
419700
312154
499503
21932
57843
145376
197970
197670
456208
535118
188241
473688
377983
587127
580464
489882
69478
240062
338848
565765
644052
1197
205830
551919
176034
245477
110560
472519
158304
28530
549858
149410
88466
678714
331624
81185
263014
649459
530730
145709
228189
116149
431179
430932
574526
294999
510672
154260
580214
279841
647400
230482
85736
166518
546756
232552
32828
158796
203019
585166
175701
100137
266645
282996
11527
97010
180375
711315
151002
417651
35968
518385
76647
68085
283163
113230
394926
223112
707595
600188
339523
186694
523337
34675
272578
438719
140516
186464
265620
202997
261658
660261
357094
655608
584028
235006
352553
124140
267861
124003
193806
158158
611383
66603
333508
576307
65662
621849
569933
645734
316083
349502
211681
458605
676382
386643
302763
67735
216373
343811
396527
84730
243835
526860
416883
21752
536951
506519
84413
256477
560168
608052
151272
182533
370236
442505
390173
570378
143020
621857
600647
45456
580388
717325
265681
281389
16835
474043
558192
407613
574840
500936
107089
534866
112783
711527
144588
215653
413673
354341
158029
499915
707371
522484
14345
692436
632077
378809
667670
363335
454418
343467
291051
189736
630135
500611
602081
35540
326183
17729
619131
582864
458277
207534
263357
255034
559182
176714
202673
280160
698388
320480
61647
175090
514321
170112
154065
705978
314219
499387
44734
582209
82881
64200
501559
368930
38730
313377
199221
297250
553052
123924
177943
688222
614645
570880
679743
428080
232176
97809
36752
308224
423810
426681
74867
226301
510664
605784
304120
50678
447463
49720
321649
482082
228641
16143
342065
696459
411063
157339
51130
363847
403151
47498
440366
508038
688046
560951
614441
281858
249579
380860
442867
160996
274007
209303
157415
3372
249256
681458
316160
390609
600291
322263
562655
709442
235970
669616
593272
81137
332015
437292
227796
653773
497319
248077
132848
49644
336366
253924
644899
271665
95887
564164
601853
403070
561577
229523
27835
514607
208959
584670
48313
339821
365613
134314
350639
651015
175786
223442
27036
273826
337289
149810
330922
541617
58710
192757
480158
65261
488707
123211
610267
118
166917
246217
42733
249114
243005
480221
637372
710363
298845
49971
531851
307279
156614
183078
688437
32509
492667
143430
170246
296342
288880
364575
523086
570096
141675
142665
217468
166659
160744
697124
65382
423455
619037
497062
171851
192745
166250
467693
446063
342531
551509
57820
102501
256168
509321
578155
382885
312598
298905
674978
308737
486130
564160
147866
28093
53778
580702
578990
525904
559678
88904
547497
202413
697542
17925
388360
16328
321372
179692
643347
151673
150509
624743
300817
86469
367050
561598
188199
48517
85341
98217
404997
69829
188245
49285
320460
537615
81507
313959
47784
631360
374052
45919
558696
525260
186574
527702
202426
140010
8194
694628
42459
520365
399225
112071
433463
340958
258521
270735
396481
514014
1014
46359
225949
60493
154669
498918
422800
416130
53618
22730
288745
164246
267744
157750
400944
570616
98916
292361
31372
131759
527754
219143
451950
87843
268248
476580
676810
139814
287036
449133
372865
694894
333713
146786
618592
405184
285374
543254
693764
422123
447224
331961
293151
253685
375736
703353
152838
539506
43432
557706
710533
664647
369612
624690
426917
676365
688257
669936
604097
453134
277658
68166
341070
365607
39291
77959
451674
701176
655288
52377
153148
303758
176029
110762
294881
321745
53694
212161
161886
415929
169979
255800
62243
644817
715312
137949
566795
110362
191587
385147
77485
558991
192762
168165
329202
333672
114880
617193
406452
132291
27867
66205
250225
298764
238714
695892
350958
333307
122196
410021
483311
388342
487813
514383
122604
207005
337557
1146
571014
560404
396431
398357
388128
485233
185206
91665
638149
157699
308864
532135
214800
249669
315873
365195
712329
461844
171227
163606
639419
186547
179415
598310
415734
291789
125519
444978
302218
229614
391920
507594
438157
481050
292883
373188
286520
602566
162988
273063
12033
181853
306521
110848
35595
67131
589700
521200
303759
454929
398360
39795
291333
280332
544743
315500
99565
563347
622813
684867
498786
72216
271892
319147
636098
660533
448232
302119
534747
194773
701080
232352
46369
672639
52865
238267
298591
106601
178339
260618
2252
381454
569438
158529
307669
103578
433890
63097
269019
254281
555067
431488
549161
600659
444722
130400
676782
501965
201472
211555
541780
370218
684048
351756
587919
647258
622121
680914
552973
448342
597312
612454
695355
709884
550106
390860
78516
708717
433339
705764
448710
313533
468823
446522
716223
32260
83508
68437
642182
488032
558621
225796
514615
70587
53155
124286
551101
168197
47618
243327
125052
39034
96874
217900
598295
86654
41975
363279
694896
528865
162164
285452
534933
653441
606645
452716
558700
706790
331059
491842
443699
72836
226231
715487
354847
452722
386675
141163
614228
151598
442982
648548
113000
48614
544480
13235
519878
593227
269732
697285
670314
179747
266344
650390
211898
688381
125052
26031
377722
223346
99874
130600
696722
480786
497913
296078
626779
152178
32051
574774
435665
82288
287635
176624
63110
165564
532062
564349
287565
66968
154978
260582
253888
508336
248073
266485
656745
714841
252094
323800
145445
660260
684436
98787
533282
714107
485074
220831
75822
553254
6639
531778
550587
93842
177956
465591
460216
565836
186686
223006
283690
433604
658323
681485
401219
131382
529124
48757
535923
453184
244471
241443
670763
631307
128021
322711
324112
610312
155881
675409
519011
100946
131779
414485
632284
36172
675436
223238
280565
394693
413414
583372
309040
162896
562460
530841
524201
453908
241119
709608
265784
699680
130412
684621
336430
53318
49582
422118
480982
391145
645251
28235
132686
331566
21015
406001
196291
419464
610137
649734
456716
646983
57696
610091
366722
621511
224062
228243
261541
230719
155366
182485
378429
135893
616922
8231
463041
577827
623165
475388
400028
111286
4360
641490
446551
604963
68161
402762
392405
546148
286317
75711
213359
105149
204820
637490
646095
88983
390890
288425
688174
276147
580956
320949
617166
451347
480700
524494
320723
537076
67607
702927
164485
546192
385243
7484
263137
467398
713246
142867
60844
475867
250600
469738
119241
96745
477654
704626
469134
508321
216804
322907
528644
69804
65003
55536
600301
662781
288539
4050
299681
19107
126803
675265
615849
606779
302046
269320
397682
179315
322432
611999
279134
543862
575523
643054
102288
551909
75645
207325
124075
449241
112905
609844
624577
312198
181153
268004
709107
297907
54554
298608
308496
654704
603143
295158
96745
712650
120366
90499
79426
445541
371728
176692
116709
245966
88176
356739
292868
396008
484690
597926
482429
77996
138342
399773
181842
95994
115770
85435
168739
252304
417438
357074
648913
563572
78211
253410
448558
209765
375830
648913
564517
32748
120627
321660
624053
590370
609147
611181
3844
45760
532450
641909
707276
7726
21309
346979
404507
480332
278080
293052
685750
618589
3930
435864
606100
158104
51219
196198
462442
13019
271418
469224
283390
425694
485514
125774
238738
279150
145525
369157
294705
353738
304560
216568
489961
437498
493257
189031
398804
84237
207097
278145
419360
652167
707663
462910
585582
134012
226923
294580
36046
94125
660688
212212
523609
706563
178735
574026
572532
506901
52565
893
391263
509803
54509
213477
665003
500032
212150
716575
269504
457591
115059
268221
106863
25829
267138
340439
364014
324978
92654
496066
578126
376838
473390
324511
442775
355965
75870
567425
65554
11715
517016
123876
155281
341093
87893
320840
518626
543357
90741
544085
392378
358159
22665
74031
71182
148600
387815
459139
73061
571052
631653
320313
708283
15270
170121
80555
16642
317953
87637
80454
442871
331459
612243
584521
264726
346708
119118
471910
105923
55925
79611
272462
378143
60280
350390
507606
620603
565930
236327
168667
116127
304230
681890
676344
578648
315391
98711
166909
467329
380588
489356
317502
559232
589043
219196
489300
27637
244364
548637
561634
353149
306163
245609
700409
426258
334874
588309
377731
130833
463672
470360
14469
1698
686989
336892
140097
359371
282771
556283
455244
611159
305524
425626
100758
36539
232061
127761
474698
474689
79681
379277
22443
181261
479090
421761
709913
158054
461175
461697
210504
76622
29965
332487
28102
539046
85705
107735
609930
355881
3515
202127
479675
600224
325943
349955
481727
424539
130414
174285
332055
384043
330532
254336
298645
579718
213867
675336
610725
27288
230832
261426
86570
101948
60865
391081
526565
235856
509679
71655
596190
434041
418213
458419
140831
233143
276146
51380
113289
364113
573435
55081
407417
238595
563352
436817
423057
213692
463772
640886
716036
204833
440198
52675
275929
274985
392920
256766
444987
365737
30529
595645
63802
358159
390978
690459
482414
144808
698812
542362
334219
312987
129914
52842
268014
202796
620308
364319
66435
199742
428321
293517
515606
325523
385906
489087
400591
178339
469845
663503
611504
586046
180723
380514
25152
325880
335793
71271
279
159065
475125
418466
358371
29598
448948
624580
163011
15990
213413
695178
538158
548402
521163
140577
338112
311547
338853
629025
654745
12431
130577
394788
398635
713532
471663
117949
379581
306448
555423
549456
509507
42949
396373
389926
342634
268637
126334
354329
87105
694217
225896
367944
458492
14254
608374
328486
426493
123704
159709
405192
409022
628536
381097
344751
303544
60536
591365
387383
372824
661348
92045
664491
461088
465846
699863
138885
39356
558666
612505
663971
423678
709673
132319
53089
429285
5946
144263
639863
354720
373879
315319
693800
136905
651941
424764
546028
205801
19937
471868
135324
208068
93844
1804
135616
85834
89789
479250
70616
5687
197635
10519
405537
134840
656109
695439
659910
573590
518969
402425
624806
518541
327178
300069
342096
408520
688955
340275
202225
478711
479838
57330
158191
513979
471776
689647
298856
201290
426925
651263
522479
521960
24434
249157
43433
519687
274783
251528
68911
341049
287707
30431
324374
357330
265995
175513
199052
435734
483080
291404
67034
656765
180034
606909
43014
57330
182533
390617
97282
231764
124020
575718
499075
460786
169855
145578
382646
371758
81413
319846
374329
375834
635700
201540
281892
343875
684687
707616
328326
38162
158378
476262
55402
233843
233224
69870
166177
173418
538734
85102
534048
161499
625585
656221
599015
12734
638972
412260
451662
15331
335876
691072
419779
529204
415542
150788
157767
522241
548115
174003
705397
252246
122118
462931
549883
153005
236448
645651
26358
324372
124518
262428
678203
12562
32001
337993
402427
590860
18451
512195
92279
673562
143430
709586
380697
33652
87714
675811
323533
470567
77442
706550
550665
399610
34979
390227
694020
636223
18445
469617
159211
36035
359792
373318
285440
226320
492505
400605
517315
677906
150266
332380
128866
331798
112884
337415
128319
300586
92321
455002
276715
443469
586096
666821
411374
445486
110371
149038
265252
273101
337430
224056
380697
669915
510526
50044
659422
394264
416883
143657
659115
40995
206182
585109
326512
628769
640293
666813
668018
187786
334258
286872
700331
372158
100886
315970
526706
603486
660833
50792
29802
286444
101352
306079
672704
580792
211252
156174
21099
448432
42822
563009
473650
240072
142964
216664
471444
528593
485305
661123
78928
488657
699404
69522
497373
682655
121921
496201
679941
8749
694023
582570
195747
425558
635762
420434
419031
535936
559082
222810
562538
456431
629
696394
250044
621223
564691
176328
94212
386565
715913
536035
59793
403646
472068
295892
278450
514987
160183
244593
195915
118651
376819
672378
469025
29348
167917
529408
309252
107624
333682
90258
605076
653272
179942
660940
471571
547176
57703
303471
581259
114705
193909
519453
669458
159781
395008
187960
381202
58499
235248
293009
675382
348382
213686
469557
123707
311334
299468
164603
385614
44065
47309
442629
282300
293232
39718
525236
491442
221473
700642
133358
25053
418111
79354
614527
5857
393210
441928
546317
21904
355583
709717
502476
661898
385153
80589
142567
195190
399789
633190
171609
69561
294273
632205
520212
236403
68278
448061
382613
483613
155187
473408
94768
27715
165303
180370
671837
378262
140460
77654
403458
182237
282763
330207
185216
86686
305079
171649
476791
281433
619186
193235
136649
636232
110845
709122
49731
407886
251054
95562
267630
122697
225020
228193
335234
143986
307280
76018
59345
171177
560833
158529
453034
518835
542548
93326
84126
287978
354606
352403
569185
590319
451486
350901
354323
497846
127297
262847
170554
236561
333524
196292
93046
236298
118594
549838
692172
135111
175586
239198
604426
292710
91561
464206
437945
189360
391070
365526
29280
134561
254341
383297
214535
342838
355375
198285
319246
665182
511106
560629
59025
351723
173398
7640
700379
318468
199507
443881
508402
127929
383479
711363
289649
646234
92283
425694
340707
439300
454392
545108
493950
420666
342334
601868
537188
242730
600220
177753
274286
145506
519342
24589
11697
363999
415022
588025
48956
577206
492085
156463
27152
296892
577828
583734
422327
295388
367358
509434
38965
216285
49998
205802
311291
40384
128431
20661
18296
78715
76088
98593
264330
368194
8191
286365
456096
520707
639832
589421
364427
136658
27576
503883
626552
180512
31423
189424
673154
233766
635520
91110
95673
407437
139171
429434
649771
111422
93589
160209
706186
379070
300151
144056
463922
364998
194998
657087
592336
12780
448804
108120
559083
693861
240206
142817
703862
198550
498737
323253
174535
18832
592003
123608
165032
296269
500046
703102
606796
2726
214708
671897
39230
664219
252318
164061
296210
346943
16657
532135
407096
282815
571445
114995
310326
541635
695749
431877
160312
501319
154928
710508
159157
67911
480574
547157
292776
448295
334061
606593
461649
251942
156643
192448
611941
221572
669255
252054
567250
595982
160186
117307
289961
134321
44709
446087
40819
549202
215832
507038
82686
462669
390643
76410
418851
588292
375055
56304
218473
376967
601276
278499
217520
634462
212225
142389
494652
661946
94667
663798
456274
469910
533079
300571
325218
255739
23666
613082
479486
605356
179626
397659
501159
352238
79580
430164
447390
456084
183985
73008
230200
138595
706115
673568
425121
24164
261251
402592
4930
88827
48297
451838
585950
170773
702836
405695
333611
714030
490836
454101
654297
282508
680074
589730
88777
13971
151432
471234
592463
400048
517366
343139
274975
268191
624743
89308
132333
622329
262366
78573
500742
81232
41530
217583
358095
449705
6870
88727
524355
379493
636946
201367
282096
531734
403451
675444
626068
29976
682002
256960
335375
607125
478741
262824
714613
46611
381577
314447
549056
278362
622624
292037
225407
698086
165489
63974
211027
601100
360154
7566
489597
64284
676242
53897
650411
377603
352847
278858
544579
570877
139823
530139
246310
230784
363267
36330
266883
636875
51350
542239
165616
18868
181022
492610
371783
588544
680595
321484
92991
582685
615849
482310
535525
138055
525543
691071
262061
142767
108281
584792
239600
666329
190010
539865
401494
631019
550871
101465
596504
51667
32779
198436
435329
320711
517992
41920
426069
81336
185851
150563
706285
554894
322184
323374
89049
512929
254443
537702
549048
41890
324386
291120
302482
131242
213225
484158
376658
623894
656277
373794
255275
533612
97886
222797
105931
83366
11687
646987
69301
278421
65972
86642
597364
635407
148113
474409
173592
105586
133568
594479
362740
9696
392442
659139
191933
269012
160264
469730
289906
176878
219354
277700
378022
322214
430102
452761
380132
16675
355025
508872
364534
258632
320635
88502
113809
309040
296342
4975
361247
615510
178301
514582
385809
101909
545714
424191
492857
577849
215242
592091
165307
551292
526419
584220
483608
713471
243970
24006
545968
361032
473988
716433
618467
652810
225360
607122
204766
681424
153885
399002
561321
67521
505356
36761
380432
687641
190846
44710
716305
568531
550312
627580
417796
142022
104604
341508
26993
237338
259648
325506
557307
31528
652746
126192
590012
359770
100016
649723
628835
327618
121231
393406
150231
651801
256891
231948
291662
443209
151659
251251
413966
572033
315807
301456
691387
415434
558244
692329
660549
201988
251980
120046
446052
221551
544742
417262
371527
614707
19340
642166
573936
465651
140314
286492
511805
459241
414305
522749
141117
306280
249669
298219
689866
541965
137522
575887
413131
340066
693704
464463
250483
309828
563308
655975
113631
533644
557205
46935
198796
372295
625433
469253
60303
502108
386813
651488
196985
684832
385685
644553
591984
204006
515361
569140
478254
138316
436227
620858
305164
293730
645554
485702
184422
451950
272972
191793
215066
427498
65916
320555
254263
626785
614832
423842
682486
610266
569237
98222
429175
649108
699308
348899
419563
10319
636874
442737
552814
44563
291559
144915
448472
249063
42986
81398
538043
559018
656339
329677
474385
621765
665907
482526
27411
503061
20748
181650
200379
281575
627580
141446
30
116829
307387
124200
577809
274722
523256
605427
290006
683077
14232
669230
113158
683805
430101
140115
546864
342989
697623
639204
9351
694805
320858
101100
591101
3712
620015
262471
507282
124048
430975
632199
537118
35714
582576
285562
584780
630928
66685
478268
401083
224730
638095
373597
524085
176612
512586
279073
170493
331333
511923
665543
378430
392149
50256
541082
622156
580962
581302
273005
317104
27315
598863
163242
222023
549211
137539
354325
348734
63468
587845
18043
358866
541085
299668
590433
551113
581813
90734
276907
132624
59390
628533
661459
194665
288963
105097
436968
291480
274517
38247
71373
419792
478702
482113
420245
542714
75039
358258
658472
164501
372313
164875
625108
158385
212576
351768
119815
50084
321505
685523
463066
594467
156528
637789
600336
272904
645508
325266
595950
664022
458946
379549
163773
258629
90639
503606
200158
144183
455776
302131
27014
670019
88535
169213
600535
265511
56446
30956
299759
70578
507791
353715
149436
499139
529292
69249
312896
628053
540676
453410
585325
129607
492781
685073
471185
241047
204884
159461
535693
431512
691152
110778
32574
91285
74956
338219
111385
616525
251302
457071
436410
711992
569801
9267
105401
398697
107202
349502
324984
157942
451875
427710
534352
180963
319731
20550
122142
185100
600860
91486
335593
657786
366536
339512
437279
712874
24975
562550
20877
42862
676356
625953
40869
358159
703075
704115
259538
86286
654219
189945
656965
609582
6812
513899
484703
204482
155422
216767
113548
142376
715854
121382
410380
705736
183673
326304
279389
575773
423236
451736
248185
73769
394799
264227
226259
108248
249521
309052
675870
242795
441121
421489
311578
68357
482540
350577
421255
711110
15977
549126
161511
678791
694313
240449
3811
607804
484112
489330
343132
704313
423133
610865
37759
93182
552199
27254
60116
112867
380636
619438
461057
502783
106190
518548
318384
624906
333525
657159
690058
48661
370344
95614
250636
331102
106140
359633
514573
558325
182290
505441
457338
501786
331368
71760
69771
244677
152186
73035
644362
593814
241582
62473
458750
603171
230760
531087
709216
279437
607688
99389
290146
545193
288891
275255
200997
458205
107739
707105
709290
74856
612605
72204
528965
324164
104046
290878
470638
408221
559198
183355
215196
665587
520493
368719
516974
546463
480021
274724
52929
395362
691653
403461
285084
170862
3409
689143
325242
141037
353106
553387
170301
288000
421410
659362
670407
402977
660658
512119
346094
235215
197889
297086
447347
546845
222233
290355
336160
124090
194617
654777
334798
345054
404387
494513
157349
613867
183632
623527
69973
548361
345068
170878
39638
619896
436391
284515
43483
476225
553672
456968
461696
467637
56008
286650
324664
63847
310913
642144
422266
144692
454334
41622
612289
295134
203405
612606
696978
672330
254571
34765
467842
701290
696526
27900
572959
185386
537216
40131
367546
92531
35380
588015
454580
704065
519650
592473
28468
10783
623563
621748
639773
690980
587081
131188
211543
47068
582546
111986
442581
422031
354009
527883
638028
203819
717059
166631
652134
673303
74750
219353
326660
381270
223653
283377
695878
433184
462998
363100
82389
115308
635413
523158
166830
398105
281078
620795
260852
437478
214244
103310
191802
359122
628535
57549
402019
211858
655273
430821
227352
295037
599967
296719
11851
253454
323120
597725
68939
61528
336117
610444
323487
114248
203169
515771
165209
110890
649415
126637
330914
173459
88062
137782
64498
178002
170441
253963
628897
151005
348080
615747
169276
683650
709917
78203
383617
60831
440166
708893
592166
9109
190974
102499
555991
82882
183489
77056
609868
359810
420760
113332
611502
86973
15096
348816
66567
534266
710647
536299
262625
23548
431626
66345
106965
546884
23616
296618
353585
1704
488439
618492
520707
180560
13732
294655
596745
675815
579142
567062
352247
293443
223724
687219
389471
441286
142514
449824
440739
184423
83673
363247
178769
172672
547836
236894
427401
511874
165366
114801
212818
242758
338126
249112
70668
54704
18503
88923
485622
632602
536554
427074
519931
526294
428180
664811
43751
8502
619770
151922
684829
45341
517051
170
679163
163476
252321
584056
626053
328784
515123
330994
628074
399128
193440
176983
499006
463738
518540
601545
31320
699776
81314
566305
339098
391063
570885
122211
196127
181684
360054
278657
716265
148003
680548
533572
305595
433147
118001
44117
670630
559943
78818
657486
455986
367924
380999
230033
329471
593840
676674
268487
458977
80846
60209
406404
157312
185349
58744
107302
130994
108587
64027
338541
61927
704647
465116
357397
450369
686758
630934
589436
82112
569971
283021
598849
717502
23602
452029
54852
590032
525597
364491
349033
563423
92191
320028
529629
198424
666860
538689
55225
549202
501785
671597
172584
337525
632758
433037
307321
445336
548254
72816
692869
474836
686093
685966
555891
476578
527023
242724
58174
638855
598032
219571
645128
695540
425425
17154
64271
663727
586443
308293
264946
617682
305316
181296
397836
22573
489951
540324
607632
8023
414072
387543
561785
1543
45228
35246
599513
584172
606480
335088
262347
409680
147580
133584
313366
58494
585406
45207
551617
407840
204399
546016
230627
609672
394535
141292
181066
250299
176618
219525
415449
59529
90651
473428
381001
9287
621839
680918
403715
696816
285776
465414
40044
711561
298267
308466
183402
143867
647413
243991
141852
51395
580371
94891
420499
284239
284824
619530
663008
517088
473952
494022
368260
379152
290113
140455
556587
674517
175902
182875
419659
106345
407888
704080
329215
12793
356813
249074
575769
88042
45048
133163
469373
606066
712541
241442
393408
472545
564154
75392
543361
308469
405188
488810
619249
611369
373793
62117
141574
568027
215201
387893
78813
599972
362982
276441
316275
353834
135015
533644
602799
79014
219059
160999
545673
281660
154188
45804
591419
348952
658739
203588
214422
333817
160144
314567
90731
623439
345623
346955
142671
683386
105993
505516
574697
207277
361085
495054
238184
212135
555489
132763
422011
490427
193855
55125
209340
120940
57720
158394
33782
298081
499074
450867
238091
148996
282128
228815
322213
347503
345274
58638
245388
211246
665381
528015
364866
232548
485426
141241
599483
448305
586549
262226
603155
524241
550561
195389
588585
108921
127795
325194
265482
642745
117970
603827
213008
379153
194891
416335
32947
568286
54408
182434
573614
621140
440805
312318
287516
659111
38546
645468
479464
32572
635056
512964
422973
137551
304408
281937
412608
606516
73875
420806
551747
45446
559645
166849
450205
339219
567260
463324
16567
331865
101896
94755
103542
474043
19035
602695
376400
44402
123890
312954
152433
7064
194252
296721
714193
211741
5272
235350
172062
24844
364908
355372
29988
149765
203633
428521
219767
183239
375743
552829
68938
130994
83402
253
550203
85859
91573
227178
576726
569237
52909
306366
480342
633968
13900
707828
35302
167139
468128
283304
99208
55221
377862
467697
4911
39126
700877
493604
206735
388099
150607
671367
154949
499792
519348
290505
573404
484950
336111
373394
73258
441691
268235
156013
416465
183344
668980
389281
263553
152532
178046
575833
136924
553689
436961
599053
600621
606986
302649
655849
645864
576661
235828
446238
707910
52300
475792
154439
472772
234793
704959
593943
432350
140453
141331
248844
187754
201221
699120
438739
311337
216776
433436
21748
393649
168149
281624
353246
246752
434663
129906
86774
559507
575183
322881
369806
565375
389991
703433
174182
85816
156782
565045
471319
43844
229449
5455
609582
311539
364542
6158
210846
498918
496406
55850
115450
573190
91713
268423
412121
666608
112325
293302
432141
536488
543342
261275
597173
240373
660
638406
430442
272369
389396
93408
251053
579885
290778
361258
2141
476391
11222
180674
180540
484150
299042
450316
166700
40581
295599
132701
711301
240156
651165
471745
226468
551933
644086
266017
681581
12657
45021
488986
540983
140539
62217
416968
299328
528110
677418
322346
588113
284937
87754
460005
326634
325669
200425
604921
367185
237727
407587
324172
690339
38495
490477
477643
126797
203117
106541
35577
631427
88979
356511
166253
671198
710684
130978
93000
168875
574754
166288
149602
118122
103328
403612
506161
140080
594388
131122
475975
78446
474408
61369
103043
647113
74225
112083
373220
399597
423827
301417
281028
459143
446288
95873
50553
446025
194255
652259
800
271428
555950
349064
34231
175736
116996
536519
496183
266847
77430
173584
141853
213212
547195
704947
67910
85059
275911
472103
587433
531582
275412
142151
10134
304692
36384
670815
714781
403140
504738
474376
145075
77469
702766
329864
200244
147420
80510
159904
509302
170002
372205
253853
14279
423572
212452
102131
184444
444893
387343
472888
148752
297838
46915
288959
375376
170046
103175
293335
317005
279382
55598
498653
334795
680692
87103
147865
573554
116426
381830
522187
11190
7231
164846
160424
372003
368399
91201
173438
146555
639585
387750
37729
637273
11474
32706
603595
330981
127955
326416
224034
353718
500815
451984
401660
574163
225845
473351
92692
351001
414963
708242
34968
80551
209481
450336
475069
470032
413139
138069
56186
630034
155529
245530
212954
330043
335662
261182
356540
340902
568958
588584
332428
242404
669419
256012
152650
47543
194197
605000
103874
158460
404073
71441
379352
697421
158158
467007
46040
446564
625568
360920
201299
100753
2650
655477
276209
281792
406103
246248
497089
248074
638668
584320
313016
493881
214147
166279
147759
127932
235559
10548
462218
249976
630143
1735
499756
343356
382474
297544
137845
693096
1849
200403
444185
536260
74860
160087
712054
524269
673581
586342
661790
333323
324345
11342
387718
288073
250219
109915
84847
411023
224319
15841
640939
331724
205930
125251
636654
198753
487190
593227
708115
364325
173065
465250
659077
252565
14306
168346
348813
637019
39642
565849
300373
7931
697240
601407
278363
28813
530053
547143
197693
264643
391811
141652
408609
234337
430211
708843
513580
701355
590010
88075
166047
300417
341825
605504
299700
685631
515811
597808
666456
438607
424577
368310
45815
35589
573945
361630
210307
564141
276692
438298
628928
347643
460623
302078
277463
24844
240046
655764
221249
493226
479669
106608
129040
230713
315831
290553
384906
229649
1266
522444
630722
458439
698235
372787
662415
71099
56547
404953
682228
699125
170344
167683
431282
171122
230840
703644
477986
144982
113785
245970
6493
209285
427745
550510
374776
331307
522529
5451
126293
288646
154857
86566
200079
294024
567060
127158
373085
556862
134652
634299
479234
274649
91403
550545
593431
93867
204689
132922
114511
41142
200205
184944
487765
648429
494564
279147
665145
99868
91491
160994
163915
675947
97081
594277
639853
259159
46520
67108
367789
140444
629837
674080
576469
380112
478246
463252
680611
149108
23717
637344
607899
505885
387229
232264
588809
279362
319364
639295
295
150000
502177
152187
608203
84953
279075
331797
44607
328076
264785
204990
703636
199494
578861
280747
70958
202847
573302
42125
137725
696603
353199
692339
368871
369092
644615
420451
78161
265239
618622
238382
256449
76104
558935
155246
683849
4928
227974
183054
495844
295559
670213
310392
514802
227834
436141
579435
465964
353007
636624
385927
463103
684477
471
235789
4286
85138
55041
430358
578844
190434
533782
709433
21490
443803
549611
578374
194874
373907
454505
130857
156440
577358
13830
462672
303622
629883
697199
331260
414103
678000
558065
682780
236446
367705
547053
120751
55454
111173
585169
22705
533797
133773
243416
440544
301431
9859
422540
403719
50112
492249
46584
690823
504366
590249
272773
440745
477119
191183
378366
263667
412614
677095
363242
167260
24574
128340
391274
18919
57976
304964
143503
482940
454760
275609
486571
282842
98738
684261
170535
237744
695993
153232
713162
637128
199391
51022
394617
315321
318107
404708
71207
635235
21876
638064
183286
673462
438404
128241
239645
527097
386670
182346
87136
20597
694857
566628
417494
338614
47548
643903
152339
177580
712089
679267
282617
20478
341092
137523
29288
332358
688881
397472
548093
470482
315821
163276
476713
93272
130469
604737
321167
113593
497566
140605
23553
268036
462291
641680
471720
162664
233431
235046
350394
145324
146041
582551
203504
498845
199019
185006
46841
110560
468612
356633
176537
663813
632653
598058
247996
406960
693592
276907
148813
553645
467602
635501
242521
80770
382705
42384
29190
691002
694370
368311
703009
691925
565367
651220
9688
361563
658249
5601
419242
553770
592294
400598
55188
138633
622429
527263
61362
49467
90230
661055
85320
306429
599131
269965
84180
503459
525287
255096
358746
697470
442954
348317
221576
678081
40936
361886
624102
541426
569039
590834
32108
183489
438548
292471
321378
365249
16642
201461
219526
174803
118909
564605
612850
222209
42963
223695
252663
173459
290839
129000
143512
98216
108808
77992
255142
106409
266569
661988
494729
286546
476308
254930
38667
500265
704858
715219
256780
321438
553959
306332
680777
283734
517557
528528
266771
681227
141185
337160
469033
373051
589165
392679
566642
250988
696537
126403
689963
37076
634829
229353
231928
507282
637182
159747
594722
406217
238452
524709
701231
459771
706544
54586
71483
3933
245667
327608
224101
283441
458117
493032
317299
27726
185946
480584
427797
375231
27629
133523
656548
490779
55919
587965
91684
505874
3693
212393
155076
72882
284716
488039
109382
367332
394590
68459
486253
479660
158761
685129
30232
173982
706557
510660
506141
247164
250690
228551
412889
576723
464124
558517
537913
538574
604457
550404
511960
38894
93419
657147
394147
656167
10395
510534
180880
414475
53655
374922
706016
299046
271783
652537
229353
115629
393795
515571
29828
450401
311750
376055
681402
263220
601010
644430
344258
333548
398022
703838
603028
521932
370313
244266
132173
516255
225799
79663
572583
4829
99085
191121
404222
585398
251891
660841
41675
115998
430017
675096
192293
27496
546210
686405
661943
703480
567903
148448
691738
692939
163135
307760
242837
416330
204908
717879
320723
344760
26207
361134
378413
96855
311079
611042
580140
532672
172292
215721
233190
226519
416296
316637
384998
43255
103122
522160
490423
143492
104097
697246
644604
197663
451148
260622
318364
81471
597273
56145
684826
697890
580251
669801
538298
337643
65537
248772
87351
131057
457382
509086
705633
84180
308743
157097
514612
549133
313990
539084
141155
84533
312892
15465
572514
271234
224338
207575
346944
363785
599334
576469
377062
506690
478961
643194
57728
581565
433
366362
31297
564804
168556
530356
302878
486096
225949
127761
541873
80128
212751
545715
480098
102099
438679
36803
108431
88537
146703
700614
693765
323022
259458
600214
151990
119430
345111
506800
520075
323169
417177
369757
303302
658917
25156
58164
229000
18459
66829
409735
568644
187277
80542
219075
430880
371507
41049
543552
439615
278555
528070
623324
256283
57195
199375
213949
466353
289050
14742
141306
341208
614731
514304
101780
427785
635276
281131
233862
590198
498938
74643
702068
389197
339243
578272
25
687813
710902
690455
166908
14530
43045
23773
128703
712456
451112
461267
710508
349149
684020
557718
396239
167013
609540
329363
119290
136862
691624
211154
382587
501307
202833
416419
251432
681775
429996
693935
233186
394421
255332
207995
76551
144937
475471
585824
202158
185972
37083
698205
177806
371611
299960
634287
606593
328325
321707
5486
250075
443032
34453
607054
165095
73255
613332
130058
325730
541024
339187
223641
234010
323912
473239
237521
67455
260430
198711
13676
157077
49920
3407
553254
417166
328567
408521
286312
144733
369079
70996
16244
442205
370641
29455
406173
638907
23897
124925
582520
235
154781
97848
163089
562145
713068
280942
643092
577389
703294
81151
590231
704562
613159
62455
368784
146717
339139
424089
378321
168789
707893
270596
51415
423999
446494
683440
393292
429447
556397
110270
130527
515374
649933
415024
165982
94218
180293
339727
638265
679553
437500
185251
293443
320448
212001
165559
225376
563584
441294
363793
375486
220853
155441
27156
279052
433785
491056
274864
520935
561394
238238
662174
176947
309729
21380
614657
75123
531698
108783
111880
672600
332805
691213
419101
578554
707688
588593
538347
308938
47328
107062
356702
700281
687882
92676
87782
289774
555769
357878
375044
465607
434960
268907
423347
710273
318194
117994
504846
636886
651378
624908
320459
381354
461092
232328
541598
217602
417123
461382
537293
521493
399182
369810
476821
430134
17094
499184
356210
546731
617471
676673
225654
215553
515332
294030
292810
406566
198066
620244
493801
695201
712476
72703
410021
503336
70833
688393
147465
502697
506496
123610
403730
579394
261894
616324
705154
703009
352914
166087
288709
458932
310598
13882
477406
9363
134698
460047
482120
139379
145331
46713
674900
207168
635021
144961
546015
19972
638044
22113
358845
226559
555569
490510
79125
183895
37162
204402
473540
5620
301979
579269
377122
289272
526550
607176
573528
410140
234931
630741
399586
355009
118594
370956
299975
65306
636322
163030
636805
394765
280506
397362
194362
295764
563407
532685
685754
163122
495896
276002
13887
552930
200973
629296
414828
582429
612668
645411
658238
263657
3092
43283
552218
292285
681496
156505
690618
347837
459470
125761
238155
252297
285872
605145
152287
150999
703086
40021
490720
246408
78033
291070
151317
334733
641827
56765
426065
503787
526301
397648
606122
290601
339413
422613
285191
278831
40433
436817
336770
273036
40207
693806
68569
382914
282401
335574
490583
158526
688220
669236
496173
66403
621004
432328
340621
647189
326976
654755
702408
360177
656876
265445
252504
437452
237923
704225
81651
384426
650311
8069
649417
573816
676468
422410
311764
294007
627825
353800
626400
411994
506178
576868
241379
590019
317230
507066
582479
385575
117952
355591
552875
276091
564741
568570
470778
257410
633766
410273
413682
627408
191522
598024
139164
128471
193571
480047
567682
197426
508063
103738
261720
509813
474898
327814
78474
13529
129287
22337
635783
34330
291858
116392
148040
149651
329517
605198
187035
389907
314503
542903
146987
237938
189785
697701
403232
481086
291829
542118
181017
548075
493944
64758
246637
210116
471288
393039
7906
141338
36086
139442
29724
647733
425994
401285
420548
280038
417316
118944
262379
641828
63674
218328
4726
176806
266345
211130
567516
553825
589784
6201
423124
113233
643267
207522
603154
345665
158433
86065
471939
92045
69842
179178
705576
273208
580185
9567
275062
52108
599336
523097
401033
378279
137300
125655
159483
289243
22686
688703
35596
271800
178531
589875
277849
424364
227765
554493
419524
42080
325022
414459
512137
28975
101706
89799
697199
496988
90933
57874
654288
401092
141561
433687
680425
601597
431714
409427
282676
201237
534980
163563
17418
673031
531501
548861
371737
269013
389694
16949
579771
450895
649049
79867
283441
695812
98686
45872
710611
99042
335714
638652
125377
285586
368540
361830
255660
602241
525459
409523
362749
104413
228299
595063
204983
487633
305694
176333
633018
83572
384780
683675
45328
279191
449490
466789
488006
500365
349904
225289
675222
57758
382295
484409
87715
185433
197877
677847
695493
197586
332
539514
328901
697977
553948
129835
548700
314348
5542
382091
195874
520009
305596
381088
30031
420541
580304
154511
658637
98455
355000
282016
108369
363641
424914
163964
133584
364744
370164
654215
128501
477646
656596
188626
214456
380740
481157
4454
57115
408406
449485
670586
14824
612989
84359
188596
58608
673064
785
187755
464278
63478
84689
344442
470281
668970
681477
156376
598593
65709
196288
181957
657790
386834
121507
155676
85936
1851
9975
637174
673581
292106
555218
173421
586329
491872
201252
52
556669
277138
525167
543454
613354
297656
516293
636495
386049
435737
202763
169596
478830
657923
382944
465201
489331
19866
627231
328560
351245
155250
93823
579239
128185
471545
507843
690609
88014
634672
475587
238761
300406
142100
512999
204871
355603
625211
537893
466480
302727
293739
438750
614139
108146
447313
625603
522548
135639
213087
701865
9093
41331
484499
703841
667671
54705
500502
483283
58100
14948
501162
174873
425626
595369
533774
555575
231784
655504
286532
342991
102442
707800
537073
521894
74495
524773
626081
19722
636058
247738
140081
310808
395175
558257
612010
37477
658711
56046
82835
243540
674191
458179
210669
151889
599644
4952
130011
260444
128090
518935
686405
191523
628344
178286
176947
466981
405828
178203
287709
90273
3647
250993
35538
439154
680001
334279
81617
554079
29683
418685
382744
674084
693709
94200
462014
173669
438046
632489
67288
290739
323470
512943
683859
25523
258577
597313
186057
446261
404787
30854
528865
256087
3659
710144
349906
125769
265743
75695
15644
302163
489684
704800
467069
612419
426643
597818
552590
438108
5352
355148
167097
582696
658264
642675
584208
251636
318059
570880
518080
265327
684826
681270
332060
179403
649525
628075
365370
691984
383192
277180
129662
311731
614245
428894
572071
705271
516066
650423
609565
549191
628721
709377
468555
546965
662597
220775
432486
6270
708319
376641
594185
195840
35025
11371
381578
36085
579702
36107
297719
147451
652500
632165
154117
157733
415532
98486
684495
93734
411166
453865
273356
76159
533521
655362
282621
477097
627800
658611
297677
413963
313099
410602
602622
637728
9371
254662
312257
218404
350352
25605
280573
498926
655743
196553
448175
710443
85550
179630
118186
535364
582144
401022
259728
99980
174665
29559
670579
308743
171635
207089
201557
545773
707002
70445
301688
13612
543690
73513
53639
163949
534746
229377
79742
66398
334335
681521
85435
703110
455275
443794
194189
588744
531194
532563
51106
234778
429902
480579
308617
384667
473675
60254
237662
13335
191131
715269
588923
429005
96399
696878
548234
582191
591833
334759
300873
199993
691372
207114
228706
210513
22051
162739
436089
224036
597468
125522
81284
299090
92194
301169
274103
341159
436121
525291
246150
232688
271193
684854
2863
47136
634969
290338
364608
635757
526423
51392
93131
211740
73561
614820
397196
518988
243611
611101
556836
287015
588126
74170
660838
588742
428160
359371
639015
173434
352266
107011
152123
501284
663981
234160
625287
195464
659469
327124
3723
671851
464328
245636
150983
508416
381804
289213
639629
559029
489694
133384
147781
625853
117501
398096
132058
327222
590879
714957
286879
578475
324120
604114
356993
512811
704258
591622
415263
133177
168831
144223
53180
457502
138682
651558
674082
1083
340986
334456
97580
34227
705871
322115
567248
171560
109817
586627
131229
581894
209079
638028
298601
389724
308484
2820
141373
95502
375245
632095
566104
22260
60418
9088
446666
188245
173726
491691
25604
102379
635719
271851
40993
146661
599314
320685
96401
263102
242697
669817
511934
696815
52745
244819
285832
705374
22566
532246
489304
271209
349910
328771
66672
541862
484174
363409
113407
480159
120272
615868
49319
406078
51405
321882
933
307578
510575
44541
223015
643015
16518
294134
146060
33032
164157
555585
617250
314513
567730
643975
273295
292488
50269
50243
189242
204131
412118
276152
282559
453356
306883
625560
530042
197545
90810
432807
676899
289229
374733
65845
675519
687670
147836
205617
500199
163387
283789
22499
589957
328593
81015
490020
422059
432511
660468
26569
123925
430877
86397
423085
334963
157459
464037
238192
431097
143376
61536
247089
651547
1484
667895
324340
397698
603863
329680
588218
175365
589419
643033
203669
106820
652813
672709
662980
289681
29668
536261
372050
145749
26874
394345
352035
645248
144965
448299
55910
399970
103102
605149
72233
364427
272448
336693
363749
16277
69752
32929
45179
319693
583620
371600
714967
447437
190671
251064
116763
503102
218406
520750
575644
450304
377028
685608
207324
653702
321618
655869
711796
566521
143528
261941
505628
73088
536462
245668
496721
378567
529567
477153
115193
568886
259748
408354
334496
177767
221563
636506
4610
440330
281274
618259
397291
608348
324765
308284
432944
694623
240710
567255
383806
270624
378732
113798
387746
176582
483026
1656
265294
632145
677409
53890
484322
588455
570592
406334
664084
572641
172824
264337
461160
64
695735
244753
306458
269964
552134
8075
281499
31963
558951
535593
225906
371381
7329
32965
391920
638669
125913
167517
660408
156039
499391
229212
444922
331317
321078
691265
377252
273709
56798
438298
503534
462618
584864
431909
572882
252435
39102
481379
22285
9805
39497
442099
141384
660851
457162
222445
230573
143933
714099
13480
128376
290075
10499
119753
53170
394860
6100
359185
496708
329690
89639
601067
584317
28471
633591
3207
324698
93831
65052
73086
48259
142584
364251
533758
228575
515424
703425
580626
179257
416598
392680
534213
380644
163050
504361
126441
109450
514460
460173
387474
365853
358635
76379
280899
108150
612225
656752
507547
55172
559307
48858
374980
128370
319282
178597
96919
602654
260768
581552
410634
54050
8987
473989
429455
689877
463071
613901
258165
532615
242753
12657
295778
358961
127843
520291
415657
568077
428671
189629
603202
341238
652303
132298
449993
494966
15841
156575
177884
51786
438799
235855
604810
306320
703186
589264
84846
267919
629694
379629
41089
237391
244121
59009
175272
184256
530792
50089
518080
61642
661213
152941
18762
139792
292678
625407
612499
354746
374861
462050
552529
178600
478903
2516
696095
172073
192930
366040
325935
307477
9874
618961
444173
12371
377
698360
272360
527308
479821
234525
437816
273273
71960
154474
107190
465649
509318
660897
51405
308308
337063
191447
166517
309860
188741
43539
416522
97698
361044
80890
214804
246633
453772
356840
562216
520062
99813
294697
661610
25962
121426
552217
345850
438488
617451
574229
46193
149272
566869
113698
554096
129070
357430
336268
395910
362692
253773
492876
202274
439229
89065
692587
522092
206465
273967
142042
303312
592873
420754
243473
184339
378876
166193
186615
86292
157004
33040
586288
677428
13558
606591
656614
669650
569439
321210
92691
234840
31981
365268
491296
280131
396244
612284
264607
273455
561152
701921
205739
412907
189537
42676
492091
313514
58445
439018
684119
217160
262817
158347
484295
33029
468873
337637
6692
436542
287041
82606
688392
74126
612219
170879
512652
589798
143674
347894
714402
120485
8707
281764
220252
314185
583605
69813
436386
389980
39195
262549
200439
662419
345982
550928
22215
533396
480086
257203
295890
24283
179381
626905
603252
123002
436887
178382
697381
139756
476846
118147
468826
278213
3059
587534
289488
712982
111270
478369
459635
654061
244
211994
312527
183289
215026
246124
656812
86108
13948
107968
159221
460045
447803
558874
287116
5121
409317
475860
148506
700645
265542
442279
424462
682036
224121
128655
400033
210663
245229
331593
15537
132047
599432
586903
163945
56220
99458
477796
12444
55413
214555
612462
495872
675816
258953
704641
209642
432962
67740
108675
27353
68994
479970
306624
74899
171892
84846
66521
497159
523932
313530
566992
642625
43215
480630
58532
30689
350589
11092
70282
558604
325195
346704
141158
326635
133293
140956
212022
291446
111356
432678
19915
155383
602863
9860
387747
687293
436436
576755
462131
317867
82386
263708
679362
23029
346047
60672
15133
524547
634573
664815
327387
88334
496922
390425
56043
569649
428980
642531
657049
198313
73861
567477
593869
692624
653193
97439
603699
436618
321189
430079
655898
365618
599858
182754
16236
543503
673547
475625
282973
160996
710186
341754
264497
609815
79095
271697
437514
507524
35010
78727
245675
515610
219525
160856
391042
596194
379449
485644
220401
224094
654771
354586
374926
152061
295268
182753
58571
11752
4145
320808
114233
40557
73646
448427
116854
389817
207296
175068
148435
437354
303116
648004
108976
516314
370976
469448
300784
124423
28474
712677
676359
593882
46976
338657
597467
586260
518182
311171
581228
52866
61988
343812
111861
292008
139983
277675
226673
212594
353554
360291
644389
157941
52351
650440
119696
304445
580247
105411
706729
618758
114801
684051
386936
424098
556551
96213
689113
553824
686584
306949
502792
555386
356016
471342
492223
503478
525132
27554
517991
21556
686035
690183
581278
464121
328803
682097
668670
680131
525401
6911
511856
381517
144962
639822
241543
630251
176707
466535
705260
173545
317473
278424
187702
51311
651132
486356
641439
416729
550691
132462
398550
592405
618446
418874
705329
98857
584254
705632
155120
487389
444495
180669
256947
1553
72999
545067
529191
343714
286102
411367
78347
296837
338352
355324
483662
280630
547570
712417
13853
240234
66201
375988
699916
293187
593677
450993
522864
240944
555493
466799
483354
37623
646534
656072
523408
46193
419553
520997
325162
254490
192777
314629
508069
405604
219623
76057
393931
631589
515845
555537
581214
326816
346294
422540
639711
12485
65402
560133
179192
623068
156648
222111
270352
105769
481857
702945
501787
260603
561803
45936
665584
583294
158279
590106
621662
82731
278658
119697
657529
220591
43480
208043
386385
302550
385498
562217
424360
191870
338541
236354
357596
564691
64500
324551
329061
218432
666215
213963
436820
450202
599475
442063
259488
602831
118313
20399
102161
39764
165408
448381
465311
599043
549453
89341
188297
451321
644115
132564
78375
340219
421925
146077
677736
149354
233818
711900
152088
679505
116059
369577
95762
167396
614397
507336
683085
215866
132040
611528
7751
252058
418409
201995
76059
308084
2792
312068
482644
387810
165934
622814
292702
58021
683979
260198
426220
262757
696165
28245
12202
513439
419248
126498
125110
567953
243446
66527
60758
288415
134284
708449
478127
470545
455290
353691
292662
241221
102713
562941
400957
542789
678333
553831
596444
692155
88468
25494
417420
629712
455506
263748
255034
189105
706506
258346
609363
285233
470478
565381
402068
74835
349779
227799
581121
123394
692664
277977
25990
444320
459950
31090
681831
353963
399595
390984
366717
13580
295331
212558
647144
400628
630515
664906
256255
407152
97970
299514
199194
434766
221130
35950
554686
64753
609255
225844
13258
565479
397979
426413
53840
407458
14584
134859
139754
57212
230274
321901
116543
710878
255160
635657
107434
654682
546403
438396
348452
172590
118037
282383
116937
536760
209906
176165
66109
294957
540514
609255
47329
586209
650876
396028
446736
124925
73287
398962
118045
484933
269329
585778
613689
542965
527453
91455
363818
654848
487276
347407
419212
688393
7340
213652
629157
451330
25132
116953
2940
23757
543942
94818
287709
63251
313170
649434
647114
386093
329949
248909
188695
298792
169680
95406
705119
24448
369744
19763
81242
431635
60395
499978
524253
584670
338813
210019
473526
326257
306803
245963
365547
435938
643433
530095
581267
119346
527360
131605
546812
516542
393094
661908
305432
481444
377143
486904
75706
683377
176796
197638
430441
419298
652344
657251
525880
574989
153663
350768
387141
594071
287978
286035
692172
395906
457515
96865
358822
191569
650134
346231
578877
288795
665171
124740
210957
419149
466921
30890
23980
684495
708303
385146
389372
179601
139132
43751
422378
92031
319974
205296
338501
532249
300376
384046
14733
74769
186387
33085
37629
351889
624987
625333
136
157698
499112
492876
105923
443734
201267
146890
610340
607464
515644
196359
184835
446680
712696
275417
9012
357945
717028
589245
327814
625384
696005
430615
187291
468975
505720
337410
176899
316871
271829
196020
55074
77249
223959
122031
510347
57431
654287
388444
52633
572760
350853
243221
128173
676104
486356
65824
640680
515267
107190
43923
17763
492932
273242
612617
619515
231611
124816
694096
485505
216236
183259
265147
45089
418597
708476
140616
509929
254251
517770
119448
714597
549716
687136
99862
358853
143068
509322
85643
197526
2338
10189
383053
500741
77729
71099
480400
375944
624894
192283
60280
150412
375800
509193
350006
645255
225845
591025
5575
461885
570193
392152
433582
297463
300546
343186
446615
205825
39516
713834
120712
467557
169063
561990
511414
531747
664596
240701
694606
308042
376209
102923
580256
557311
424255
406457
343558
116403
81635
322117
55924
487141
506188
675386
104940
633852
486727
592761
115580
491805
84795
411089
412161
685115
216286
696727
3372
516481
358701
491640
250835
264126
32725
282549
62617
645002
195301
576130
407136
346545
205022
41792
224727
99317
240071
7505
199044
340746
639014
22334
218866
529598
625583
537741
475370
356009
539126
629949
119310
7590
660901
717375
458582
138819
102696
624050
339248
525240
636744
291455
647344
548485
302534
464139
481035
43930
554261
426876
236487
139983
111638
331534
211284
380874
372457
213587
323052
221188
109134
515605
630179
482558
707055
667646
309812
49455
530906
401878
128734
668228
307208
521181
143976
597913
106364
4865
372893
133614
251022
99014
534443
96172
514574
175762
48134
16714
255880
330831
688742
26955
188456
256008
29493
477187
382737
664672
704857
297281
48234
548395
580217
545564
15772
634982
353471
36351
203362
3408
632851
265393
266689
711712
405975
460968
179842
287454
59678
35220
675826
191893
690186
657828
206306
295779
371199
45506
249206
14811
646401
345145
228828
445278
95303
25910
581038
480437
592800
601956
391004
509460
184779
654251
282188
535328
621614
468756
668382
707655
380514
592271
420160
364403
379409
290347
270824
329021
130966
168964
49235
193838
667132
235829
180701
690412
394345
689920
469556
502590
439163
381564
316872
461856
657527
691738
429134
30550
492857
104668
618447
664129
373386
176918
72246
89438
134601
391794
99731
432617
368585
364799
246677
294300
95828
343253
205466
190319
375056
441985
212742
645515
439169
607605
244753
91819
59307
651736
2541
494471
230822
187331
676021
114230
676824
584038
20667
9505
329469
4865
19921
581118
189431
644489
172216
231925
300232
556117
112504
534498
537641
309117
236550
11199
214191
20377
567982
102194
298095
260052
438870
159024
100433
517456
713405
568072
20873
70308
583372
676070
150209
61944
221081
239074
503551
21619
470210
451469
694926
341627
437693
13251
7485
6329
196020
678137
166659
184212
102429
611360
251798
35272
1364
342312
29729
556038
58505
174213
270259
122184
681663
72089
45924
25263
340777
247745
317166
319143
381096
673117
485456
226785
40619
447875
53925
71851
543897
48835
280170
328026
414911
104616
69641
523038
326623
67376
224034
98281
699286
354595
334723
246026
135853
634166
283935
545275
322444
237500
236837
597001
525735
616205
517145
171986
127020
593273
210069
571236
733
250689
509484
41379
449571
359280
167211
41155
564568
338057
207547
183319
164962
326389
124693
158916
131499
569790
513581
331376
591364
92418
488000
545373
158433
448471
238929
519011
144395
114879
315610
310111
231390
308965
657768
511588
628938
506777
590347
378828
612656
166261
246439
278555
314024
608087
122897
453064
57772
407057
666905
503100
479643
296670
600446
277484
264330
704547
193231
293548
80623
442851
329445
509101
1262
92202
101180
592855
4353
541867
219005
506443
144598
511622
286825
418778
307148
715638
286340
104841
98371
55505
121133
130237
61172
695760
689578
328304
209062
227522
652600
270472
249830
472884
695633
157941
199
669255
248392
664600
157327
494013
159408
575362
511621
288321
100758
657161
48217
390754
572722
222197
317686
16630
443705
305144
545694
602155
165826
220782
524022
415624
560016
65141
151500
165702
423527
195973
559429
101634
36030
436796
128967
346227
469494
552080
685308
400872
97170
396590
245332
2978
550312
420839
666165
247707
109205
659425
620140
678718
622122
306911
161362
6871
20845
560367
202086
658172
219623
339301
233809
179883
502914
7377
401451
11631
261894
285676
277185
47946
202628
175012
496844
294967
50356
228213
428899
288984
485305
67007
296771
341708
408758
458204
491039
523771
119726
210261
707100
315683
582044
333722
510568
239462
432137
450204
496693
235336
315682
506342
398794
467175
271571
131284
105900
249905
15390
563406
209355
390469
343068
79206
63803
567063
242705
447036
281087
420562
529328
550359
396527
11627
347918
656416
697706
349523
667212
477364
171733
169521
552042
279733
657566
35719
430757
316677
656463
536592
96137
447510
208696
23518
437481
146486
256129
28038
451486
245419
320215
3302
165964
588999
27051
661306
700768
454560
707600
129643
556334
153449
712136
517219
622246
702110
622226
151425
7803
246355
376709
191893
119135
10735
640808
423048
332736
642290
566240
487948
560779
171987
355457
148300
699880
161942
390776
29988
178908
595240
125699
55099
48616
315681
709405
515660
70842
114721
610109
471239
507098
658971
672355
392320
494643
177091
268652
413305
653675
266578
514300
629414
490721
152826
520195
533291
150558
503533
92446
374223
125979
59737
349833
412260
566725
378001
682894
423488
558455
266170
258346
710165
332158
1332
653773
127944
435939
566942
368051
165498
184492
55016
518209
630068
244501
463055
413026
72417
402426
268245
8436
17975
705913
21849
480447
23676
433582
182631
634285
626950
686075
172224
355258
469159
420260
507161
22230
105368
372721
243401
642233
427664
558616
27218
620852
646098
112057
142997
411634
204175
608809
33141
128933
696080
383320
680945
400851
49183
63578
545019
452038
193372
472258
497417
369411
105500
688596
88192
179117
170102
668635
56831
401977
221120
673010
287981
432704
343542
371373
281951
426314
50479
280538
535845
621509
352728
354303
672835
491657
296615
199144
538936
141610
686544
608804
125236
703089
408514
714386
6207
497349
5904
56828
261103
246120
32207
324136
22789
71067
362549
244244
496657
692898
495376
681508
41498
62341
694769
633952
541966
38108
319612
652252
262654
438879
296484
708548
11534
208318
712157
274115
702647
289721
121425
635631
53416
315462
709306
701194
369440
501615
201555
641037
555520
538253
501813
269257
20214
182654
425269
160249
201023
318042
52477
152997
207281
126664
552150
510730
639029
270884
348511
612059
673988
149674
1602
255660
172636
698145
305854
555039
136792
615105
61845
311417
379941
406456
219222
417024
81549
226939
512731
404928
570443
445444
352286
304514
643269
468396
393749
22106
290359
338717
574339
476323
664672
134690
536160
180670
688763
171889
34313
22814
317821
304519
68226
35079
523350
371524
608098
589110
122289
139565
230035
614527
118239
685860
478609
714147
511588
399860
225609
204241
337875
537738
278448
325930
499702
407211
622913
42181
510609
138750
27963
240349
565852
666918
505531
592186
128655
276235
129378
495042
159419
299137
10076
62154
156222
418500
150609
113025
203528
179773
129886
451996
443569
619587
146495
627794
427731
331993
231942
444366
221968
654013
404876
620285
225411
379361
4483
307547
702693
11773
266794
474670
508396
117855
169216
672942
477698
72348
514380
195187
699602
668583
333077
700185
65395
47879
91598
555865
690217
476488
418075
253345
152510
356218
672689
244472
452825
5147
30693
701595
186370
174299
184844
475992
184957
633022
168178
670579
346709
582846
187459
552185
379813
333705
415149
532426
618703
494781
448102
492804
77812
435114
16474
209195
54125
614709
61243
684686
318088
681651
173850
209896
222211
542521
539978
636640
100446
21049
711021
352575
323901
543092
240349
64276
512377
408175
693410
484880
148438
394221
534789
212268
590737
429726
184339
647374
253448
510136
566165
316897
70957
640886
76762
395049
227722
190731
474387
502371
409975
633842
156370
85133
11393
320435
532724
251541
108675
584402
304037
370329
710385
61677
323808
660073
10226
344791
139976
46211
188639
219381
525997
569432
135961
88058
275264
450900
386155
153792
441065
401155
690834
424766
132568
262252
340743
257211
109217
213242
623098
603878
335904
622507
95021
494801
248867
421541
85107
376181
580292
474133
256879
121419
500958
359811
210486
24627
223249
278307
619077
8165
655349
655530
129380
112168
130981
604269
322830
517704
275248
530870
68740
469425
682231
257171
716574
384053
202126
37060
688537
389281
45377
618308
408073
533432
569432
250152
239487
632067
28975
191981
454139
249033
89831
522112
63697
382273
44308
20965
374195
95007
155881
102812
479781
584521
152318
413642
601497
401941
453926
550194
435870
672454
11442
71918
330822
474378
23024
446158
556106
652721
342035
258536
139604
224343
172333
232304
432590
526100
650137
23880
318491
689079
108977
709116
191458
636115
636425
519628
612796
551107
59278
495027
374437
605887
547181
509641
579638
359433
692134
244639
368310
415
92314
608893
48110
466573
38969
71352
548700
711074
107226
405340
327495
354216
280274
156299
542029
85491
367450
671792
335497
377062
65291
430947
533693
679219
511869
77826
398553
451547
391705
284658
541903
449195
522158
668799
228299
385218
508480
434
597093
632409
425565
603293
339758
29673
714790
22217
659874
1443
96566
597880
79978
5809
41921
693643
307277
481040
64153
407767
693939
261458
330103
490082
178429
268896
283433
6243
355943
607536
707047
94893
36384
492958
276220
671546
119133
53015
555081
207653
175758
299320
475016
46084
430686
450570
463272
124570
324818
656899
541794
315080
398453
254635
230647
612594
242665
651871
221188
286428
462630
558454
295680
656472
554560
522850
545076
78340
540458
431880
275832
635202
480449
22201
689466
433048
174489
79306
640726
268037
14642
43910
595780
594225
351168
681831
435339
437648
388413
503663
37302
463515
488352
112044
442814
579724
682999
264416
666259
647977
346084
211092
617257
207007
688323
62895
565065
449150
167357
257189
683730
519950
349854
672452
161787
353152
9288
619595
169380
168830
557274
119092
626091
451811
631297
236162
462959
425699
533658
63779
437144
357546
565502
504650
409386
294647
345959
420832
609978
190608
307776
129747
267513
202868
589886
237144
542712
12535
268127
714919
91133
451289
648470
110237
132625
651871
276854
167890
204366
161600
624566
647767
201884
90328
500281
316140
696574
106340
353479
498099
179601
480064
526108
73061
83267
680882
184723
571474
105070
546940
78912
358483
612450
138130
247256
627569
169888
429661
715992
301800
342665
1602
670628
337093
128027
502391
381296
66371
94442
530629
237306
227978
189365
362362
443747
493648
442696
543884
142094
2688
144053
8013
353045
577190
678423
613502
281715
616006
661213
310756
532420
429220
349598
698721
22566
173197
378033
563424
332546
415700
31428
8876
663797
393268
659027
600659
381580
153364
531157
388265
452674
101940
708214
78252
412252
175620
388817
476367
74379
69631
592007
216107
254898
702073
194706
319694
717496
365
55112
682904
399865
57102
205815
605727
283561
49061
262175
107678
317679
485096
473818
500001
541851
603997
449875
99439
317501
102576
177083
181811
265255
29210
703741
608988
405828
56161
205386
233126
319390
137990
182223
110494
296751
532952
590749
45207
692953
319696
180708
74704
96898
412431
133259
501400
600982
246486
355331
13058
86450
376575
72811
705764
708150
488405
160994
8378
279103
714836
591294
558615
34675
716116
638769
500188
137557
590715
169521
658264
698757
692105
29534
303383
239867
143558
506120
562583
497463
97120
331874
600503
128687
677741
655003
218236
182422
393924
80283
703709
674848
676258
30768
425987
674880
628606
513341
302016
19061
195747
481102
48134
366838
542852
175177
378121
168344
104468
66529
