191474
296849
417151
80764
602789
187612
292342
616268
528991
617307
692187
310384
357398
91145
140606
377427
111738
450588
349691
490884
554439
124121
389402
320965
549839
76688
250827
149095
477207
569591
618279
446713
123116
204147
310753
654717
717063
89243
323299
371070
255119
449613
104981
317416
344218
529910
25527
167985
246190
60941
264129
619805
673994
9329
52262
269710
19339
515087
34405
115887
659266
682477
473709
593889
393920
149552
83280
716367
18623
110918
168045
532032
71681
591739
675050
12589
269714
505123
359291
654704
576146
350052
270809
508333
21277
384516
375824
702228
495321
25377
576420
258888
171898
231928
564857
112180
376456
260417
243336
586287
10730
478761
227804
212982
107519
639288
12033
685307
22324
517097
331005
234025
703010
503960
681576
24567
308541
149775
85320
399135
702190
252295
72815
501566
402404
598254
6360
123363
90910
97916
533948
636674
283998
248179
307243
279912
404214
5574
629559
33884
560577
120919
34338
207902
71887
629998
414110
594872
333621
393543
168937
696336
529384
178394
115662
293516
164553
94511
22480
111613
159915
79527
157879
173801
40776
215563
33084
640740
6145
55452
488004
520055
689116
213213
537953
473889
560033
11737
545509
15864
252577
43152
127076
478996
483393
700025
14232
647260
587620
96855
329680
440782
671887
570082
562495
336436
296675
240382
210656
323822
158126
462496
112353
144664
332950
643949
5603
387369
359728
439116
264285
69826
35477
353297
687836
843
308032
699375
154908
168099
332722
610011
151364
451224
299031
425799
509699
81268
372125
577605
84203
417191
572612
324429
630465
269672
126562
414435
434109
169680
552517
285095
275739
91666
208681
247849
639258
220109
487494
166117
706679
382600
181782
185086
600848
550158
62790
188294
500168
440722
422156
381953
416787
55011
226373
286029
184198
276488
180151
200647
443033
655097
468039
513739
581608
525058
518346
473012
638868
279104
25866
8706
333974
545666
284956
426095
339783
548576
674483
351765
508619
648670
688137
659383
653923
554605
576319
633932
249700
226296
613754
630573
122132
532331
91484
704080
587125
694386
302534
411250
419717
430746
609359
81992
96451
351118
318039
170339
279048
472889
442737
171754
172333
542552
511363
370962
441445
658711
680143
228931
703481
120710
66075
248618
427714
379274
450360
289681
827
323358
697724
134944
574225
255416
458762
229476
575751
601545
166510
140309
128875
515193
93892
160471
474059
488370
376837
692097
531818
168136
317481
711879
367244
219167
581586
582685
534915
440764
652849
529937
379695
490583
267938
36003
150083
264808
14783
520296
489421
360715
419700
389725
231243
695732
571439
79896
709679
354260
503374
260136
165208
600007
29631
332575
115376
116864
103087
104297
396882
263775
112384
80148
440590
256356
452294
598756
144128
464558
217658
183079
700360
154901
114214
243103
148809
222388
410846
700637
89752
446411
678256
315067
262207
584986
217391
263223
40539
225400
434807
712106
684867
90892
414096
256087
576046
596505
221886
695195
29973
179058
581787
302170
516032
88192
567250
484633
670860
92493
495601
547766
529544
674007
363521
402072
437357
500288
619131
123353
686242
392293
125624
358306
12974
127343
431677
693207
159136
375312
499500
682439
658543
637801
196198
31652
614152
694816
624271
151566
200818
91719
712957
601708
143577
585940
690457
591012
72815
2945
710369
403018
635276
399218
80093
443616
711872
435326
465076
94424
380087
20404
238437
133122
326242
53862
665890
123875
134275
653250
33287
299644
288820
13014
714654
203826
122413
191081
72702
298713
674037
650448
41325
166496
277071
601116
177336
402624
593130
454468
246341
13054
318497
421206
342568
624904
419736
97357
312876
327435
610589
1501
627060
502003
9766
233879
228627
461260
561898
707879
276095
549525
374809
43045
39422
13557
297020
526107
511266
51287
685537
417741
62663
393789
273107
507434
232361
387468
88982
413951
634758
431179
666612
703879
263180
162107
67364
576809
482069
27106
663861
375803
559501
602733
670939
299037
135030
149515
146469
354886
174702
702514
649364
411441
643438
569143
73287
112083
30654
253696
231294
602376
295891
320168
485459
512942
87102
621864
349150
666742
229047
500814
250358
651904
296198
550654
488093
438945
487443
278424
169
426645
694062
29911
685348
602856
526575
196274
22315
209101
356341
619673
94333
586112
55822
372167
532124
469880
6405
59811
244713
82467
43300
597411
291653
404743
377018
402404
166185
138914
541370
90730
272116
53858
11709
553279
11295
222573
397800
713233
6102
335711
239441
696414
29157
164054
203172
653992
82686
635951
92832
307762
232246
453084
361814
645778
283636
188028
27191
185580
585703
108885
294462
616926
249084
237608
301593
554884
512587
568496
626653
576446
608273
416969
125053
156865
89985
595663
77485
378582
202512
286186
392674
180214
714797
198268
104134
703834
438718
360589
620081
127760
520843
548204
87716
67865
137950
516413
456351
3718
471
285388
534220
658324
543077
542816
265834
613336
507750
333095
493225
86304
112467
416496
182584
594869
488700
395787
104307
546107
403024
683588
137140
110793
53323
598909
339015
232075
613552
34548
126665
630269
594447
323561
320555
686105
200886
3317
426220
701777
326824
630295
17532
262407
225857
360387
582615
318265
111379
59647
225852
401400
100690
226983
3775
525239
143119
643633
591698
564006
397837
671850
365282
382971
580630
523521
261939
204471
453233
331943
47396
319975
166577
505869
333544
445339
654486
249669
516975
15782
168876
59562
288204
199615
303683
687396
314594
108339
444043
536815
376107
545694
646181
559687
580281
162583
555538
572862
108761
602404
649815
498949
286425
113994
615477
495861
562659
561924
223720
363490
309562
383881
671179
426789
8837
913
414055
23515
606337
365053
214162
90008
508230
113515
691989
564478
157462
350618
58471
231995
621850
626525
238177
361089
314138
156302
293070
466639
409998
696240
485708
577841
672399
662108
147013
647871
205723
411468
267425
447862
325808
192126
489257
626330
114459
161956
360543
15338
249935
25758
168126
71603
245253
419350
254886
4757
41734
196544
64841
550589
516697
672473
176743
125450
460978
118769
272791
231233
573170
110561
214736
611181
688917
53199
578153
163382
114409
714456
255028
469227
197912
353649
170784
367531
9911
25923
525094
195564
323166
300927
1286
417987
23870
457703
353086
237211
417851
226005
373611
564036
238882
270169
181712
174244
69249
464863
280307
714455
274388
69968
647973
82732
677329
433196
570059
282356
452944
497107
667653
41366
563189
450580
312463
16241
501597
377607
171145
130808
63909
717858
681982
311276
11568
495306
647720
669236
181681
544480
707697
12996
675354
449908
642784
641813
619685
102896
684689
136749
228896
389484
294401
45413
259085
204110
9920
650420
232819
173427
334763
51265
315437
263859
218361
431646
34576
21642
256638
414178
127882
372158
362740
516664
110701
326171
132049
377178
490047
281865
116586
279751
130495
526387
313874
255652
110962
616264
310
239437
125879
193539
462690
269279
227640
243198
517219
459884
448201
674191
296018
230749
416476
114358
127994
409293
651101
550015
282772
582180
672978
148926
316742
598817
411023
300282
233592
433905
60847
590733
346177
384686
558265
332077
573079
128511
54679
420806
568078
295415
287631
505217
324919
3712
493882
636706
616897
607179
582957
222974
158868
465473
271235
440966
29182
622538
267984
633971
72597
306000
196760
65702
213458
283938
92848
345267
445108
181490
299165
417149
140891
622229
166258
54043
404838
138830
692595
173288
319195
542452
300639
696618
591876
497072
701514
318354
641033
292869
581232
423091
33231
708472
69059
82147
353045
18519
249859
172985
217000
130279
187701
506660
167757
72670
83671
145419
601104
541729
314387
657834
551827
681803
170439
361983
58014
532068
285982
373320
139369
403727
674412
312829
388924
174416
557300
134126
24924
182544
187698
11470
591263
403256
630819
285637
421007
647016
693861
34936
202996
694556
64385
627383
456751
172333
318072
299960
239014
445605
493101
421988
420770
384638
316610
130531
663934
430774
504852
56872
46612
484442
144708
483064
486456
95082
353041
414049
156011
563728
363382
34275
483422
637489
321079
582047
712245
232352
77812
127346
95630
264652
655396
52128
583019
515845
401494
123458
366578
597177
486150
549860
324819
682511
269782
234933
36049
234464
452254
354257
242547
358259
208914
291538
393138
267203
313254
674471
91310
702615
411997
369933
481725
103726
408636
651402
692056
363369
301007
524463
109306
44630
634140
60061
76058
534164
323320
496800
604302
136304
161056
85288
592447
448675
182314
696996
49951
548432
594523
595368
395214
395037
449151
13624
457559
347451
40357
414790
149603
328590
544470
356480
647099
378919
106027
461166
495985
200241
293827
537954
644822
126847
509336
438284
505693
629902
654451
513376
573657
634599
626049
42537
640346
701804
436016
293886
502454
124006
594208
301090
128512
480160
678464
476301
264226
473949
119127
278658
665269
207075
111287
42494
446973
379358
391722
135389
452772
417140
449136
493224
505483
84023
280194
329843
84120
220777
433768
675781
35841
85553
509037
86821
225139
462020
468137
125172
649482
521243
596504
632592
361964
339088
215559
656547
592757
545800
94723
578676
383755
498340
605142
351784
117437
11987
700614
114128
563424
583617
690345
246598
520404
265686
440551
322259
127707
539869
227579
436084
396146
55539
656912
531918
686740
65091
666582
698071
135987
103767
215601
578480
54233
578656
394471
148804
414077
606987
257109
329494
368434
32235
598216
262863
372603
552931
39204
288485
180119
646356
12241
515990
103492
389546
444757
190749
301817
126999
206260
562594
699553
594208
570798
373809
231611
388504
489875
335565
682439
534749
268647
300016
327798
147335
388771
175174
554014
603140
221667
545666
284100
71960
214810
404690
467781
282356
155104
50263
323168
690492
41496
496717
295789
363562
561219
212022
20157
408905
291441
586049
32849
520226
560479
46840
2799
597263
229257
633932
375761
276714
137073
595097
447717
205039
169707
510062
349390
402263
467559
206605
651754
522317
374168
391629
368409
181307
98359
544556
395699
705918
415928
616233
98437
104209
99969
605666
705065
444892
245475
25126
109527
160657
218251
221494
638012
612609
283952
347055
263203
25262
214652
672999
291732
13866
32177
340074
173871
205191
368573
547895
520731
327551
416041
485006
428875
367275
596065
613345
409510
136073
456143
697638
712529
347359
362431
25026
92905
548564
445559
60982
583976
10392
548052
449821
578315
25023
586111
187456
9538
434993
240349
468475
381431
495917
526069
282672
321868
384546
37155
176738
347893
441314
539293
681678
660158
324361
181325
167607
220132
31597
171892
264273
422752
12021
130826
173251
227771
558197
494186
626866
612505
248629
454882
331944
458220
496546
511996
212743
328418
479583
211046
395819
90999
671273
44448
416879
223895
16521
617876
182445
197182
55695
49235
138502
499117
487716
129423
184705
35023
452501
33033
105292
141011
277143
239428
417431
707873
413480
662066
297776
241152
390758
667221
305721
202795
212912
661551
347991
236503
591009
503930
87200
178432
326814
493108
583083
711697
556115
288521
282192
690609
583223
75883
522416
296143
117855
154541
631213
603556
295802
458006
328965
225523
532058
632864
525338
243215
318973
42854
394240
168284
354601
615501
510170
312659
513714
352216
661129
708782
406409
535571
502556
285066
487954
44606
423535
394581
384697
446082
125423
687115
320969
17975
386375
351295
203053
708147
32774
143989
365730
286368
556782
438347
666013
451491
505647
150627
234956
571686
624837
227310
612436
444459
19203
17794
168345
686779
580962
496186
368573
115442
677969
643443
89892
337642
57766
467132
516727
288795
602088
694226
521563
481530
15625
269737
337936
422119
621972
661908
606445
257911
631948
709912
376518
333429
243738
314987
160992
286324
361241
306765
520499
276498
29402
583249
531202
256831
655933
444641
680287
324939
333607
188833
223200
295205
145606
85918
81528
343580
303241
431670
311736
672493
439301
188434
95981
576400
243075
471723
471058
655033
123635
130118
566561
502231
343142
66794
352594
607601
78643
434040
459824
595609
595033
562655
229666
302513
429644
230288
320676
364694
379032
126847
311875
398600
424411
520335
49965
689766
568402
423284
27969
478508
648465
712982
383481
30858
186377
7594
593878
532761
209519
486370
50939
549766
633560
348432
400415
489886
560039
65610
126236
362086
615948
294171
543183
48301
124763
417651
281119
172673
133550
506687
250601
358352
259959
255694
296273
383859
56469
340360
317166
598610
296913
667312
180047
76137
682099
515733
559893
571962
484932
125414
571025
1501
641737
498520
63814
569489
707431
15710
117457
44644
377672
222977
643828
467683
242615
11137
65000
98158
709605
692133
150308
231675
24069
604019
404997
424712
490599
413795
89925
47209
489330
38866
435366
179557
259963
606546
51288
332951
300856
243345
217619
390536
132060
409962
466023
57039
137425
525993
590763
487
550636
287580
5536
121379
560832
196025
363339
208374
798
188791
393312
69348
385063
429956
190403
354836
598962
151264
354161
583648
319441
175247
486455
623365
651096
427362
251859
420039
385945
459743
618752
41323
29677
65910
14624
500045
126804
92656
70818
121896
716436
88226
86323
45186
298905
537169
147847
686672
532567
336991
433066
34733
35746
284298
371375
622328
527694
310445
254490
512362
167815
601409
557046
299918
250905
326596
304863
454754
234435
232725
7297
623890
325233
572867
715187
200996
539203
131338
131554
12431
58517
523600
373461
701209
695215
278175
476979
457503
242995
690575
340621
409525
362506
170642
593373
290106
646234
324816
435134
551015
23524
492504
705309
226680
53728
505648
611858
514295
364502
430466
97001
123109
654408
522961
62290
67377
704261
491854
497251
656858
300387
120800
53360
478132
461494
50644
602363
508279
101200
418672
596040
39682
398072
61476
641725
309734
15322
530266
108578
638503
179120
182420
707604
33597
96590
454060
261894
282324
271551
305711
1485
198091
14783
317394
88192
675316
239202
323850
252913
40896
38001
178716
595984
447651
81470
695274
687111
428527
109593
384533
198469
518821
408566
77441
23742
390204
503102
68342
590705
40938
164063
517270
474298
139135
697979
350582
78868
257892
183190
499030
479690
13478
61204
95164
463739
322158
352700
112811
164060
137928
292574
452131
143863
641203
543092
276812
431709
412804
393869
306773
343617
703101
282908
458497
520646
505273
439169
693622
265105
545189
459966
454642
123999
552869
486995
303355
270244
677750
29362
319731
122458
144910
243777
24535
295689
198267
480669
2734
220797
480239
272338
706652
642196
517847
599413
702444
487298
194874
309861
205465
623003
53989
673989
669310
524609
478830
205023
80822
54905
311559
121364
529244
113988
714059
70906
28043
96348
498981
561793
700874
13264
622919
497213
226090
341372
13284
572195
329729
50757
356072
462500
5105
106980
200763
265721
407608
465013
137726
287084
327358
416547
72941
243811
212151
571749
392139
644581
215000
324949
4904
47002
433122
446965
538301
128376
626261
644071
316195
485986
221278
514387
188715
415324
171528
691652
513926
600030
470717
499751
23102
704787
81150
320117
80665
266964
192468
233622
616378
483642
511950
12654
371807
672477
655977
353815
138250
88903
596298
707521
695542
631840
572356
324894
689940
118191
274203
101287
312661
717073
701319
444252
507661
257792
579944
148232
576817
128591
184647
196851
145542
576896
358047
96156
651011
251536
147417
560020
148716
198211
376430
478198
599
392311
66046
205432
245484
451041
294414
577432
707434
478136
119329
172605
23181
550483
634617
597977
197084
623738
568997
26646
255220
702198
431627
442332
291566
415040
507113
335656
149782
625909
109852
21624
711764
399135
169507
43865
388404
512965
60891
250674
135368
674182
639051
301691
654604
82086
315132
117232
60974
295151
439921
705691
634829
557042
342293
597868
535624
39325
643109
714761
156528
584536
490204
205919
590764
284845
171704
254722
133896
56400
43082
712512
133065
711564
378879
325670
474163
72110
670610
699538
11481
692939
53933
305565
450754
213950
21643
244630
298733
115932
381073
314473
526094
241367
143332
381749
11453
305657
13212
6582
110189
193477
271676
649934
557142
4203
64905
261744
675085
112748
52487
581591
223137
301991
94603
163739
259857
138665
502594
81209
131433
400969
9426
70050
63200
496562
111999
205386
451733
496543
407465
662557
364786
391063
515460
78866
62752
608053
64154
42384
73657
219377
227243
482249
153521
405160
470255
31645
51141
461166
576260
492006
146238
295679
665011
48887
465293
610865
379826
40890
405357
620910
558522
18765
534790
211736
394000
633930
212355
677755
219142
520420
546960
2885
161990
67526
35400
269077
11475
303835
183009
433708
152831
278931
425779
442801
706183
104974
374931
198871
683020
4564
11727
531581
715412
365929
354984
390293
385040
680374
350738
64416
182422
263772
122569
239826
414049
153602
210536
276705
441617
242944
212535
125129
43769
346684
200249
451398
101196
452009
325321
131606
97885
700630
150446
278856
584973
127835
544211
470552
260149
264087
555487
407669
247876
172746
204215
100948
550618
487130
498102
357514
717564
186578
117971
645295
633055
455099
234424
196103
354864
344258
395133
140336
358792
279598
56935
505096
606706
549466
689658
218855
256860
374328
439300
165366
9834
672331
279563
328957
181426
408804
566162
428879
487188
446217
461300
64675
269889
103209
137501
629261
188588
350273
31193
396383
340218
14737
79396
466444
155103
246125
261376
500674
585756
38817
395366
690525
592474
229337
302207
124344
354215
344179
525269
572228
703376
461886
88696
565852
703521
599437
376958
608432
429436
200582
30336
616395
204967
54143
157217
367448
89985
350502
199848
631938
577123
614725
670050
672373
604270
34977
677228
671527
87284
213598
422749
25576
134558
695895
5427
589454
301328
584632
143930
655602
249523
57679
366527
353574
51221
332672
22626
448972
640224
243168
507786
82618
395407
91655
65205
52137
164449
21558
573507
163595
146629
197606
221969
389231
386385
522783
282638
373279
220623
389480
110673
419150
119598
2529
333095
550493
714545
532264
457590
410468
673202
549417
502179
133312
488370
164375
408904
420503
348774
396715
130893
174079
201064
81529
681227
24865
383336
319670
1418
163392
61301
581019
479488
419279
208587
73241
482429
618692
283307
529812
13615
38001
56696
162811
608897
174355
661129
22969
426353
426243
486319
512336
26398
209186
519932
280680
278462
288465
564208
41933
671933
273644
699005
234230
167815
357162
430916
321438
121941
695208
34937
400031
441613
439753
648061
429726
449859
677805
22820
43239
173716
271682
174127
90608
521438
373809
424540
39641
324548
250954
462320
225345
413606
282489
14441
653668
75825
21596
372481
501190
510739
122634
506767
636334
67258
456059
405679
255097
211806
265157
94303
382228
638403
716754
486025
357542
345173
87916
21475
372118
81823
469715
297862
149532
643811
9096
472704
112204
236720
461411
141934
412073
208107
500188
651943
416364
113044
469693
563264
65608
386030
82173
426551
11185
523030
452114
583507
113660
317296
345795
251409
220920
5349
275332
484589
611762
485577
555890
130407
171052
317323
606705
455686
341577
123487
69973
369151
185670
717318
607423
259744
411465
506777
679504
706086
295843
18948
251099
386089
111366
505166
100452
397553
372256
74594
355782
3619
429897
10276
574199
50404
55960
354235
589862
61898
522859
140932
599620
220364
69836
221605
502761
340702
249872
546931
320305
696215
297331
312806
473629
194966
251197
507504
442792
437315
377871
396864
321746
28575
615556
403908
475716
289468
86754
446548
478263
126058
549227
85401
566103
568573
246154
23296
133522
495628
39451
72599
393884
166914
239557
516327
60632
376429
110002
324345
330031
134556
572759
186547
544363
699420
116169
707140
250792
517279
58021
650206
225360
670165
640581
188694
447440
592861
298894
298188
625697
71441
531131
596861
177709
512549
129175
14799
202833
217008
542519
86496
599567
245911
535689
448011
642735
88216
158908
559891
139733
180312
170794
326549
359019
434582
637745
357245
142631
450823
461413
128753
556528
499409
406069
319000
7917
356973
573816
51836
7132
541947
74822
221780
445897
379409
44981
674989
502371
205329
228249
24143
360443
300467
401896
536714
399611
505326
171992
664484
351190
267610
680233
328924
232787
24918
396146
1306
519604
125349
411469
458932
409946
577667
531121
305382
658465
120675
600447
389869
541476
600400
207075
360426
183836
683550
609509
673010
566524
468848
92840
58611
333495
108723
637324
138490
541387
547967
86242
264484
683575
88992
354306
646713
39888
230690
654167
52927
432565
279162
83713
632842
509788
521020
377606
548402
397469
551719
324805
135570
157
502481
261465
204063
351000
78653
242982
647846
482000
528658
34480
256811
89267
933
353485
298170
421902
442103
289794
44606
545439
47806
705915
261268
636665
247021
80203
333241
67826
63634
430333
60912
167367
551746
132871
253604
171429
34237
189410
176
622919
87371
590120
301354
582787
75698
535624
516329
623734
275975
639451
264378
291431
251989
399145
519160
711303
277414
564075
345189
94113
378045
538168
3835
70348
135946
144222
545481
654191
43253
199231
621527
461378
14038
201789
551939
364910
147784
225980
101256
261648
198417
267375
404941
505784
300929
235519
699680
401529
136603
408756
242597
635443
523995
545306
425559
109220
151349
469683
647188
600869
544586
547255
716661
222040
635220
158872
474564
510041
287599
531623
131257
546217
460086
446844
486656
649085
138206
442138
9042
505952
475949
117411
532741
694169
549867
501613
583296
616442
678011
301942
580149
248554
520849
156766
658171
610835
314011
23744
583492
396943
309252
295043
501243
465203
530899
516522
326828
244475
362322
32068
95493
666736
17768
44286
231176
475131
480229
538112
552134
36105
585255
189254
341913
343618
311971
689239
323336
103899
428285
520046
654095
522575
381243
53661
101255
401578
378476
198098
127821
172508
273450
569079
302854
15927
579769
202457
325112
323306
349175
283061
238499
493850
139636
648260
566284
530151
362550
58710
274114
419854
635883
463014
462301
642530
81809
442279
617466
570796
481264
671318
460374
564339
176272
244208
131459
369925
659563
64332
377461
285261
84866
677409
40556
494911
103511
123796
497328
115820
210200
225020
5017
139171
715832
269551
139983
32495
519315
243968
712466
68278
37766
7800
17660
695904
200702
680710
622356
628686
340094
89248
478391
337802
306697
550852
456101
169510
33787
478091
671471
474689
329398
192837
432270
192644
505655
511
101620
253640
212915
70576
175238
650686
164814
246476
275895
238809
142754
358042
540541
542100
260392
339105
52513
80783
293476
528436
107019
15710
693276
54871
330262
326396
56935
295556
696
4495
388412
121810
551947
230108
409683
651809
212305
388585
622873
369411
107829
684969
624863
654379
379151
134793
386868
427446
643346
251489
424581
381789
126702
2638
600729
1365
296579
159058
536593
150853
476880
531735
66359
528668
266329
237749
127559
355558
347618
116598
117516
120937
150271
621881
167488
210780
248677
228708
43132
427663
586935
153395
280538
569357
304756
543913
681302
202457
170003
203256
385459
293738
541129
124286
445177
187496
665776
439666
99208
59129
544099
522254
361926
680729
683631
198190
431831
655869
493595
624184
10184
94152
101833
285245
360593
628628
688123
79172
94396
92280
180106
172713
384982
539479
696966
260187
149744
567033
160256
381857
186979
195080
478013
640949
579921
247119
572943
112422
703334
203190
283210
51599
521200
154102
197735
471759
485703
603417
525561
121049
645150
50454
288092
263865
625660
77128
28741
263097
683396
519884
17641
499221
164255
273817
13388
472414
207224
422246
474513
500399
207603
361696
257503
632595
88402
189843
326358
706457
677199
149941
610664
201938
310570
263101
259669
192092
717091
382962
708540
602673
388374
116228
478156
546985
631302
588127
349691
559892
246770
361610
13565
144805
234628
204679
471862
285927
189969
223206
642143
244121
591765
77680
665302
415445
544249
509525
470443
714551
267888
200078
269734
704557
569547
492476
12621
628454
146588
89711
367487
428005
460817
178720
339076
353585
677839
127784
317502
658490
231559
320982
136659
239959
609872
128667
478767
652213
509428
541678
692707
505104
422339
602543
201080
673323
425600
232542
639205
18858
73770
548605
363691
642171
91686
287388
105343
90105
567244
58773
216613
683419
329399
124227
159007
716201
265411
619651
423327
67014
464802
629319
196909
348955
472989
681677
597146
112639
640558
341533
97554
24885
210961
550929
51001
635776
529617
305328
31870
75373
84077
149828
434735
590031
274882
585323
491985
242617
233344
229195
612419
120026
697244
109520
433822
150230
174702
416646
668142
283363
215987
25269
657256
680857
317835
266812
603143
305518
174244
136146
511174
685649
227796
297995
159155
461695
378385
14254
348256
361019
484618
77215
303291
361406
428794
574594
455561
507054
264093
576116
174189
702787
706284
314956
150111
78387
413822
627176
136604
544100
321877
116838
672454
133772
581830
532817
610367
312564
709306
602826
425917
353315
508168
708970
123611
409439
631101
549841
610967
641272
330730
318272
684018
15682
190234
465394
430022
664109
355919
477403
330744
285331
102807
342138
437056
532533
607792
33930
677829
131885
394155
194509
137878
289213
457277
566522
399878
563746
150569
370776
208559
73240
275692
199408
43432
508514
469663
5595
418226
393629
78902
715083
78086
716194
309255
704308
621389
604520
89111
592723
466437
632973
101665
269176
634848
248399
294512
107352
457384
383473
360920
604681
556065
185734
538892
440499
237105
165131
593535
462452
233216
492958
576707
83051
202836
490336
159748
361475
170212
96846
175097
144335
546279
34398
172085
44646
451309
265749
627270
648523
713715
34868
12500
352672
485302
38934
641966
136790
293841
208418
250708
35469
185765
699997
51186
119945
280470
400124
344085
562261
416869
700541
270490
592737
691206
540428
681406
66
334472
277849
99483
690296
600615
400147
476798
636098
327628
364305
503451
291656
386339
523333
197263
551667
304514
306124
161816
190194
526397
543860
64742
647721
111623
282363
307186
639252
255096
211782
436405
364694
70383
288632
672647
316355
10453
185326
327867
395210
437452
383432
572911
363103
392377
337108
320753
292592
90494
3484
432410
389217
533948
187671
278288
369274
343467
489486
538352
18307
669265
208054
519631
54008
323242
562493
629158
96928
269297
572348
626076
186477
91464
554651
527703
55869
136139
87305
714056
249992
558869
682224
243745
668385
643594
604368
681215
457495
17228
313402
610211
91532
83769
649890
360450
47986
632690
415973
349136
590328
494643
565811
504091
668600
284837
317153
73998
210570
38578
514714
254737
484737
374932
121854
423316
26131
227310
353286
271866
454796
326825
686837
304676
626800
228484
661685
623900
596570
611571
271289
416
438412
592803
561451
682231
206186
264089
300546
583006
43456
538172
225786
597691
715715
136675
279785
122586
322534
160643
412110
127079
520038
61586
244660
711986
517152
709440
100491
472949
440604
488739
366179
146893
640473
165032
514022
53434
695214
609283
55367
703611
429530
328565
577657
286344
644855
320438
447879
673775
30954
448804
513520
4069
38432
453243
612095
623915
323120
607730
118339
651551
661898
30345
414146
529998
698767
683906
644087
376456
500380
287059
238946
35172
13475
661242
686262
315926
445792
256873
42070
112427
433128
349549
183458
84047
343824
20600
595244
41339
48972
494023
564199
706454
578933
422547
444445
681905
144903
438745
147453
264707
396813
574595
606240
443057
97043
250150
643839
71109
633504
235765
518549
688606
422939
117458
467830
694043
301280
471375
368230
568094
190616
372598
22442
458418
87043
253729
118834
255360
716164
475320
592270
33435
106193
127802
411145
205883
52491
428059
144336
135811
611586
482526
214047
709545
340984
712508
179948
197848
448847
444479
587853
458382
42130
494471
609012
550786
681704
348854
28522
401734
374227
483050
681434
468018
119404
715690
297783
275594
274337
696450
507005
183825
285480
294208
549936
174195
222546
283679
150065
563075
433888
321998
559261
311295
204064
71145
621005
504762
212176
398940
242655
126074
451041
16835
656795
151594
664600
20568
624984
331334
140933
117750
291508
508182
141308
709913
17367
412908
224801
420236
2639
158706
409912
545178
354581
690890
593635
506520
359059
96740
524772
108318
458074
249390
434386
503381
396865
171704
682313
490929
650239
567245
436331
94656
653259
539451
487839
289008
123827
446157
76136
656752
169902
379895
146277
600399
190979
314053
121696
16292
641905
293716
176738
132549
328363
7479
210628
86960
244070
489785
527677
635927
83209
674585
603132
108434
560941
502985
601552
109929
630348
393409
248465
41908
541511
322482
469914
635967
28171
118096
70733
361474
97386
395019
84024
110518
634346
684633
119944
622581
172508
489347
278521
257029
318722
123195
472922
447372
589872
193688
672726
35415
91366
688664
27352
150221
6746
188924
186129
292569
474382
660034
149574
397956
193103
587771
613180
717848
23742
103875
86293
644842
88109
109622
519307
61444
309714
238087
661603
183228
584710
226931
131145
519268
250237
634827
511923
366573
654326
597945
324877
149714
505939
390234
142814
513588
592857
524963
585177
438568
303759
567452
494310
3675
182957
400413
80233
693445
86426
40467
554630
177897
158826
639200
363032
416097
636223
182958
232082
451102
454577
667384
447423
531918
697556
190369
409137
508371
158712
78997
112869
541939
69361
575720
649312
526794
71481
138924
149981
17624
329625
715164
383209
315
496434
567029
587709
481801
582782
14254
702272
429971
459058
64285
633162
605963
223201
587854
594138
301167
18187
5225
180402
620648
264553
266933
468245
5354
92972
626949
330394
478977
520371
64986
256546
636210
446252
402804
58538
220727
382210
162260
624884
577888
288193
233177
595802
183402
450905
120471
325394
578064
216551
55409
377288
594109
314064
506595
126257
145054
233445
460672
64605
492803
347886
264336
638378
462768
76520
522797
6215
197870
706803
323116
139884
179148
469006
33401
26476
33577
282765
626896
216286
116019
98871
696408
394422
333891
167153
372603
248830
520588
266020
439192
111827
255464
635572
218041
187755
401811
110808
73886
110557
37124
382391
141190
64576
510242
145471
50331
658997
678740
19149
547591
365928
231033
120689
94418
225981
476302
592462
225982
489014
125487
547247
361054
112945
5798
457847
584522
224529
693498
405604
77788
449700
641909
180230
512774
679164
452071
401452
159639
463825
572136
582561
656849
135035
73726
627726
493742
107188
684021
688123
555555
633534
156581
576878
584832
538741
126761
195247
406552
664930
455869
177688
617671
46497
331922
284476
73037
655793
14595
356601
412069
265894
324287
375253
586027
70212
711989
364787
404204
508925
376054
533951
346912
151829
275176
371346
461828
20655
582476
45667
409041
143110
113907
43818
68611
556759
308129
70168
557046
552882
225629
318531
195660
28891
552805
65743
12584
547207
379963
258516
195124
426823
38932
435771
674172
294
299423
548115
393306
306409
362594
701027
657779
384245
338193
381440
357590
110741
190697
623085
76535
183831
583427
459732
675818
527297
461499
717324
160931
548419
318661
408577
540052
157172
348417
13432
524215
375609
714041
48243
426925
295802
706568
583372
695340
490444
104258
213679
24176
354209
247593
251680
174190
489640
532511
375642
286253
290609
149261
215837
493022
707934
588618
238391
33846
553279
625801
653632
575188
195016
685833
332743
458071
197084
333323
39764
607961
317501
437782
681834
282690
286448
362794
73298
702831
523936
385736
455504
290313
464634
665795
493525
118968
309100
485907
423656
579702
319568
184338
16911
715703
190836
488711
411020
246762
43498
46141
419723
560084
41559
177103
378176
155943
666725
686457
662983
315933
286185
211539
717777
483049
81289
498254
415593
265032
562835
120674
387266
197874
95437
513038
600505
296439
63694
56684
23522
46270
183915
379448
613753
429194
327193
83676
691709
159798
398904
458497
354886
332868
330947
335358
450133
452698
162469
125288
175587
123701
488309
196041
396257
240091
448012
461676
152828
651221
594142
486037
496434
195319
479455
664483
280622
415951
167952
22657
247688
413394
325676
207582
711796
709912
615242
404117
189781
319885
483159
339952
682820
88384
599403
685498
284793
309753
374861
655289
357990
24463
54349
6067
13586
631218
255090
364061
128384
225778
363443
406265
534546
73029
73020
255522
700943
440619
548361
64504
308446
622161
567125
143359
702014
137906
657865
534746
686990
440145
3775
122703
63769
165308
695214
461677
605142
125782
200052
210524
82385
352215
147003
523759
101675
317185
44818
603852
221303
116076
565530
474378
51131
703402
592715
201757
441703
640970
4609
651172
519995
1059
632040
238025
717223
33293
647511
682888
34027
223758
262600
412844
529758
639776
138784
372376
48305
29492
106682
457693
137314
588922
271673
418813
308900
517024
100571
670041
293128
120238
259809
668582
400774
489244
110494
251031
188633
350612
485752
338651
23871
392540
148179
179529
73988
19518
579964
175406
660269
277407
101861
261956
54855
119349
366802
187208
164459
312995
300737
293846
84231
534785
600238
591791
713382
549930
648479
528575
142189
11945
392849
676772
129338
655810
493813
592860
313018
485280
281146
231343
716521
512468
47202
291829
127074
560754
290083
492311
245428
707224
129348
97227
569564
165844
471540
585166
289187
633989
169707
675488
257586
640030
207617
288640
662610
426187
663828
259211
200302
665415
167642
54473
465116
703771
691965
494754
193512
428437
310928
239911
332545
20792
223249
111406
23667
663537
168997
363755
300920
327232
468846
474597
52697
521718
400159
557787
394743
164085
190561
616764
452690
405541
708696
396822
435207
690432
244884
191943
266698
194925
302225
564013
295992
169547
466768
263266
201221
589046
36685
497286
466535
145331
98417
400322
549396
155216
493308
532508
712116
566697
648716
377286
221860
451561
302489
286549
585403
225931
403575
629808
711312
712200
454060
218987
489515
703746
287971
358782
654361
947
25577
457338
419019
379657
602454
701337
511595
416304
132774
289530
148605
341980
659188
88232
341862
277102
278834
187184
717301
593641
618209
309133
261380
79570
345342
668176
492346
115594
356945
263910
258930
594393
94685
79075
124664
632143
338566
433477
611796
325721
226331
537282
428568
588011
535853
362595
107939
239957
457155
409558
177987
231611
551589
308225
243452
458440
345512
663604
311750
474504
267349
368075
26828
120503
540104
235336
502639
622838
77215
2505
517475
612427
293127
388362
142568
134908
473631
131798
55911
489177
120047
11656
689169
594274
671979
89466
420965
393145
104297
676788
407946
22792
205339
79946
221844
690912
576868
558645
671016
108386
452771
136964
443444
707935
283320
190836
145442
81679
487397
351348
22669
50162
171780
470255
326488
712384
511300
60938
691415
390345
670424
243174
465395
431984
675504
539661
118725
188232
348085
563224
155122
403572
124069
179274
355579
27710
717555
560892
219723
578064
338634
203052
691388
32995
144942
516880
84690
404906
35928
388049
75779
314983
638831
546501
562216
639895
409738
159564
273008
13784
592950
413563
181263
358453
388339
146023
296742
318706
215294
697032
81233
642253
520122
274063
81662
615697
491227
516551
23093
328328
689169
237834
406178
88464
4520
600950
201252
46772
270864
468015
297705
435741
688045
124628
123990
643986
574804
224106
130134
38761
482533
146115
51307
227100
199948
609746
56457
226297
477830
454506
134947
255214
553156
184450
182688
360300
263792
36771
70731
287779
656978
323092
674173
645740
131798
36547
304618
459528
194430
637601
605967
309730
8836
331621
550173
352022
1373
257698
514630
530095
166802
223549
410117
224502
375877
580258
540123
585366
298825
50071
528843
4396
302723
467354
256175
85359
532868
458651
617516
359410
190406
638133
502879
502068
641460
517101
89581
317046
661451
253192
290806
237148
691544
408326
126334
545872
573248
458267
93416
504543
33989
691488
573047
228256
413582
245935
198730
115270
120637
237387
579401
87621
122992
410340
600293
298844
195981
395407
623631
314311
438105
295695
257170
174329
632995
311614
335987
408717
437001
321622
125782
703812
105087
24590
185849
553677
465470
238582
397977
352078
636655
684168
176573
374981
13432
320918
395759
239494
185654
251769
78973
135015
196982
348069
173459
51651
348783
663516
124250
311846
538455
298043
589200
300912
226357
396217
80209
319390
159461
442731
174137
607313
449701
598630
9395
287041
388377
336126
590937
125976
265380
301641
583079
629129
320702
440690
648416
159720
120502
478103
359767
56783
115016
270881
508491
428434
73861
92913
536825
28735
232524
400039
568416
34179
645650
223059
499474
178595
393531
525711
440974
288103
422576
388409
286217
194113
615520
9703
501407
202753
324863
716214
75568
407420
333634
7332
80699
95384
384813
710373
642921
55183
684625
186951
389160
1569
628280
553725
439180
617631
547727
491040
704946
65037
498766
499118
233234
210318
288581
284037
345776
497974
466577
333740
675426
269044
347619
611014
91361
201099
26987
202390
332804
166654
88974
272564
300602
327086
229089
458694
418302
251037
471466
631109
524773
335662
551082
564984
242794
80094
300469
561397
694271
113134
335441
438302
482903
562778
380806
65615
578077
709214
354260
377853
169881
623894
498789
403803
195534
54047
525450
577642
431634
263015
568855
471991
250704
210968
236489
594840
660533
628453
659974
601967
469604
442715
419896
679942
63415
83968
23744
674759
73738
178914
71527
692997
282272
153896
589988
444510
423733
22954
73421
548593
402156
281172
248419
474775
682094
324465
176962
373215
609538
37727
643609
334677
4286
141727
317050
275274
697357
479590
716411
412501
575555
638731
4162
123987
455364
104700
578419
584703
646356
467035
526706
461057
710456
156461
115599
282284
567029
277230
392083
568675
298496
95666
217017
714225
403273
478497
488802
505871
204360
707635
115549
684618
612396
129188
534686
196174
125029
361769
335771
625390
70993
470029
350526
373188
47464
285487
236753
61612
382808
674457
131926
399668
301472
288712
673644
476198
202225
332364
545161
512125
91341
586242
565850
148672
601453
533457
72942
218607
479713
235106
115150
337021
26393
321491
267529
171886
130010
557182
123744
12793
524621
95763
105011
558858
65161
706544
518339
106443
362366
27998
518326
527311
377562
149981
328861
595258
705119
217122
379274
645948
575774
559686
684658
284309
168964
684435
687660
355789
595483
533083
31303
81233
595653
357963
596130
453178
306569
306744
34389
552140
381740
662993
614496
168378
704371
240738
623719
407551
197136
708810
290506
486356
65713
497356
193091
4605
652122
29470
411247
653625
248379
273762
406062
130658
181987
38056
632376
583773
169305
379961
52165
340464
160807
89698
71176
473362
140798
163298
448884
262462
34735
105076
582507
449571
13667
70018
630920
348957
630727
515192
232380
283676
156565
19638
197182
370427
697162
669948
329287
390117
365902
667150
13506
550062
392902
322957
152340
159486
124878
296391
265749
219005
115629
611421
300721
696649
116547
420620
331006
492633
399735
398161
3150
523685
564447
85479
564500
332554
62056
29886
507813
535676
275137
387189
391243
539506
214676
301593
309305
60720
520496
693765
54084
338551
34072
501834
8904
232710
460030
460004
666361
418145
415077
535867
602377
274988
658541
264814
509653
414795
50478
378703
345
250955
656465
558098
571610
498837
574520
292289
40618
445230
194310
194891
563694
285280
45043
187511
436747
506216
648060
304875
258660
515361
304369
237418
395413
624656
102053
652264
566247
701895
382936
269938
72071
306940
297227
370484
71829
706372
535566
8059
341069
380349
192643
514253
268738
102684
606295
670242
26780
340
253969
672239
334359
26551
543336
285587
86703
312114
11462
206286
18704
400163
26544
264585
131270
323770
1425
248434
570825
199348
361687
362935
502199
282001
103095
111612
608780
59948
339186
365715
661040
96813
665043
255098
236569
333569
29080
581641
86341
149146
368929
357514
204884
256775
79010
459362
699690
481439
61134
565010
294029
586838
690162
25995
486923
120689
481227
150110
587521
714706
589099
368531
343797
690417
158848
34474
629765
273952
353898
141043
380252
126547
265793
180609
150262
662341
669017
374150
279739
483044
307106
299702
355430
704154
396217
338984
460537
353898
619389
569945
22313
567512
200437
289210
595178
477949
118773
464138
631883
104214
72315
295263
190106
391440
288631
368312
53695
552309
692939
149492
576506
259488
494325
446574
646937
200247
695122
298702
313503
112582
377160
364472
555300
529214
346399
348684
453901
448904
635905
591589
454515
612679
601080
694902
71400
490680
664219
609658
81710
557918
296675
127072
299334
656176
144819
533813
489698
522759
623295
537417
705575
525460
202212
12409
73988
478000
188057
700679
476089
223928
150584
660794
543456
517142
640954
334544
174836
541452
68985
681781
22353
158382
202857
262166
27927
450037
6868
41204
103859
508384
238171
294647
251984
525049
385736
161987
390293
403671
300169
133459
126434
182263
10871
98221
423122
419962
27874
675491
415137
410696
291946
354340
194201
557629
662005
679401
574120
12248
707175
59160
410474
559773
348903
251680
443186
679408
466589
4421
256469
712671
318971
311136
296571
324344
660121
627800
682064
583416
563617
57990
48384
173874
694622
540515
255373
328069
246066
541539
370957
265410
127873
556953
7558
58817
325343
351462
675626
90921
235222
533319
695633
326367
444702
67681
502638
83710
431495
164054
600506
717374
694303
102312
631534
612574
411745
637282
217583
333956
512090
601293
442120
223452
555646
100457
714955
531391
124100
120335
691151
571776
666907
76088
638399
436153
38030
341923
660291
471490
606694
454350
553001
11190
319389
376377
56295
248193
8231
107246
283565
270558
539355
630431
710042
367123
625108
124636
409117
570559
55570
361364
263642
53651
712470
57218
225611
506615
184684
217420
212744
48273
656430
436602
567777
127018
674038
44975
285480
126234
159366
258182
594463
121531
651416
21908
459715
395698
559407
714548
502405
641306
21150
162021
158233
48703
218079
518289
223469
637526
429052
595876
669016
357614
204563
3330
225454
20110
371786
552017
41872
237646
383584
368457
544673
369158
486189
704049
199257
157289
691735
416450
243243
230600
501796
123650
546561
619972
320305
575502
678751
226170
133957
403336
676052
537354
14028
550211
621663
569767
574742
227855
582896
173730
713
376743
384029
155805
40163
573315
96542
37665
157216
577771
517990
188617
391642
207298
326815
404342
461597
313296
570101
542530
174650
56770
375751
493951
218724
264436
259197
238134
141139
257193
633956
45855
41045
406325
698857
480322
117577
502817
152790
213785
93642
293873
7680
532118
658316
238458
171139
364879
36660
692458
75830
329482
365216
620587
34907
53265
524505
137458
389391
223973
448574
334406
670520
438824
333005
598991
53818
212942
260379
314356
49229
290045
584675
25064
257169
595641
184303
366488
139449
511487
106016
285833
638357
284033
459464
237855
282960
666751
577801
203141
438468
7822
409858
502070
114097
181826
541565
448809
45043
225362
300872
658262
77920
157042
716684
129404
145053
331369
529778
420240
301707
550384
82546
399774
704907
354237
228917
197100
135946
592934
586116
237403
509454
644072
402570
624580
686437
407154
304732
515160
20721
333816
168251
622382
371161
176706
250594
687682
243034
23197
489076
188236
678997
493954
369796
659793
166432
630292
544509
499529
32854
663196
465293
639456
678241
451822
6218
457156
555576
506399
360583
19877
231371
432930
7479
448743
605254
379192
289584
3912
688912
122321
282776
427039
656550
714215
420071
635257
255502
669938
134080
245666
263351
591003
212022
417600
632503
714125
388129
567799
19165
10198
503943
123965
271251
59305
581374
291769
164993
467693
74687
620493
651378
400562
653918
415096
492989
603303
257517
521487
608566
681792
170037
606795
403076
103587
334196
447790
388533
563830
16585
98129
418798
369021
125426
397590
693765
695261
600749
137908
11399
601584
438882
269280
272093
344719
350270
176075
453651
523046
104307
450842
560173
14776
227179
270839
102501
522417
594185
555584
143860
232498
333836
330070
2577
351280
346043
245404
169300
597031
328659
576989
636322
516102
692595
350248
492712
392836
410237
356767
623427
288435
163632
587925
562783
210572
340085
60902
30538
304367
7624
433785
67606
531623
65834
682111
2927
679246
371298
633990
70765
372749
227400
586950
666218
100658
397557
583481
613896
120563
207314
677017
625108
516946
85183
361826
291127
514802
711474
411218
79710
585259
55724
34653
276141
648850
538959
432795
479616
383432
475529
433607
349051
37615
24086
545109
346226
314034
85918
609603
251631
328591
208499
611291
310591
177942
615861
332892
622266
663399
366863
128387
343096
526107
452761
323962
1063
43093
589458
436295
594740
40742
619640
602876
497332
291141
69926
266312
163482
652268
240477
698857
529803
563389
583360
256674
76205
399360
358353
46666
301952
462139
297534
371201
240449
715050
577794
49140
78051
252952
553538
526590
660112
608854
634671
693018
571315
184025
550555
281940
47745
160286
487927
365504
304440
457978
210006
165618
179493
488739
622223
424507
262568
715020
642963
479091
45283
39275
375139
587683
17995
566168
145231
292936
683131
260379
103929
274007
148143
94621
598806
355648
549019
355944
60974
449485
715081
623952
7708
182087
674848
124302
126468
259745
598419
423373
337392
253644
164131
321664
670775
146132
711792
312297
81349
672647
597937
677988
468981
243457
621912
43363
279303
217733
273967
678041
283598
112888
122414
665420
88993
309693
173168
415717
591933
536010
591344
108150
150277
663681
409443
373650
245145
653470
680443
203148
78655
662873
80362
585171
374272
472743
260849
309569
242564
6724
41547
175097
507114
646293
29492
197128
7182
328218
520915
3329
83582
664349
212198
413118
438723
338651
99958
556757
207546
433192
37905
10379
307547
123477
342631
424674
148819
342487
40032
61241
171852
348450
364840
63876
33084
540111
665534
511434
482259
236150
533774
99192
694623
176707
668583
72288
602138
186834
343741
1628
357721
331072
68027
583290
92498
362743
592185
2984
200080
79741
375186
370521
419313
158616
229246
281560
678038
706954
230401
260298
548034
50253
262816
675381
95746
493593
501904
607826
10436
321219
531041
339994
194859
99195
550
475315
414104
334528
684048
383975
418602
177726
525297
323974
57850
475241
244757
464871
258246
289677
504351
356281
415805
387193
264937
366942
340085
227579
707052
434039
669457
253569
249783
576660
264671
183767
609564
88973
462020
284223
492247
329412
91104
50497
465892
166220
49231
563701
151675
635008
79881
7099
515765
185701
458695
392316
369166
479232
700578
458700
474199
137306
386483
292303
493566
280826
18239
492795
244986
193168
701762
260351
471537
607283
446219
417167
279800
192946
521807
472149
209642
491259
483883
663802
187619
9252
424483
215953
240253
574554
390183
127157
626546
391910
498761
236123
272867
456342
210020
199878
80369
38518
459084
169662
477046
292460
206311
98526
71577
386732
347042
355769
433539
361237
594334
287880
352201
482807
21325
280845
219756
424555
655057
14076
159769
611421
438139
65155
493161
660900
431086
234529
221590
659220
238145
164007
654114
97435
197727
566790
519933
19754
551075
711800
577190
527023
231243
224353
341132
291446
249659
681063
258046
257330
259405
92995
69207
559232
103875
6419
156031
184881
167014
551574
65329
175247
443913
1472
162418
80920
620603
480230
43177
43173
360682
466800
246350
180747
177397
304863
513630
220105
693763
293233
704112
528594
107546
516290
393949
219832
710059
301922
356645
625025
9540
112057
113950
150845
281588
100382
540193
63250
387323
227937
245591
334877
250219
352317
254526
564223
687279
476679
198619
581193
195108
629921
493582
235652
557370
287295
124972
4050
195256
256632
216476
666524
458841
43646
105235
96855
24530
428390
479772
244361
639445
425770
437478
450415
181066
88943
17225
179616
691120
330653
66339
32470
629707
709604
171404
538649
117432
593519
199791
306928
291907
129760
620107
712266
627036
193798
46566
514647
632307
100158
415777
384586
60591
19580
3125
38726
37854
544013
710569
306478
538856
419964
222453
173163
399046
423743
394512
448488
567506
290922
215836
163181
660705
106829
19028
341771
60044
93593
577056
611009
195911
96924
642530
81264
684194
341174
619687
324453
530459
82130
542180
313896
430437
676356
695748
535875
499435
624537
617106
552681
528837
146425
200895
503195
499157
677307
7930
15464
454027
483211
31107
297494
300775
165921
161146
283376
691571
288631
230287
284611
95746
316307
20308
263417
198261
588977
531920
350990
397797
122717
441782
292778
157790
359086
344751
214581
471429
87569
96259
139932
46704
354767
264057
582603
142822
372282
521983
36776
499433
393204
643129
374922
297282
383908
252522
710272
16812
534956
469311
676725
456823
196274
227478
347399
276778
599006
565051
13239
437148
603265
425532
79730
20414
467633
324818
320387
579746
564292
233763
552591
221726
133178
267609
10160
220076
540687
192843
457448
58997
15232
673725
210020
210444
606927
533521
67369
359776
646659
109432
566595
203579
625301
160621
455929
400760
264311
301817
289201
216362
444362
298310
707683
415951
640077
329118
234999
587088
460943
163242
65285
380625
504052
492020
467044
20042
264361
283114
478761
196371
267828
694692
130296
16872
627778
148281
316950
598522
449375
444701
159042
480809
690672
285230
534981
584481
89033
6247
488927
47784
288814
426727
688042
626432
204800
215066
196052
252791
525315
617699
298631
139164
135310
57546
536808
485208
199347
634616
370216
336438
504809
351237
120721
625606
583749
697039
153649
344461
467006
35956
273296
653068
588391
17629
92459
295124
345535
319679
497129
150265
341996
218504
524752
297264
110672
345864
85883
339194
235304
603959
187679
360
200219
245755
109042
670496
388050
272597
207822
82791
683679
481984
101909
211515
561641
36956
455155
114801
416030
527751
601133
426258
7376
241050
257518
371972
54272
496765
620579
14867
151594
519687
145675
96609
329790
276564
133177
185592
181360
471069
559307
468847
600030
290082
91992
164690
499163
558992
202413
68172
679301
168454
160922
191962
358119
497527
395336
256346
579623
104813
234658
514768
701865
228788
401334
143958
648934
413795
322894
280273
492783
260450
8412
29593
480190
159440
495297
260085
158280
422123
475716
249367
685129
176759
398729
172640
647732
4548
333546
474413
609661
662472
15457
262278
5501
395019
524468
531206
96864
109464
407136
74220
672690
285066
505032
608596
566248
472275
484488
176099
201080
384355
280726
95704
347881
533214
681552
423656
615770
99393
171825
146889
151656
225408
266841
179111
32478
653931
337132
209858
326136
196390
292564
480916
48878
80152
175792
225458
135005
293544
282412
563300
429502
571913
392340
263988
427374
225317
229158
228751
94879
59742
24097
91037
688580
481571
704271
467593
398635
270908
216724
288520
474851
675950
250291
528296
149699
7472
467331
480165
495844
122
55796
561264
659803
133552
582685
388503
256006
467489
301760
496246
572616
309953
158731
437025
236679
87199
238772
212562
462243
657794
653981
257689
580403
303452
120377
268276
292539
387195
618980
84130
552734
123925
364813
694278
554609
142860
499625
695360
113955
141271
308816
651962
295958
493820
34142
384073
165258
594676
522428
411997
422132
271932
699721
242686
531200
352311
340256
440899
575666
440276
247442
187295
259145
332801
488433
322116
614009
410529
127455
211434
428309
607057
472780
525886
227400
702109
636776
365168
197425
713528
40802
553474
297132
424452
946
263203
532682
160883
265029
200072
85450
454130
385991
501748
283306
481509
668233
578156
162145
15133
148493
323338
330947
127142
678
277043
330995
609231
662286
105810
624184
562849
279240
7821
321932
555030
186330
293055
496479
633239
682383
608813
155120
129664
486739
528945
196391
239890
426893
533609
52300
675697
575931
140958
687591
440729
300414
323203
620307
523201
335785
326380
167529
422374
440941
53262
127870
123549
119670
98414
378730
118403
597370
328400
351010
675620
403347
385059
308372
573542
64355
402189
377801
49185
168779
267307
710907
247683
429490
261664
466322
132440
484732
405170
301168
537258
298131
309886
625687
245819
76249
490392
499463
24183
203592
346702
268209
608582
469590
624316
389280
393054
50480
311406
437582
310
94736
564464
466383
428255
106486
364143
36642
290734
429764
330810
646679
692451
314194
123456
532505
669350
216960
428256
153798
87933
218122
667670
688042
515074
588708
388122
492158
478993
249776
595595
486882
577660
99633
495541
50470
386676
195098
705792
170045
29062
622631
421569
120684
8564
285705
384906
609328
481904
612495
703353
432224
410357
340916
98382
452050
534907
546190
60130
269219
251030
362607
348899
147838
677429
634851
348342
258013
329198
668904
186898
672600
92888
479396
9627
348588
531734
310316
225383
620796
642052
641759
485129
87387
375699
105429
554573
705764
51305
65793
456714
86121
93907
518490
422924
26476
318038
699728
82200
114704
627887
298148
382157
714221
256833
246978
522297
415970
145075
167537
54859
437378
600144
334883
71763
219791
675696
438799
188194
220062
569535
635164
123165
708840
206294
35053
187904
41626
214945
671555
434998
123713
585816
49183
412291
140045
74731
329037
248391
546015
161992
593258
401492
353148
349170
611727
464154
173138
185100
385445
230331
400868
42004
675404
571960
676621
504094
254288
123198
529644
505449
396427
198584
619557
528621
517854
469744
172117
589875
415190
449742
655070
90852
303630
503717
662558
524755
705203
632192
682028
324792
610050
329556
433393
34284
653363
125034
699935
607719
385955
171856
659339
313632
226510
386388
327005
184162
412589
327245
350438
397117
676164
85259
348553
442505
711885
565359
670719
446611
31942
589435
437090
630348
321267
298146
282549
262779
640623
145517
306872
474387
411756
334094
239648
619715
688230
543044
67627
308154
136753
664274
528523
77342
135368
158761
694405
536815
225636
140118
382194
107760
187863
584378
301340
278013
19976
641680
500627
345820
461880
283213
504297
495053
398750
276536
365505
70157
683697
387584
621661
685873
378805
6957
516946
340327
127588
203761
119095
407519
489355
697072
302263
339476
305596
233742
410686
352885
99950
521538
62056
513299
410116
562928
514096
130494
454126
24643
439097
679505
14197
12947
90513
34205
490619
248571
46829
382382
389341
102825
525473
270825
24135
200885
258257
539817
176236
60020
129614
716628
697357
716500
131068
288631
259723
706327
438819
382391
626823
530712
49665
631158
93231
11190
4221
559068
305872
74907
208986
252168
95621
597634
53726
509523
203510
131243
707913
307071
174489
101611
62511
218555
615036
225551
354310
484412
695204
323901
355543
120376
392417
606328
330137
99535
150373
307636
441521
171710
420828
257001
510366
113980
192713
536971
508469
65708
126765
173913
139063
41377
126
657933
147781
279114
299008
471390
50921
8190
125699
530751
206903
293885
172437
627136
346163
468213
376269
233022
571806
691548
460505
292948
680370
324162
158901
353706
503193
495096
461802
534584
27956
32145
675675
389836
647403
569361
300260
404543
240348
153426
317218
13803
42247
311135
107124
298169
555919
169208
519704
377120
400028
151707
165224
81552
666514
486356
130603
656821
283441
372653
690093
594610
417151
711103
250173
127104
679222
579080
707600
266331
564603
300635
420490
335767
704406
453303
447425
46169
135894
595624
45630
661046
414563
94664
174960
582503
30901
437490
486613
259570
271885
64367
527045
205724
43674
239503
110404
202517
52346
521020
10577
340273
163271
137187
13829
226131
405529
549325
306583
512365
411979
604963
663859
589069
519297
689888
533782
304567
46424
715049
356455
647329
556495
529657
117553
104221
272369
19041
161739
512690
87703
102370
338435
67457
375324
409290
198624
555252
236481
78613
408776
255332
341632
310758
671426
116972
408234
328222
35785
228546
187511
320213
393825
346352
341847
51543
232431
466419
614387
434888
600446
501492
454030
475390
233602
626807
576104
703681
405872
467636
554677
275006
677638
567002
303691
630961
34452
345783
428161
394575
700980
402772
497200
287276
316462
310119
343739
524426
478822
50420
82234
174269
624863
198730
344258
221174
701117
125255
468245
86014
657500
290736
202983
341273
382945
64712
712211
529696
250532
139508
23012
421645
14940
503226
41130
121419
470459
265381
58298
556229
324194
586987
235663
63693
86823
177971
232311
232722
488608
409911
165623
542292
387356
234991
406102
68695
619835
367429
436302
398887
194043
461216
539722
527334
104103
111621
254493
608942
676313
156668
605680
334287
89684
498950
256016
631967
193513
422150
355960
118863
320621
466771
548525
110434
390892
505264
541993
91214
541481
20572
561668
483087
277017
674195
278551
162455
656464
627156
334059
477169
225711
92434
700806
349339
568249
307074
405775
455248
490295
641968
193244
398288
225669
167763
127761
133152
88265
480141
200760
517848
536572
211878
311401
558861
8762
93718
96338
45124
126525
81007
375992
286066
70171
704337
598400
153262
606532
124259
54754
378271
456030
436359
248260
708605
87978
373349
548289
453740
20479
133872
213786
181917
569859
123159
243002
355166
51522
670728
474308
439610
215042
341609
306979
10684
577595
689128
443697
43911
192405
52513
169306
697316
176298
247276
409912
707097
351717
713768
126292
223821
449319
557654
519189
58174
203416
245968
357415
493754
128764
551698
453483
632088
711800
534992
344293
715816
225305
34820
354254
73168
253797
521001
157910
635544
24405
79678
102561
499591
558640
106498
531968
7731
370340
489355
63997
579630
640866
39525
304131
175184
471843
128440
179322
554245
137539
353315
674989
192476
641416
41488
120285
426775
451346
516476
665961
506695
418362
622698
166990
215494
175062
84274
434186
531778
427606
716305
131279
594768
178197
283673
141751
548204
173145
694894
172742
651901
448317
608948
80613
610355
617656
41648
303000
95409
485871
587849
625583
270913
345617
242262
243624
635909
625104
2314
331991
71314
704322
342041
606712
339822
402217
69090
711948
54905
12095
530015
222792
30553
297298
180698
360479
506292
436189
664128
453721
494836
357987
200707
654622
347685
302402
167135
542031
75374
142337
640030
93679
83258
337311
7472
387996
658008
98597
680233
144357
562828
132943
634671
555249
384393
598033
150164
189131
683245
443590
673680
603656
662225
61606
90382
69204
565839
59815
610168
625153
157000
566284
207058
462722
679465
147003
322116
437870
432165
677369
289307
447833
211636
37076
130912
54466
127158
468968
13800
88363
163491
281723
705788
228530
273771
310730
539817
510572
633606
312113
236359
707520
313514
432609
360866
563291
666006
301151
41851
628665
604688
481169
231499
252772
222543
146493
55182
411191
439446
562655
93632
164113
489488
340068
451664
122081
379434
331944
167596
215639
114498
556674
65374
77300
289316
560827
18868
665882
278288
347364
475738
226017
267452
670050
545182
716788
202893
492957
687316
532032
86323
382247
28595
113698
478962
75420
97358
682685
36596
325245
683632
160571
166136
34154
522692
9447
146428
406612
85878
412570
329718
184800
246262
462029
10420
28751
114659
87884
497260
654407
614799
542307
478609
429219
10125
689976
558309
582760
195215
566642
67427
120809
367244
656486
702108
148847
499550
604419
639239
206752
704858
8993
121596
612652
508697
438610
407042
339186
244384
661639
105762
432249
576432
278179
115587
242484
468226
691213
399278
347615
286459
630352
26901
714659
630351
322759
199528
585042
543066
279262
110329
141506
224617
554487
36447
452575
552181
124662
408915
524556
321654
531632
650730
279506
664986
207487
204219
324140
231898
676673
400868
368803
623546
649049
193103
207737
497227
92172
536442
491881
653575
332468
420491
92888
623916
668813
285116
234237
299872
356857
652504
256688
462443
372279
172902
283961
337930
64396
313681
521822
239557
207239
423070
358782
152929
364840
164400
571839
153891
538853
342020
328659
319673
166946
124317
130952
201190
18296
113950
173402
548859
570885
349274
289930
658005
6422
573430
554849
605809
43498
412857
180848
216205
693828
315368
389724
364816
129999
148280
508024
284649
431313
652764
475188
501694
133552
34109
564179
624846
213638
711390
408195
89053
63962
163765
268208
172836
385906
142348
628814
206845
598251
35053
646486
350971
263107
309571
339128
247745
683650
638387
474372
526419
662355
84433
219970
262252
355583
56028
345576
155116
216161
527057
675670
53502
363728
525763
290138
1605
697706
396384
19291
370217
711850
503606
24627
632702
242965
376584
358972
206213
398411
422151
439989
646741
45104
46660
711989
317662
35689
288772
83367
200954
237114
715812
469608
205725
108342
241546
563713
652379
265722
226378
340464
493626
168203
217818
495299
56871
6931
337875
488464
280821
193488
364619
99295
646958
664647
348553
548717
374546
453724
247326
394732
279308
202362
362323
212731
161648
584758
313504
150307
74784
191328
393064
321378
123796
596455
446134
82211
187852
44312
170138
708284
324358
116183
425091
306262
170000
478581
642516
249985
285873
618350
677968
510495
455615
421097
205332
443877
531508
275514
207546
246624
325460
31411
472055
284769
183501
249325
695215
451719
282180
452286
295151
289295
519071
353204
532321
653849
503195
29711
313944
357717
490049
187544
63155
14018
623972
372194
536516
498960
682196
1480
243875
41534
390904
680781
389606
73983
631719
95980
75017
108976
204390
84972
625185
434613
67500
564299
643804
300579
457742
212174
630084
10436
118225
567800
107172
38056
178314
599086
257003
214724
32712
612400
404168
493801
516412
276779
184920
153927
647191
407821
523685
495675
24351
244243
427519
688532
696624
4438
347865
238167
197473
100256
103468
338869
228109
546936
376828
694359
22997
336088
332133
383069
609617
470456
710982
592715
8247
285370
489355
329117
239203
80426
420644
661042
245173
130677
674723
97771
504940
11604
92126
625884
177906
159741
140
663001
555125
690864
361960
299671
221024
640090
527669
311314
49285
162835
75352
648711
108482
104622
255215
115577
697636
412360
150722
366448
184594
178432
643597
464000
433589
516054
83417
166860
458149
653957
628171
650295
214377
706669
140335
538677
304693
341847
290481
315626
62118
238200
462151
324246
314414
544460
523844
379942
149828
339315
96203
164445
709016
683631
256255
192464
540906
280680
128133
180476
551580
205386
353198
470459
84085
43996
458151
681835
446168
649461
216428
453814
150513
131544
291483
155660
266857
232118
63167
504366
292
235852
513796
572937
475444
555326
638655
446551
522538
124489
527461
285242
383077
176576
376052
503168
156818
205829
357001
128087
453604
390107
690643
553156
345834
429005
90306
82159
717246
381392
710957
498930
112128
414128
356955
71735
599268
551889
616540
98828
569631
573018
127929
155390
316897
122288
93603
607062
622367
591100
211994
185347
502312
328105
88828
288436
279540
94564
32896
143130
264485
27629
68147
359626
292414
173800
318384
19083
514659
266104
692541
77847
10850
295599
165711
504712
278300
482473
238934
251364
705691
1930
203986
585435
432232
239782
108546
254419
594934
359405
112857
92453
460502
646478
418409
514831
652858
166451
354779
711449
233196
124972
524709
81880
197852
14736
226733
715280
142415
241978
350437
554893
239487
1627
506801
712526
550321
507863
492633
631811
157096
197153
646732
387507
676323
354662
406606
686262
320513
112132
378805
586289
188370
350813
553516
489605
511795
480081
39056
452307
129039
39444
137750
288009
74873
565057
417813
468576
680550
474462
188741
669220
435982
361045
151931
468298
512194
335097
64815
546602
79282
237125
597277
276502
15102
390095
199308
448200
159508
11836
376255
371461
280345
306284
22277
472977
423632
69083
596441
4123
35294
147675
167392
302549
172709
480230
104015
248187
189838
487873
198679
316169
433633
157585
209070
445536
79030
589210
15637
237663
73661
176125
649567
34733
5903
675816
46966
250282
454031
416514
245844
213603
526422
404539
68982
442035
380030
425928
7238
471292
420005
179025
87386
56251
640759
294172
167060
417834
647118
217985
85554
186514
392750
562684
17507
142697
551616
75373
429487
558697
638609
557983
226900
569708
565350
265442
284808
138248
421281
459640
130495
534696
245556
97283
168202
225926
697935
544260
597057
467981
616910
245074
688938
638836
244245
66723
491003
696891
644202
343515
661043
546567
288708
459623
575162
283869
514097
547942
190562
265838
105364
231615
618113
177850
432249
274974
413281
235500
507645
637600
257361
193282
450758
632882
269665
450203
316187
192745
393257
324439
533928
177921
282340
230104
679106
514113
605245
28072
480787
18397
633415
622677
173605
404597
259195
56182
539964
243320
192847
75885
507471
347760
201290
621511
380608
327451
409938
93043
459371
325461
59663
302012
394582
442466
220672
78062
11127
316362
665815
644958
82006
443294
354887
288528
71746
184218
3929
284306
460239
289858
59549
522870
580464
670066
323540
547825
228326
148339
582570
5020
154030
652713
523926
563407
304893
232839
7241
5681
498995
422467
182845
52021
12535
22781
193096
177621
175808
9618
583525
162609
7422
186759
291446
185890
401670
467204
153528
15637
713637
365288
639109
347365
134404
527221
121021
713373
371973
15469
345033
182090
65912
654360
524421
235819
256148
76152
427975
404577
139565
462562
505422
421137
510281
294300
59314
448374
443275
494943
273019
95815
670625
13596
872
57044
273300
213373
289030
311240
567904
309688
280279
468402
28624
212916
87104
595113
76414
390883
89299
313277
243523
648139
485958
272596
104836
704891
166323
117502
640066
171421
85696
636892
708287
45746
112418
703480
48708
484611
592096
140050
142093
330469
51709
102399
567887
285440
573319
401563
347301
156254
698404
391092
8292
463634
496877
231244
656612
327761
549935
411678
72514
78872
169568
228372
412891
111910
127929
81051
95081
278493
111986
532299
396677
612182
151512
221547
672505
412208
425304
322579
517424
528774
41118
24374
3231
668947
533882
714812
499074
556080
253294
94089
513672
364307
52139
159712
522297
384524
146184
432360
253931
93847
421857
240591
38662
553672
59602
431504
171094
469741
672411
479675
593336
503792
195801
633266
500396
618959
118614
441314
282909
516741
146552
448372
233361
662
13200
191755
33084
107860
138535
471698
35261
401257
127815
457255
716147
184956
139359
46218
451855
91247
498823
246309
264378
669820
530077
322515
601646
330043
15472
567145
405872
376055
533299
207451
263077
389579
193136
697297
424534
205035
14571
328304
717374
198544
53958
445079
269016
39393
389194
601513
183645
654496
455260
168724
642882
134687
409417
661269
630341
398617
260417
26551
533536
180223
363876
245124
709338
8274
92014
366397
232079
699289
276209
197404
133214
498170
127038
635002
197057
622426
711992
607472
711767
283619
605808
621771
331059
339401
390082
89435
199868
302308
526821
103100
464202
166428
357259
546447
68048
293071
340944
288000
683562
321649
655875
127141
377861
214687
584207
79808
711020
200973
345132
237114
288237
667664
651118
132237
266954
605161
711872
625756
521289
14648
271210
341846
591435
654164
221667
617068
84122
455228
369273
145893
579213
301041
486142
155980
111063
203869
317501
403962
243823
485054
347385
452521
104045
58831
224283
648440
70517
105522
215086
4992
268221
696469
64666
416697
54610
308283
246003
223208
652446
26158
624894
658495
436187
694323
207058
378628
261826
530222
148083
73543
286992
353800
681635
145582
114324
524155
379432
414449
238469
534237
681654
104384
503375
298416
655388
333525
551421
20572
549135
410439
616167
176707
421176
428647
521258
263984
294034
186998
657266
586450
395883
373386
706983
324220
350353
131573
402451
694117
185785
143599
194188
709191
235788
716226
565092
314926
552774
628925
425141
119486
377805
254126
697162
714124
186245
657776
555899
113379
99617
621008
214189
235630
179172
67017
392777
283884
357607
531074
352724
96400
684016
424555
186596
417584
230201
163943
353457
277925
210859
493132
590772
715246
416329
654868
6672
416544
319981
24751
55468
378725
551403
15301
674323
135913
617339
6499
554163
383115
178036
33060
615853
680072
584974
135261
294077
160104
399108
555420
255734
526570
188431
95011
670220
575079
318460
214007
561947
164544
52607
47991
66157
400605
437021
563279
142425
177355
237518
582748
642128
62099
17537
646717
222984
561222
8958
604338
461677
544295
64667
525329
507594
342180
29103
148605
116672
163845
3084
45997
181394
663059
122752
648100
71845
702257
176947
2178
423399
281130
175091
518485
111743
299489
231675
442
599730
3173
60270
345119
503370
124499
205824
24562
666034
581805
401992
522416
145526
389194
212081
471358
72814
198459
36413
168923
333450
715063
71018
