103594
619618
640239
94217
422033
509384
508374
577280
145545
5129
93327
281151
529554
210862
18802
677115
379712
96518
347218
698620
673962
352147
2366
26654
512971
343587
503336
640151
620495
646417
556282
168799
226075
52471
186305
66039
444523
123347
51550
80809
594500
7755
167168
237314
536237
635450
147753
158369
338332
471189
698166
532676
181947
271933
555091
339994
583957
548827
161217
519387
598174
381580
313446
545034
68234
390609
590099
569354
380475
346847
25326
373869
219094
537055
573915
162457
360084
15713
127439
533856
290823
255748
670547
674039
2919
34903
373059
354506
62212
576047
321259
547013
146785
558363
634519
360774
96669
270330
581765
132307
172508
302945
612186
543056
297642
607731
624840
301854
712042
358045
354300
42759
538377
98382
55532
429813
568232
153261
329914
433468
563643
145891
581735
37432
420759
534791
185289
306917
388257
506408
154391
559512
58037
229975
595125
301053
533990
37274
192395
539903
170164
225067
92621
656621
156965
286656
196755
117269
111772
680281
29249
621992
687763
573408
176208
135308
196277
437038
632757
566602
388909
138598
607245
529551
626980
407484
483152
154381
43270
69687
284006
451685
642929
658242
246775
637019
713301
422208
683155
214862
59349
491216
634935
113988
683211
662104
198424
462629
664261
267185
449837
495320
286667
609929
545800
107618
275295
378454
416732
485751
200515
160150
586226
445559
203141
144412
143638
415809
700623
251769
476414
253676
184268
585400
214951
101657
712866
664373
653535
192498
676084
525937
452301
24930
241722
70591
115041
600564
505265
253326
536057
668803
375559
46066
431808
704787
59719
284742
573737
104051
327628
554795
460047
229076
266093
441982
331450
60490
438334
343006
96985
362494
314651
43483
282128
697211
511483
155104
295269
94306
542511
61902
16041
542936
593108
442570
465084
247853
282096
616687
169534
25794
329628
190844
301455
423486
291118
93575
422264
247458
704800
527185
165333
158247
614396
710626
455139
274515
471472
578411
7377
365618
271571
437056
404698
67056
221042
717813
13751
338179
658172
47446
695260
44579
17962
713529
459462
714231
544566
73880
155127
373225
584029
612010
308656
218470
8594
407148
471759
11124
137923
188992
352403
211760
47543
278870
204328
339568
13882
336901
139259
205897
317651
454139
335767
425779
644201
644846
623635
224836
125177
695725
373522
69772
103024
369301
425465
338651
315180
203754
107790
689978
558786
678280
544687
492464
188760
571316
253447
83088
256477
210246
326368
371224
254892
113109
68730
80209
330569
482017
397399
208644
158030
363756
422320
126967
628184
192735
19977
151295
88415
449798
142866
616105
147008
606295
344112
679394
626864
708660
115444
254758
281464
209474
605596
362952
140397
635349
347317
80232
199461
598918
387256
364798
699062
119959
46122
487772
135118
432395
12133
575795
78958
183231
284534
298845
375859
342549
516397
49004
87892
365241
57457
209096
429457
72767
88481
116078
6432
348269
457923
66399
707177
417078
260311
128836
38422
418589
287910
82690
177698
624882
649109
554515
143718
192417
436650
130610
358341
247037
384273
138850
285775
43885
646043
244328
390676
257702
681614
623220
447293
58382
94908
523096
544461
73103
639773
482303
178831
673928
504346
166276
680135
532114
510626
25639
132700
655083
423085
289546
663786
711266
606910
496750
365540
179616
311496
639205
393519
333094
126625
225580
125417
165416
377145
4755
486636
376834
637477
691213
306768
604487
285410
392182
716164
401495
261555
535396
190107
297154
611620
116611
136787
645267
201926
60752
603236
537921
131366
366574
512370
577730
85099
144226
98607
630173
202510
227853
258691
321301
405231
615491
16041
210967
90717
247526
590937
412384
41844
115490
601719
198449
647871
138260
47027
18296
709487
440465
281338
263352
459549
127549
591921
672408
196482
491148
714616
460537
371100
608661
434869
536751
335272
605952
623161
420149
340433
93894
90634
524862
378831
112945
287417
404534
132218
712357
371467
604980
423864
83176
291119
188925
227530
68599
454755
701488
302674
152943
621064
253674
154086
862
614788
691914
520934
459420
362594
255088
292276
307246
693419
533594
195143
233182
133696
291227
209289
541105
243968
274508
287464
76739
129962
601513
309886
498099
641654
280041
359421
192448
612606
347838
422866
2807
65916
467525
42676
501871
711678
335806
686945
406244
119127
158251
142697
566405
178830
486038
220005
176028
324684
79747
655164
99480
698172
372831
184679
689134
22102
178594
322864
353278
112302
188093
607326
549388
129469
346369
540640
552072
77022
264223
89315
276536
606807
310024
402018
434188
357714
287830
120646
576209
210435
359949
377270
337271
330189
176430
625763
210832
350970
674471
278728
130600
394470
323200
691806
471387
2469
666918
146698
652114
60117
81461
264380
256469
258832
516329
622410
424575
110195
34723
693089
144493
335667
453412
270638
191081
675973
457196
577969
317935
603810
123595
110404
193007
511995
443791
455391
409909
169129
179895
565921
177373
263394
184849
342635
484974
675080
161636
440475
11426
96012
459269
259675
292371
524285
458441
345564
498997
354024
627409
428161
500626
202890
196341
580307
563612
123444
412153
423213
556393
262389
48757
624906
4542
28370
158381
148673
394322
714563
385850
117431
236621
544792
395329
188833
85428
452291
539110
118622
569055
103642
11204
469494
391279
64000
2251
368055
65303
134557
285224
201128
255902
471171
3000
553289
392683
487812
475867
202393
266713
199476
519650
451996
192350
153546
544314
209863
587608
621773
17967
88077
347754
140932
161655
677017
575188
675480
232568
661807
6148
464206
449119
456824
480551
392912
48859
235164
83531
521017
599826
34861
224322
156911
439549
298766
592560
204617
654077
105763
133765
527818
464420
213502
616575
250224
604315
282325
528869
57962
480555
395241
565397
31327
703998
646050
5348
202300
402430
630376
653441
705864
399891
361650
289531
329792
344352
529695
226860
678874
706790
508480
716428
105006
135674
576112
68089
420393
698781
551267
644091
322952
411682
381057
240134
286584
336571
105680
111337
600852
149663
94570
589119
550968
541951
263126
594523
155135
519442
231892
502244
113846
607068
161404
453145
476484
363604
702624
148438
260056
715909
384244
579703
636569
507380
598699
68652
67881
224808
570367
642795
570227
135135
253899
579512
246706
604073
7865
289089
231128
134987
389139
148723
226008
73516
420324
574702
698610
119061
302469
109758
449995
219313
653188
327
447584
599136
266104
19938
560275
105428
158839
20897
164277
518580
261856
686945
17346
80919
593295
11344
576653
45585
359275
417720
118420
311112
405478
597869
513553
132419
176125
603964
359037
629057
517704
643110
76175
355068
560892
181434
24295
232569
174392
349078
547287
403975
110515
665043
477217
116335
342676
712656
12089
438920
307876
717331
471711
451901
646638
218437
423846
311729
213473
275828
476070
332582
211943
188533
147623
310844
615544
647374
204227
172074
620477
6693
86682
442850
712943
260496
17417
586548
151567
665280
658391
18801
346338
427919
23758
545693
155115
142562
301721
382838
312739
435887
681633
13893
46970
486007
225372
178709
520782
221662
12895
480598
48148
714491
420879
734
194485
594740
669920
172114
399865
703759
626648
70458
333451
653670
236260
369811
221592
61585
681388
630431
517253
653122
604703
272640
572852
419939
128246
303988
500766
374845
620648
137190
426192
129292
715268
300507
627208
164786
56440
717387
648028
483345
439833
603706
212753
553781
326419
88488
51410
467887
196543
526495
604547
516333
673380
365994
591382
16924
110238
592597
34814
19440
517215
310251
103699
665961
131451
571928
182313
207746
420666
335018
509852
500020
112381
634265
629530
411614
514294
458421
95276
369934
83746
706324
2334
91175
653608
114927
618752
44942
78971
7822
277263
114192
670826
3408
615896
387648
611061
167341
451076
253053
671058
164918
248775
403186
133275
501435
228185
179211
615861
340111
303068
294693
455030
609868
447470
383619
434589
296771
321943
245169
419064
547453
153204
345669
485109
299814
264808
501718
100504
624619
137192
294746
66895
348193
140680
431808
483421
290319
266629
506536
581233
643467
525297
141421
307512
224452
403029
203661
107015
412169
368194
22284
533955
63798
28848
403175
348587
563418
699565
477089
144740
589626
623349
346361
559691
665119
241548
271946
3185
610697
189650
154059
362139
711959
610975
21601
10460
469817
39267
236361
611980
464816
696165
553162
624656
612437
327021
15229
63005
462114
401020
536060
65059
177649
690114
247864
24173
478099
281087
311271
239831
307329
253377
45805
210207
579282
122833
664079
325380
116261
128309
241011
441931
221248
505423
576976
8672
545088
470552
103665
207901
288319
563259
422616
605357
398044
529550
105295
506764
700492
151922
55548
113370
445719
103754
254577
346484
67922
299700
606255
102487
623737
626910
513793
316145
53703
566892
540773
270663
329843
53216
142168
250771
522709
507054
143183
189676
486819
51149
476495
708114
339047
221644
247321
438647
260456
400956
303348
620388
40276
193195
317453
156904
155635
649275
81174
139432
138624
64223
644058
292337
130469
61725
316876
592000
253700
382599
506445
191886
134695
382
526655
262462
125517
206393
262037
717877
146970
574121
626591
178177
59672
484713
573808
577418
262908
121176
312465
166014
210071
65034
191247
240688
361019
552680
82973
98204
446465
83093
196079
10792
185975
57398
539599
503107
627736
93586
17416
514297
99208
191251
575774
255314
610535
195721
87894
280636
339848
201486
185435
402203
227194
16711
345000
368731
149295
305971
564365
516395
321312
417800
20317
486370
91903
66529
348809
312436
481726
501930
560379
277867
695121
396161
96153
296184
483587
518326
460514
199319
279794
220301
28037
125046
489501
700254
647846
379941
183439
446314
455151
331417
346061
76221
685594
583083
196364
493617
392015
396028
571407
91533
419819
189560
676913
489014
222240
574549
705053
239297
177357
686627
478757
562797
49408
644315
433481
172005
396499
167493
663056
149315
499695
464635
295137
147683
302556
534906
120841
119468
680024
513876
225400
644382
431811
479294
517216
230630
76015
54651
420996
622347
54152
553670
612116
155475
559082
229848
84222
247812
283022
281434
293012
285815
535620
509185
385708
276728
592698
227436
151480
438379
38358
430051
233736
239314
673723
639337
135875
168796
329802
395785
365883
471615
711577
121227
485549
97542
109430
499218
529017
620837
216532
441211
172668
312008
275193
594805
343697
49220
77056
211281
98020
34599
536346
10994
702103
257353
632891
165618
103863
527880
335515
90932
106229
13924
371757
176188
69800
713781
227768
643380
20751
520192
200890
159851
10627
557267
53106
292162
428050
492255
62785
104691
296219
290360
341188
460790
672756
98426
279099
526807
137084
75885
57526
113093
538168
113652
370
156015
206324
48875
505816
570254
73739
135347
80802
619804
218503
608337
345784
266575
17531
222705
649837
47681
168956
440642
260088
359968
17185
406403
580575
61353
316175
92347
219403
152630
537750
690604
158326
218541
104584
246680
77934
497660
280343
107571
685686
61949
366359
426041
219580
166549
175793
430686
262042
231615
65613
286380
75776
517322
691624
684501
521570
312196
449351
533592
587256
508625
454951
163796
270547
70880
646988
125179
21706
714981
707811
154613
372788
491227
63377
436408
553267
609536
519865
614989
198922
268873
149702
149715
159086
463270
177689
353316
157969
213767
490876
490510
152846
334529
577431
607265
205375
634563
631590
681402
201135
493270
687085
85570
708028
383644
320667
305777
242862
92388
224045
152265
262821
16140
299360
416360
656042
292696
678719
303245
28010
603201
490155
96895
607174
600504
707755
127847
633839
575327
227070
64965
598174
210311
198785
324969
36884
608357
576568
1242
325925
217370
538818
289449
247853
212914
501930
254804
512964
243026
473901
287748
571686
112746
672775
429503
637332
403645
134988
360583
295892
222196
349610
273346
478170
587585
609800
657394
278463
109188
189742
143232
408745
222844
155366
578922
684286
487619
30732
297347
221162
187671
208495
28625
675037
283364
241119
645514
464401
482457
553793
425788
392115
599225
533511
140010
184640
410339
350902
8876
104495
391119
464461
177943
251026
420072
511013
256858
294683
712596
223128
46832
288758
664589
200371
298651
679245
158280
94664
686397
127740
21490
398162
6306
598069
656283
172697
385801
169310
55099
650130
431366
426196
212104
216284
360037
2020
31367
352559
549397
649024
682268
86698
530984
510935
55646
435505
637612
678685
525345
423306
467237
218834
245992
210292
709137
538629
519807
667587
601326
91869
400752
471113
246159
16605
372847
277543
537218
256320
518505
262757
710058
587277
137377
407749
142612
110197
575682
12994
578573
414695
655206
505431
468127
396524
700692
540516
223469
74838
123001
442762
296921
644357
695827
521720
705237
24260
708696
19148
535257
352234
568839
384524
357397
713000
33966
410820
625853
160103
570658
592765
221308
657918
540102
324967
654408
153933
199921
302840
158253
338593
36024
402842
381984
198615
210462
590310
676054
138921
28000
337993
716425
398547
191365
606524
471958
67552
3626
681458
381327
604018
88415
642200
175371
123383
307760
267750
35996
624881
227618
505630
276609
26168
270331
461319
26333
67626
168920
114492
19482
453839
309940
207251
88363
208398
366527
550507
285041
586243
98699
570898
179584
695587
228575
690898
356167
234321
313549
449585
175507
615550
18278
214841
652706
496017
658133
52335
490199
191267
689716
164422
483050
71402
352664
300233
637231
47328
584792
625190
616592
465461
38692
310912
482627
393305
55566
703092
162940
185670
713566
502071
309952
566364
150559
179895
201884
186883
565609
643897
222492
599562
221113
454577
113038
17309
614602
214262
273198
16932
520928
173397
135138
177848
457559
109929
32754
589975
167361
52598
376262
365851
401020
635180
284151
86397
717074
279156
99339
387747
515050
46969
432351
584043
210573
645161
650979
560034
100614
494569
156365
208948
260858
455807
59186
425145
45135
556590
593370
153337
349389
448822
216483
62340
416522
74320
12520
264927
101130
457346
296270
482020
307281
431033
321551
155083
636010
223994
50403
317753
64354
476798
168271
706673
483575
618816
411832
563406
10242
325870
192141
501867
463500
186846
125508
587280
405262
457113
619836
526097
668470
62128
552615
248353
685186
633011
613302
128823
177821
470566
663936
425147
324862
55818
601579
41023
31646
475278
546529
305293
61332
635191
506595
1543
499562
326900
448471
528823
66536
274746
401417
699445
82959
43762
186647
174798
182447
241776
685945
583847
179244
639317
254940
149155
604135
331767
428042
462567
313350
551687
177617
294449
77070
47569
540163
618334
94103
339139
420492
661489
608375
29920
558860
176871
566418
707772
466253
347042
101902
583768
279240
302139
512602
686918
481162
204659
548775
516531
533023
67753
113022
285275
656855
461491
674880
696259
114190
267744
492074
169276
203514
320805
55413
328635
557627
647174
276488
543929
33591
351776
440930
624760
328659
581494
204332
526419
526537
646554
343498
302470
124227
292043
114260
417378
643443
202543
434481
399162
612185
276961
392755
392341
449514
421577
229476
68891
69239
526885
182527
230709
399324
697199
182347
619251
504244
420567
232813
104805
60528
428672
662455
72499
29081
370108
480631
709440
1558
113563
476565
34724
187291
337338
43426
115562
270247
242385
122346
291769
334164
11569
329541
282422
200997
265503
38176
223142
174594
60490
574921
706069
478722
705724
452284
667242
229980
604566
492280
80130
490681
51307
348182
305315
612836
290137
527056
175269
667337
183382
35538
197461
658733
390463
475684
94059
28215
551013
523835
470170
27525
543461
130710
379047
257830
96443
467175
245115
327703
470906
299689
421713
373777
461356
368130
228954
614205
533163
685115
614537
219767
389705
50939
288253
326620
120089
281647
240765
596504
675085
352075
679123
565574
364022
353588
40336
581836
266645
586964
97776
185367
489894
567409
245387
41368
44809
480668
643629
640407
140747
577338
146979
510713
118823
254306
396435
273426
397917
111133
635164
671192
241065
54180
485692
456015
129590
656488
502203
405873
358090
679034
510497
226133
159197
412118
36486
476368
233178
231479
126574
485776
523287
581887
618106
35554
410889
615475
661666
50039
26956
177698
410765
143528
140907
200886
644483
585917
14071
694383
59383
579199
113775
571778
343187
181154
610089
664690
659265
175470
638387
33433
648359
446101
364784
334850
606987
517606
606293
181950
231777
697557
419723
60322
509838
535398
18975
9880
6842
587524
602789
240445
439148
336057
7826
209464
570483
453452
482915
329557
30170
387383
233596
328495
394986
22943
450991
207485
413394
178560
258792
280195
432460
286257
350975
203051
503659
635784
340323
632972
604035
279852
102512
6192
438144
530444
207648
66775
58036
437005
377626
583417
634408
593026
5876
413962
667905
613874
488583
21588
486214
128890
585826
1761
557306
194511
695459
177009
285279
617073
3831
556868
216801
608430
374633
609979
636092
476583
574981
341773
444957
668754
391926
425356
221648
183824
499170
203332
574925
606236
673998
542473
255279
305978
147240
392662
314209
232822
126600
322469
365614
500448
361088
161521
689564
527371
50454
561691
135587
251982
400630
595476
268469
527096
389461
6928
716213
529175
649238
337793
420286
71655
658161
367050
639760
445336
264663
37421
366653
593464
456032
297656
523955
542853
711246
5575
344605
380482
615816
658993
400733
2512
679334
113590
218337
107406
566272
16461
546226
6312
444212
690831
66060
566433
186673
462280
571960
6445
208575
502687
186614
568159
287145
162547
258896
597816
580094
220206
663031
632587
386872
46181
113768
73359
521302
88473
321414
691477
482014
590079
671834
515494
145317
4284
258332
336226
40584
551286
593166
146063
22940
305305
192034
379505
279987
241184
348907
480947
120353
601816
449422
238926
443715
557869
358332
59131
705099
515842
619158
164283
245476
279742
418516
588949
553475
570986
86246
313686
711733
574585
78392
714826
7498
563780
477671
593130
500157
357597
247118
1837
592794
14544
644606
7984
486729
464134
684998
134275
511275
477816
544907
710164
263880
378855
244809
622853
543975
521578
456423
188292
480928
518890
711237
111976
518715
58571
122491
6696
257972
52021
121772
218061
18015
672019
452630
508846
277923
15350
190850
136139
561985
48778
621227
109431
467760
372996
103570
594330
494289
99091
590444
329929
469742
33720
471390
36886
303133
631415
225372
640885
98654
438931
489243
2807
486625
475243
372787
443511
87640
272223
454164
125651
457761
627596
199953
226701
217699
621576
317947
333275
548768
59380
421118
253446
41893
285360
571961
542792
554794
645405
699766
34190
191430
62517
397172
119893
423213
54902
113331
677428
291337
10257
377150
16930
52399
687536
267975
152476
667085
627847
538321
612851
155120
175214
636532
480297
434620
483124
34299
58154
555213
654682
89203
439006
676731
385857
611312
124100
61117
384464
352264
708644
104713
150964
253947
702529
492564
472884
190630
646532
188676
705371
219499
248794
683548
125522
424082
645233
703009
175130
563745
463754
332049
686272
520978
46085
380475
459809
430486
183925
70493
536163
667575
282981
71725
206132
188869
438955
516701
681264
53404
537151
526279
703376
675867
305851
228390
156013
67739
199737
255820
232658
432350
29597
684648
409736
695123
473889
528547
504142
411975
714617
606476
716518
383086
99681
278550
189117
659470
677209
672769
668738
640422
389404
133960
290807
673013
287145
201633
621968
459833
538959
694726
576692
502985
466444
257819
119088
275973
67217
526576
6746
628517
50206
594635
468639
642530
432189
702647
627314
584352
2903
442192
328429
552906
455160
548534
281402
20396
637397
668670
561879
683845
557919
548093
77914
324291
589562
262828
230900
235014
633765
329
695456
371115
27261
20923
366087
46170
25308
605248
155374
229454
447583
417299
634078
1014
289033
91249
97964
13700
451321
659840
617648
352046
102512
522187
580071
574555
154510
671476
201071
348287
448449
573470
692184
407417
619839
560584
578153
314652
25466
266793
558534
330183
218859
263103
283778
56377
625356
514767
166276
459089
306463
694927
136145
498628
379892
479051
232202
414496
82200
76843
526228
540873
350019
289595
407336
383191
394553
146788
598038
293673
511161
134106
60217
532570
660580
708610
473895
597458
419772
517616
452687
507812
169277
563800
143223
434255
494306
247400
326827
69796
29959
585826
124736
216180
218738
423646
247603
95762
290988
450171
191792
441039
541197
629430
17705
158587
454237
277186
1987
573600
634691
702322
342839
401772
436332
403054
165400
65036
165055
591180
309814
592579
378220
529408
351255
387362
159011
206513
387407
139950
73455
446372
245240
61355
205179
663936
365327
4154
412122
271969
399691
69969
74757
418826
541428
480963
426487
708837
397051
460245
52391
609637
67705
173067
588288
237336
567207
421007
333914
551956
13627
89065
381536
229000
191570
278288
318351
90323
702791
712901
579617
338358
244114
451564
33907
66753
647580
296968
697602
29882
377946
6498
646242
665913
619566
605244
387756
555172
111707
663530
67158
78475
346521
67508
279768
440144
151527
372576
660506
467496
245069
708312
603170
582496
67762
509300
468669
716491
490154
465525
78706
82036
673961
447465
328495
175033
95508
160984
341340
36818
524678
501831
446461
152692
165018
164690
406012
415243
613294
389954
197429
164963
8028
709818
163429
169216
686153
599537
583543
672095
399252
644343
308501
31304
508087
47481
513986
112579
544792
489244
522447
554544
305541
552224
537100
439950
536339
203829
668538
55043
595510
255315
602073
242794
639341
209989
272593
189405
514914
680514
152914
80890
449422
692219
90558
257004
78327
461515
688230
366220
256042
502845
565058
280608
466420
640637
436252
98208
336114
667821
365325
573600
79144
659624
702615
202456
440951
200777
33584
700672
42772
527023
161938
558289
198499
247387
201358
571685
597034
427745
669266
595814
512294
85638
477069
300501
717010
661084
521083
284328
7567
544539
356556
423526
51914
184941
73691
645848
138574
508168
441719
345455
255123
121959
643497
133548
418018
4144
82811
260605
459830
153591
332389
232702
166548
223286
281934
9713
305720
82750
541037
278219
120300
588834
364466
161942
606032
186477
566713
286562
58985
643918
517747
161318
522706
478511
493311
22497
13882
349589
401401
116510
346839
417851
385705
162745
495497
284803
605092
41973
668769
391880
118997
537220
44223
510967
23763
259110
226696
12034
248520
632913
166565
51608
157318
519988
225781
68695
447790
691746
338492
207969
60184
45931
281995
379883
650825
449606
336728
59743
513099
705847
4452
510837
386579
238461
60996
28249
11475
485623
167858
37357
58719
235629
35749
535057
627987
553809
351538
361814
257189
483080
251226
716407
66947
32537
362964
72715
195127
199092
3732
639456
424098
336033
12340
182192
143337
395776
101212
646327
24295
9283
618573
168896
140613
10396
301279
212362
127587
478487
627570
475321
40883
662065
239294
299406
304732
595457
429141
712806
377033
89944
460373
165431
12962
377497
600960
557006
323021
349923
63048
492203
16813
114059
486850
200576
561831
5778
274123
333366
141043
111511
299082
382339
632583
357525
3640
438404
56944
611573
215037
149757
58017
202190
115988
107763
55650
567475
499150
290923
333523
554475
401382
251343
74021
339580
246009
667316
35028
586828
293224
712142
462552
492835
689506
362964
530456
8994
478771
349717
136122
40717
458822
474497
250359
270260
400613
3840
169522
328338
241603
337216
279239
475758
381938
281934
405036
362315
16552
661458
342002
435134
513800
587888
653189
586030
10308
371236
214266
712908
446314
698208
503459
305858
10348
371244
448375
338364
171282
93468
191577
279414
73020
299349
228812
673244
98686
645508
389186
371994
429982
416784
321822
120940
458340
341609
208811
208469
389952
239314
698399
139058
158158
280844
703571
235244
610565
198205
614375
322673
73265
184883
536866
404677
602874
634103
341806
518112
379913
87164
665064
215973
497617
71655
567777
522381
627128
313533
275707
540198
633182
477977
373611
573714
90500
183574
232807
240052
596040
686354
514772
400402
18919
370134
586939
313970
537196
403140
111869
598274
230808
111084
533024
516035
681662
374099
629819
201862
242963
389391
342689
382901
239490
613777
526576
148621
306304
40329
173548
286655
75196
663005
715093
415671
182682
650205
72673
203019
368498
618011
395578
10552
679131
268638
606389
404069
477369
266344
237498
262867
385606
682157
89698
55263
381743
195708
528965
607308
304231
2815
372865
248370
58566
173398
491946
300487
242291
49530
257453
378525
196613
638972
464516
144460
273123
10086
393145
345037
5739
381353
414738
454991
262832
711683
587960
8047
111975
503481
161395
311559
189890
263761
199660
420043
274663
9135
434247
703384
39180
287718
659044
692458
11953
529097
379496
695905
44531
552905
299594
496464
136854
101975
298922
518946
233863
405158
301768
213809
9131
194188
617465
335424
511934
25624
170467
646078
709244
10676
250212
210430
411583
90993
345420
200272
441929
329313
435607
636298
640000
338364
98085
539732
87455
486873
167938
149993
535977
225370
155857
220189
498096
468699
222145
371061
438547
192634
628250
323278
55800
91814
287084
88923
693972
140060
622621
169760
120547
480006
714802
15003
140793
695232
708606
162165
137056
269363
418225
584052
716797
438026
151991
143774
655744
347353
463055
54749
161213
524151
236909
349171
588880
166276
96214
146708
194042
71221
295278
673323
233047
589458
576389
476928
335599
450506
591766
183259
402703
221460
358521
116766
179239
25945
573920
581579
664129
31562
33790
283868
646833
275550
662422
687397
570427
3411
415718
7485
40713
481559
595033
654970
88626
538466
542754
474089
196656
254208
382295
294804
139189
544486
537220
469047
344441
448419
276535
630550
283995
67597
197814
684110
531501
389055
619707
683800
611013
273333
12889
139368
281563
512835
280013
248553
79561
219647
182911
602517
8006
614012
633995
604099
270371
281859
36918
459987
232314
26439
583416
67621
98331
130131
97200
318549
422304
616162
660048
438380
279242
320063
640217
158469
353368
167874
292897
641302
251432
494785
632105
142889
521041
412101
664879
1654
126525
370675
143018
679756
7848
328072
698072
41333
387864
372399
606766
298468
323342
372218
23589
15360
577103
664494
328160
532727
430905
524389
499474
276519
49580
516926
436423
170439
289606
591009
298992
75123
436137
138751
185496
653748
432775
36367
615037
604772
213166
103699
245170
286077
419961
635975
164356
166507
497239
30233
663031
123548
681892
638091
87111
271018
439181
685778
165488
658086
551405
560522
146630
126513
335974
196157
204032
453145
262777
664372
471777
16565
212679
233895
540764
336462
711302
210993
256901
165717
8423
594722
353246
540110
600221
709737
481907
161656
259678
670975
295418
134802
386395
33342
243168
99564
667430
388766
644769
184765
332964
67804
639350
47887
136768
491581
196051
559146
99850
199589
620010
148355
707271
399972
549952
491917
627498
260928
241865
486142
67827
712043
252913
671546
715931
354133
562724
46594
228147
189282
716406
387637
512550
132058
411622
177325
123843
227323
483828
22860
464292
626248
512861
286261
266813
347115
519855
460210
47497
213096
331923
652100
449180
74220
634667
448885
383076
670639
16869
137929
536971
144625
217757
70198
652345
272552
323320
228953
707053
153077
452280
121021
544247
321447
317489
69441
458936
455199
330308
51249
400486
53112
211465
178828
150279
130447
521623
553684
563162
548472
693807
678213
336884
498343
96464
106187
534942
387758
84344
582820
26778
310275
358996
171062
305771
33524
485890
200110
115258
254625
623601
705205
42982
1417
632504
66450
101063
39324
304774
357834
297167
674117
117953
679333
55221
242535
292336
308573
525044
374273
440604
392622
242480
148926
635179
34655
5328
501193
573682
379943
605495
44915
739
47549
153544
62747
361544
297241
707478
170003
681328
42360
222320
412073
171673
219181
1238
239484
607263
465444
557205
675207
601082
439446
616117
599647
598397
413897
711443
227443
283
162937
271061
403921
205449
670059
137412
673288
247178
65717
498950
381030
94950
450209
218354
452
96564
12350
97735
75442
85203
299156
207796
384930
422972
113539
120074
377122
703603
145336
153105
374712
527831
311043
193336
213766
125901
152748
524359
114096
57829
545082
104989
473197
598216
568701
91560
334165
506478
149915
626867
420017
382944
504441
112323
284792
418361
329400
13479
96431
129031
648743
231991
128616
329955
571325
505951
509207
551556
634009
505166
685731
550590
252880
297086
641077
445050
606913
485181
205167
191580
58267
354314
257167
325651
605426
183256
264566
51887
330740
148339
493292
142587
402462
306430
688230
116863
426794
157163
370065
621101
129212
671568
587753
525253
299357
528761
697992
682476
273771
147292
680244
145412
193843
401696
530119
115860
139201
463419
226629
484040
642075
438876
438140
283711
56606
356443
519369
582265
380878
688832
191440
272326
292371
418783
323128
221932
78152
629294
387809
100940
123584
477731
678084
540052
580009
508136
180989
334416
690402
516888
15712
530334
670579
678632
578128
6768
130711
189676
246578
37784
250211
442815
360936
315727
318531
240515
597411
405089
630096
541807
91880
441314
669743
626951
320838
529136
681611
13396
472180
550721
297603
499548
255719
353259
326620
92595
397554
49013
592931
508719
388636
168519
54169
39597
463272
586098
522646
592249
186471
348479
212106
121745
715503
387678
707894
358402
143931
483312
374931
611235
18488
197561
278775
46891
473839
81247
691506
583443
308816
206237
108146
40116
2713
486375
301240
362493
587365
48449
638653
273055
365374
248877
115124
349611
514016
485741
106436
188026
425855
332722
702087
372317
398120
7505
390802
96233
411830
398469
105012
10557
96463
297020
595463
266697
242063
483311
231342
31053
416029
702108
310411
396881
624536
381364
470410
560968
165199
177455
179108
471702
146998
299318
377202
214244
300070
359480
447198
219166
64625
126191
185212
441469
495872
570209
225477
77272
439237
420668
158271
316486
161261
179927
202671
697260
327745
118881
143577
70615
236008
353703
589618
608898
233144
441038
390515
655389
569621
245022
339528
146635
89033
312464
245637
558034
498741
584255
500426
344795
601497
353069
694769
348198
377266
452771
662552
59477
229694
50819
260846
195886
313522
174873
416147
100527
689150
66137
385062
150261
125361
682318
85409
395983
688971
633160
659882
634449
235248
39368
450570
684009
351295
564494
153379
693007
595125
214550
296960
451053
438224
380347
96790
66603
22861
267528
113060
465036
119017
26684
18800
286113
493225
357129
560384
599620
230438
488070
336564
355942
423679
140755
679556
420284
174819
381465
291077
478645
692858
665753
372367
652806
216997
678340
456357
162146
98735
102284
308469
63398
23881
381364
74873
50156
394244
554055
185872
417902
663231
76325
571054
689325
166713
146586
615272
516014
97798
103663
297841
33529
532431
29000
458253
433399
446968
107306
622275
684390
681207
513242
305739
14114
314882
148534
4460
138762
211095
468359
659376
283442
468972
343174
124242
465651
401303
335767
144977
126437
476928
577792
256012
463324
454937
107025
217604
222740
99506
631963
478906
705310
275520
367526
708336
447735
297672
599028
95854
207912
49187
710456
625988
397649
640073
453179
161452
461852
98757
235331
334184
382266
527443
532063
687111
412284
306885
683158
577381
427495
151768
35895
544910
657489
14060
344466
615487
589624
26601
267407
672228
195191
478495
413822
33603
454071
600243
403347
390302
678178
219757
608080
471142
72101
223776
632689
373051
160513
20751
668228
703980
430599
687430
307074
275409
657095
660864
291289
451990
83093
68552
492667
230502
41409
403935
175623
247988
376733
692122
468871
712038
256970
339753
232420
211629
137376
33411
177608
665229
329118
162242
650235
54237
648497
536825
110760
61277
25756
685002
611419
127818
295679
508361
628533
78277
639444
46170
589287
216378
599432
280622
380622
334572
180978
452178
55560
47465
236154
356821
101359
226544
184761
451477
448231
157758
330088
388331
144914
216840
311846
5780
298254
524390
348069
535637
717750
714698
325930
160771
502249
231370
84866
232204
506377
191114
393504
449609
484049
18760
37614
151658
671675
233749
722
572644
569297
650180
608852
274565
150740
17612
617672
187524
463754
21089
243416
6356
321700
244883
71271
513571
510043
131965
33315
326800
79453
131705
272205
522093
500244
503222
690345
39048
575631
27680
341680
279419
513739
235171
115444
390892
598036
387387
626239
604761
132096
532264
36444
208460
92903
614096
690572
208719
432798
439361
557367
658611
78277
138714
702701
688322
561446
10730
562014
526526
113560
637332
685737
489426
631101
426316
545262
624628
662033
434814
642835
62646
536484
62849
515990
362522
329401
389293
511974
524883
98459
340080
603577
52605
446552
451856
141414
346788
339998
632935
529069
352188
169520
423144
539203
585923
224530
496295
657910
84899
635888
166002
254451
578916
226359
419982
274297
568417
112406
533451
145337
290651
9680
137928
709893
473211
647468
345521
495267
496014
272883
712165
501718
212912
288242
692218
556471
655556
241500
442762
597747
694087
345480
458672
185565
316084
102445
604075
237364
714288
57684
705918
89775
348379
336668
140987
561132
134315
305292
23781
196583
284720
516855
451912
240546
426305
671985
134542
31475
355263
216812
426080
383268
559603
408655
56137
420950
29942
256648
389172
688712
662452
584682
432051
169626
211663
158736
565798
97357
105152
715500
159321
65663
317226
97765
469006
2174
281456
390580
447591
143527
1237
68926
402886
628092
374901
62059
394244
448173
601325
357338
269554
336946
275338
79028
54429
433275
249883
266698
465518
43961
415947
512549
340185
96923
580530
609632
417588
596825
437420
53859
5446
448536
610189
465116
658916
444045
676638
95600
578883
143108
552356
31193
698050
457521
310010
218471
531027
137136
37082
51456
563811
715874
528284
433771
634854
258050
593781
495480
266113
170474
9318
632205
595921
78234
451082
314499
198624
3615
675031
335700
251769
152651
189509
660191
67827
40276
374900
303462
570947
655624
643632
172085
285147
387815
44474
528436
649663
434767
68728
643975
271800
13644
687431
254281
587476
541633
359486
32706
148153
388201
109284
498216
702803
383198
125290
60890
391018
492253
597701
603646
126071
404866
281585
94979
166940
79899
259135
314791
310385
517016
315820
597410
84714
111567
563646
317371
431244
31891
661639
659785
491261
397849
163129
525922
68018
623248
676382
686444
559456
155170
604979
681175
308693
521745
26851
157694
17462
626516
641372
432321
510266
223022
340252
9398
353587
717115
301007
329371
610367
84869
45891
216987
40821
378096
611178
52
471630
138964
643071
334327
7227
276085
454587
624894
590800
48628
554913
164087
612499
367794
645704
541436
371635
588525
415717
368548
333975
609509
238650
295376
281499
53136
111746
534175
4326
387015
164027
584884
124210
313018
162446
95432
356202
301649
672161
76980
224403
670722
665928
513924
428221
711363
691681
290552
703521
130755
509027
455472
659770
431216
334987
111352
666677
252849
463341
237855
668000
248438
250648
97844
699012
5739
29593
627633
137726
601638
478722
357725
427384
569949
283941
494104
10003
83070
3126
321167
365378
627503
414753
156667
233297
583409
422330
428678
644262
326781
488042
450818
111721
191665
570976
229662
369607
667885
1748
69851
634165
8023
61651
652460
438718
110775
670493
181842
31001
305105
197328
126699
373212
381740
626193
677980
427234
297607
55284
180138
552288
376646
326992
2995
260939
510989
261544
413257
689727
526644
402065
55383
111272
467720
121426
629960
178556
409234
312864
18213
285134
96449
327974
112205
320867
435501
516981
393987
313169
586731
12322
230793
215652
44580
25401
113548
504109
164958
94086
334358
555110
334489
628660
507283
500337
132785
351771
23338
185739
458497
360476
627596
94008
613330
381718
288693
535941
269272
285029
564475
231236
432329
283054
447879
192225
297283
187315
691634
438948
430856
607826
521814
484483
590624
374876
260562
68730
22243
227353
272238
601803
617422
401712
214241
184595
324351
150010
140907
62863
670165
673694
480853
258746
340863
6234
41763
515225
341676
6100
217344
208318
340397
360447
18067
360133
489950
709665
24627
97764
441620
123923
439832
518863
454647
98094
586732
280719
522275
597007
254433
459303
309021
296022
220831
156642
294416
56836
605786
435418
6243
329813
112237
287102
239000
81909
377286
522132
525782
504861
441703
108526
420082
308303
160226
119684
643731
413590
201619
224639
505398
501292
27899
214686
600960
327566
327797
640242
168157
520427
31492
40142
154488
700331
633897
441149
565648
368125
382136
23254
286081
539885
138148
141144
267844
124401
202060
297606
37051
60057
159198
144150
608948
405145
78767
145308
631713
58144
465445
68089
477085
125994
204644
63669
613431
58549
89186
391930
171588
546290
354855
348208
37243
670357
642883
418224
510673
684829
279892
291891
486958
5698
4050
672582
676425
253364
433818
464820
87203
396373
529911
258838
384637
522877
510714
683803
371264
78618
578183
651900
371728
11459
627023
471366
614191
195464
67683
162563
233306
618505
607146
384208
387015
77114
254351
458074
378722
242086
285307
353263
27284
129295
695647
601068
569271
175110
222805
248419
383690
569778
253484
366842
39699
131671
491503
93614
303709
370644
411221
418590
296090
387192
65128
707559
70672
278421
262774
646286
378849
271019
119491
608023
571833
333611
716568
411942
564030
283057
341846
378726
615118
505251
103300
297568
473113
491294
103138
680915
332698
169520
110278
670565
78283
149227
669642
406025
690438
386580
655172
387660
44709
51451
76336
151408
602955
248348
93770
478114
32236
570602
546121
74104
480911
283163
8883
418733
361934
708066
53713
264649
551056
661260
78138
655792
165851
708940
105117
91075
171196
265318
695232
448804
106351
438023
31297
64311
667065
609955
103190
484974
644464
306626
8685
189299
516741
107983
717091
149431
643251
368267
143108
53297
364466
126706
410629
230756
423863
422455
69522
59344
290307
56918
448992
45373
109918
253198
614539
20507
628759
61284
376059
485907
648627
213741
229200
413368
319974
71538
389461
415472
148378
148184
258264
448195
465529
361406
57033
146024
398461
602734
416130
412162
70734
447453
625637
195358
503897
693773
603810
328763
255919
361964
14958
649933
260104
680184
484323
172333
166565
281992
306430
102561
39645
501794
512459
181909
595889
83214
540209
532953
223873
687436
356577
247983
166971
224350
257267
103457
82091
101494
686997
296970
164030
572052
260135
661042
600659
489396
45646
286062
481813
80102
322999
178906
174241
16048
41601
576349
116471
612836
585788
693539
293498
686912
312139
485534
220676
142188
412358
248917
520705
578517
40704
161461
218861
261223
54971
590235
431152
125761
337214
705339
45233
257403
178186
645743
500365
583372
9564
414514
56503
129292
207233
41782
655598
350079
85696
32004
141612
240957
399611
676944
403435
35779
340464
65767
8936
139811
36310
62423
277799
278219
413316
74121
659840
393726
286869
73431
90651
658173
130138
329448
552151
662186
630921
633447
7788
466224
247184
262321
418778
163432
338167
221291
237822
479655
255184
28949
423885
376126
14485
502484
266658
450624
454898
117554
200223
231015
400204
282217
285948
437883
152890
359464
670587
648218
239596
341273
363134
494787
46071
510054
717688
515733
560447
594692
543308
25952
603214
15030
228713
88656
668048
123358
182170
448253
693926
28122
128743
445278
136924
675807
231971
607711
607041
533881
452601
284884
700280
431282
197773
175758
306407
194697
398004
1509
260316
385049
6432
462418
119901
173852
242860
80401
71144
425946
608101
653349
353259
397504
158315
431398
125251
23221
613383
416329
314776
29597
695820
591757
517997
648487
361086
707670
406267
26942
79591
41864
85951
129503
585018
107327
160006
102269
11216
602440
75122
671291
189959
511444
578959
372824
592122
425791
615247
675671
628028
23742
641925
670262
321666
259304
22789
705635
149342
364897
626432
241442
559060
25744
410115
403157
609849
660751
97134
83463
81313
681304
698778
330558
513844
423130
617708
234048
649095
3614
278081
548218
575042
675200
583850
190181
481992
131656
546111
394570
189793
370564
294661
617181
333291
126181
453314
549939
519784
439737
447036
69479
488214
697935
12928
512925
514180
210307
355374
90117
492208
325152
483384
65961
640740
612697
198231
363013
430542
286508
367177
342647
707267
184413
289289
69363
649840
683127
180940
288924
64656
246006
394478
659937
300294
257419
24998
144400
251425
566248
486924
682400
226132
180806
491250
247079
681203
257347
499856
218473
247521
261628
25505
521513
531928
501718
194932
243835
11646
597146
615060
425066
313111
717246
697987
551362
498941
342276
452722
297953
554096
329917
349961
331091
322840
88473
525480
76941
103250
359034
388590
161239
594001
191809
131218
372308
299595
289006
544306
135596
107984
435505
204895
486975
219646
395095
173434
210495
687185
120751
620952
559024
98732
11252
653770
11674
11340
471503
213213
565485
119721
130991
126362
623779
60822
88875
39678
90964
338491
335024
244593
706813
388495
204714
636047
444988
689823
518058
145783
295033
171235
475690
100702
260681
693643
609815
115959
357060
213476
105830
669888
311771
641723
312980
328208
182856
84607
238198
63430
517994
421366
234130
244802
90710
357092
134851
160333
712509
565915
649677
217129
685685
474957
5596
67164
590674
554025
295886
567732
71260
508468
156530
614634
116717
60040
260765
214325
123068
644613
365629
438021
264349
491181
447464
599774
13034
531283
356977
447198
279747
477116
15133
266569
212378
350378
643730
367671
505816
385592
648960
660614
527251
391045
24009
620149
561266
647070
170292
501252
536661
68793
338513
692541
16487
348381
235559
549397
112846
391649
192603
532075
415373
296810
484323
9494
654973
540360
147965
708683
402564
80440
246971
248760
157545
706407
185891
283572
510337
581909
344009
548314
201554
713383
73542
673031
524007
185847
412030
116767
98421
18306
101041
421131
321770
151699
717703
265742
48884
373704
218070
92321
427496
268829
146276
452699
506647
30550
583434
669501
496249
107938
560132
422404
286124
324929
182648
239948
477364
92862
191214
234944
608301
257591
699607
169507
466062
69257
299153
596811
168842
23761
231083
183959
588828
198436
151705
185466
614651
268749
674518
353833
220438
390430
408715
337767
249643
625798
390515
284227
587753
520355
425854
311433
5461
457537
403318
62700
408128
119786
584208
243739
496522
136972
692018
667220
8251
217658
124762
160918
19576
494165
435973
499813
432514
218114
645635
347618
578156
629991
114329
539833
511234
622050
557872
339947
640218
669309
235588
24226
477916
16709
649480
382152
676291
150150
284742
283040
647329
332991
574773
691634
580713
667999
327618
407110
76759
519614
579243
544179
107262
393530
188053
18571
73878
423189
591832
66719
479183
184573
205595
611244
17567
343515
434738
653569
626399
114581
327414
305294
289463
714160
434965
344886
424799
115827
525473
366139
715099
336093
646638
130296
635731
80667
517246
355218
606902
628607
654391
229155
18639
359254
479339
315933
653469
316187
310662
646054
385725
385826
163298
13920
694600
282894
122651
304679
265472
401849
551328
502287
162092
155659
677929
306799
168485
478645
604920
143763
334059
312151
261123
450758
197138
547017
449183
236326
49458
514282
253726
592174
7529
471619
374733
386832
376853
334099
434256
546712
366880
295683
541866
109376
142223
395038
235368
672001
355018
337267
443705
568199
387014
241014
10548
568227
508408
684391
616702
20532
255068
98194
523394
105151
163911
260057
301980
715
154373
297315
362323
572882
553945
134997
557274
416329
512933
514987
108914
248474
171609
511643
700360
323512
296144
121722
655911
414460
41094
71925
461825
97577
687455
491258
615043
170492
19763
228470
56509
259313
389404
84847
651607
2984
665618
244499
79873
622837
610368
638130
595460
435099
649708
405361
244089
681462
622881
511261
126665
227782
208211
182191
566382
77522
232372
546883
362608
223271
392218
716160
540111
669642
188405
84234
470478
684612
182781
411409
447220
32960
465846
312384
424781
491116
21929
260108
92761
339242
594595
309595
575250
91132
592606
8699
137316
270150
24710
450198
694323
171091
23130
408943
288041
675940
545454
276163
3950
120827
356945
275413
380013
303506
353826
437404
68572
632637
563487
517269
405821
134566
10184
309130
329309
375354
568169
329208
20213
564736
95303
400050
236362
698664
214973
442895
628119
306437
371646
415975
346141
122536
391045
568853
602212
227944
238170
15233
707067
350229
421595
341362
31642
184710
570947
234191
163441
708148
300487
135132
370474
686762
539114
217827
703337
657133
579617
155394
645295
76858
706139
386373
297056
440127
350592
304494
174376
322629
463452
717802
694797
331724
423034
134926
179894
82418
174836
432176
373288
242718
99964
446092
339666
107509
258554
621700
130177
115447
413259
519157
116293
108587
347912
176030
204563
579450
545329
11199
147411
471006
581267
411784
274434
258901
12070
468612
180875
433669
13650
634935
594957
420935
406449
248728
100328
339866
189506
424815
116850
4128
140613
1202
217221
468931
695458
96636
583537
372147
262491
76327
355550
519910
407053
163417
588335
454460
239490
561543
606594
29492
288149
220278
682728
282184
567175
557272
598558
297039
60493
188450
704963
480644
13623
418865
90111
667320
25458
390196
308200
520588
571223
122658
290008
347055
539639
63156
665677
641032
578812
144738
465611
690529
207659
377946
468398
366869
132361
110114
400590
187862
22103
256833
607628
499390
656935
712039
660127
366527
555769
297492
209806
629473
470984
33141
33492
710160
145534
393771
533135
268578
389157
44948
241681
677624
674771
488355
46477
36764
68523
669810
487142
248802
484984
250293
283980
166998
562798
413726
658871
269176
359288
282011
273598
190717
133908
288811
296940
187994
94399
381979
638668
12182
46359
155894
259501
495072
550159
173736
333172
238594
309648
90223
19948
91464
88845
112558
347451
100053
92761
117339
38002
361068
696624
531850
191998
710279
462226
261598
397051
71198
188757
74213
281851
631274
709432
242020
589472
136449
426301
422532
382151
18171
343142
634166
590211
102684
63435
529537
347408
672902
105933
169580
77050
127881
222209
275406
435795
621856
525777
628300
419726
102561
307606
164476
643601
672134
504501
577358
382685
184165
30043
148018
560343
160071
697199
188496
295198
329668
713857
3544
185068
706497
573144
220274
481779
615277
493797
568510
77483
645249
452306
17093
456464
66895
239508
108037
631584
289484
503990
263698
689294
690849
33231
604542
424953
369917
154518
490789
709604
413686
216738
170812
713605
608766
79942
661492
111101
216290
529318
57702
658287
99317
606902
676267
206450
431328
525972
132463
88128
216668
32753
62081
687837
482424
86800
233182
81404
608572
549817
418177
95569
133279
621527
179748
189390
704546
595662
285101
338216
540509
484229
177374
17803
361771
45136
242944
404228
70413
281156
367841
696925
111767
606477
654892
176034
152486
249536
76204
516329
387040
546325
164373
246835
387313
40421
263231
127126
267191
506645
199462
300056
650112
455082
305560
283560
333841
96548
217301
400753
345158
14101
529833
249726
313401
373033
641413
657267
636554
459648
508401
467928
565234
698762
442437
158228
252790
632461
121426
329290
457644
306881
695029
68496
390419
120539
614637
463068
114316
403344
434931
644581
660611
45526
146835
175582
6422
20106
522002
161710
662553
709911
341755
29486
619229
284937
682185
484686
331808
54604
659280
451877
191887
61670
170739
17184
38882
183214
111278
495634
633904
385171
683381
308225
184205
88878
400115
23174
559611
365714
221050
265896
147085
467350
138686
405201
698092
116880
558853
228548
11465
7643
376052
575929
356319
32847
634614
248000
508072
343500
469549
650453
132933
85953
415773
505784
246190
376408
593703
334630
460415
125288
636026
680287
278737
291562
420320
683407
29009
145738
369609
198158
484571
489564
109459
224496
91283
430359
667415
417905
321551
546054
334573
327744
306955
87877
23695
122757
161805
397705
515080
583479
439364
573032
445051
115642
696227
97392
417986
17146
695158
302097
275360
39500
707408
489307
7173
165559
74769
577417
371298
96142
196421
197693
173305
168784
451253
365715
643972
329196
246814
465622
363032
699776
463670
18397
88271
252012
126713
648594
552479
382700
341171
207307
392663
500337
315434
107785
592232
338365
538215
335605
186942
529569
469367
570756
662298
617699
598701
13784
256733
219170
609701
245624
436889
392215
325262
325961
296018
187721
173913
175231
386465
497518
588509
586542
178493
66822
41600
375862
558205
261022
436119
86406
409358
313681
401233
350776
244130
263483
401798
100734
166154
317226
510418
12444
295804
663524
397539
671546
234725
174020
50090
450822
662174
644430
425595
216758
447047
478096
563953
246855
502610
62441
311032
1347
678659
320291
496750
145220
161822
34900
162924
356688
349320
431682
552668
88327
426511
66785
86121
265878
67438
44612
416646
366545
266662
225786
527037
287869
222511
639852
238178
536639
256467
92155
96213
74291
677408
628250
107330
267324
367398
581621
43114
612144
9380
255848
531878
268484
481288
469934
499477
684078
588742
459722
65834
96462
76793
640067
222566
536681
343632
354879
312942
331319
581968
534495
574004
717841
497435
152055
553683
376353
540570
465296
415360
563204
194573
404153
98555
219572
497519
29781
113714
510238
71036
183256
121167
323805
668760
474775
187780
301975
375645
538390
469141
207248
341674
22769
291480
139542
391458
156502
505169
10320
125376
140667
25758
6820
632388
387028
261018
603087
608725
257938
249070
30989
349079
148862
73983
253087
707699
105411
528621
630902
50368
641864
598398
140907
585201
502309
666053
633240
442031
649131
144914
109004
213289
55387
706284
368388
523332
102612
143863
644475
244590
257685
3844
43046
133737
677847
526557
582846
192777
320724
590832
617133
137416
149026
434446
669252
272825
507588
414826
144057
535928
98947
355970
376709
213455
261343
144898
224638
449583
636354
296320
697351
641072
144965
406644
161770
354134
41788
703720
592952
463091
372187
665333
247225
324374
35046
246739
331478
575728
457845
341365
242704
299850
184884
431148
392011
290063
321867
197902
534654
16647
75884
118928
362226
387649
4350
464422
485017
76771
599971
455920
465247
550977
214845
693479
512737
240539
525671
490039
286513
71098
636104
495348
225305
108832
528375
144774
40237
196341
344693
540360
171315
89552
62816
194357
187612
362560
715909
144899
141778
456433
397799
120265
636777
393155
28076
83909
114559
288168
137308
349273
648408
533142
13172
701016
536668
42483
436693
212656
174659
287402
5978
379461
592524
394897
22243
460494
298824
79139
692628
557133
466027
507849
20229
87893
189673
98954
627867
335172
544252
284330
66630
400892
119022
111740
330197
609710
564804
568674
684631
238005
660232
612505
580171
533298
667337
116335
93979
6243
662343
26021
677829
99784
4284
133575
433672
435950
569969
75854
94690
144267
32968
445718
360529
557817
133096
169025
668096
503813
453082
186463
616540
702810
225569
59462
380878
34037
299321
561666
705435
61802
479198
390971
492685
448745
456371
451228
365210
217074
188775
615488
556719
585293
269808
19122
488831
228759
371856
185144
549332
322117
62306
331943
520265
684096
41626
167706
145176
605827
496931
46978
490400
510568
638091
542895
161133
640552
14547
666215
477730
93992
548093
190653
435409
666361
221021
450126
281205
248079
685120
138626
145145
372373
188370
115465
149886
221766
89474
594885
444407
132624
623482
537695
664653
617667
163788
188999
430000
289788
200419
55800
549142
650390
303382
174295
47050
59577
353253
266133
81753
517705
515963
212428
400849
52137
310034
111052
494643
456135
687535
251670
298871
280067
374194
481053
700915
174168
392370
258871
247850
651420
593781
178178
476307
615519
234516
607546
264845
517145
503193
343558
371416
410208
428859
20024
672947
1081
696496
711759
674739
430100
563158
221731
274799
86172
571992
541795
648831
52152
430479
386674
648647
290480
25993
645600
390579
385799
615391
672908
30651
470443
167984
302945
625556
187812
516757
446353
297572
67069
662785
186056
478808
374631
499552
178306
247194
13779
507527
458439
165951
86654
63009
307329
150853
11005
264979
483902
65805
512338
308505
333745
402451
684501
69490
212796
670639
192435
384390
328652
308744
391847
252723
308558
317284
71529
712465
3673
580462
196104
363159
539172
323225
531877
63153
493137
106922
150053
414063
16373
228809
15490
277877
589583
343630
378384
147887
424617
316718
210704
351228
217824
698721
572136
249604
327920
413867
610918
423837
512652
4885
267628
41099
125116
348950
267006
101609
280665
702106
13577
316607
511804
434586
360371
126047
391019
215128
292781
419897
212229
235192
63503
135442
384682
478903
558919
457503
178607
320169
465840
49211
526431
209757
222205
711436
43182
526990
650481
382146
638977
460612
472756
458842
144934
24734
225400
304834
513948
207486
3514
638501
661284
367792
13137
564710
454417
512382
24177
123549
327387
691772
648268
268870
333899
31659
351956
263557
477994
706969
33761
337481
136127
684900
2079
200735
579481
9252
175676
343600
286186
84309
381875
25743
579434
692469
299574
403191
150858
553904
17869
166515
464389
42281
697839
513065
253186
66905
35053
157379
540476
636684
124486
244659
167396
354299
699381
493718
84949
8955
8160
651235
393205
544356
119622
281117
302220
613749
161539
27324
461491
87072
577413
474195
614514
244182
395786
51034
140762
153217
178281
81123
118290
43964
714453
616643
593436
321438
361960
254901
253676
427598
609793
25050
584522
55133
708436
62366
93362
268431
33477
628052
670257
212735
60441
708203
578186
171735
367179
306955
281010
236519
578067
289164
235
141291
646848
354039
420825
577297
3841
415944
490904
6114
418432
630055
225025
597462
46686
430315
225556
340633
545970
702000
167131
292105
476321
50154
674631
565389
142946
252327
455141
508182
506899
79663
482484
444953
51226
184189
566241
346664
49493
694497
592338
261919
36269
29920
173843
104480
144245
606817
542497
632651
644930
168283
4839
547796
402520
58999
575246
579198
327547
29355
599966
405284
372669
237661
600503
510176
206601
156959
122180
48558
602132
598784
582102
20826
124140
183836
11307
480628
359287
262519
678313
229740
20512
442850
11029
547250
473501
236068
179415
11898
43261
664736
19646
598190
168764
437563
708504
427374
316802
121856
371562
604475
351651
33765
395621
23784
607688
114188
558525
392945
132570
13321
376606
480982
683137
309359
556768
318671
579771
317734
156568
4166
291599
298761
54715
80020
562626
79403
518497
417191
19111
16647
174328
438455
18394
195143
454389
469816
326851
713520
34946
422269
177929
2903
15682
376392
463484
651403
230504
630727
442370
384363
282501
632835
109616
111285
129952
660
66114
227310
304617
692707
653259
397010
288585
497679
578599
18284
604339
297032
710077
88535
207114
404247
661574
463516
247203
457282
229418
309397
205641
304576
293869
318661
507183
188057
41532
246677
672161
493022
163314
267912
379820
247258
527413
105365
374465
632916
299767
580374
649186
76949
387419
680758
61685
31486
63734
535865
543585
461047
679442
347267
174102
208449
3753
419925
524218
305236
163432
395688
415962
271942
519336
577909
381806
273775
86704
560526
322508
600303
121682
341094
410468
667905
601802
226267
470783
123699
607471
414045
374683
219188
551993
358556
12321
317742
345227
193427
542360
220095
242003
407816
617178
216522
589776
683517
10041
551869
712054
259832
276966
27117
657965
3483
502192
78925
79030
288785
32414
494087
87092
706590
424790
626036
336528
371056
497605
686836
704548
493292
588392
379344
402922
450503
480006
429864
214930
98910
403943
588236
72479
361271
519778
47502
590853
352055
476157
539461
425488
269316
68748
191664
351697
696395
67295
364744
237822
267202
23863
678343
140747
170785
606841
146395
351634
562886
14584
317332
414088
648527
445147
633605
660295
565781
255258
142109
403034
622264
648590
672942
208202
12874
602544
678722
278793
606295
692975
118667
259559
280367
445385
326782
676467
378222
171429
599774
701319
175470
137601
664466
503028
511805
156978
702458
601923
140461
195904
65154
601555
353739
228733
422808
7306
523504
376518
545055
481465
347608
116383
142413
307101
102471
332160
247997
431263
299072
281934
174963
629008
116985
6700
7705
394512
143255
158638
676467
479198
268531
549215
606569
241246
463686
61447
13686
104879
625756
136676
128591
181002
349184
226002
557783
213859
485731
352149
638481
498863
465008
466838
34881
76569
233449
38106
26351
484562
330301
462292
128648
272553
96138
638779
685751
45630
298925
23773
667608
597449
130408
108146
3778
305648
302879
586716
475306
581479
220195
444795
418910
401163
450585
51635
185687
147655
456751
172417
418876
388422
62046
3277
163062
603654
580366
405918
511129
527702
562940
222582
573105
613593
521288
203986
674601
669838
76242
584059
498403
319336
194678
698534
543242
639330
82369
283837
456047
574880
392300
48897
359242
564443
481595
659992
276992
414476
157215
81299
538422
128186
12723
379009
123549
319692
633020
494919
331555
353287
80389
206516
580143
216391
77700
486883
15713
25387
664461
65090
602547
79826
192612
587752
90287
381882
83670
212378
370591
684198
464770
512804
2274
54348
327572
251173
433693
261151
251173
183855
486326
87758
674449
252462
246340
214719
476438
704785
3583
140051
338831
356741
399062
241207
361633
393655
183830
313922
710796
137496
529048
220242
305254
92446
228131
648657
373617
236622
164988
115024
81749
319486
13612
266204
639599
171177
20509
441055
471570
87102
185687
52335
114257
277123
404948
324714
140831
696892
131869
421712
553496
560505
717128
93565
556768
9131
650294
574262
440936
660532
61088
677249
561708
49507
269371
74290
198054
148341
380346
42508
583604
343642
34338
650644
506524
240794
364701
269675
468262
38517
26686
122148
587127
55550
489552
229040
502830
321138
513840
628079
360394
711062
679426
382917
529392
527988
89461
507349
616947
495254
51553
59030
377224
35261
477888
352524
121533
326840
48920
75096
525812
511504
4728
398019
641966
224215
599069
124114
355961
192003
540142
653851
209319
150313
378159
644489
352052
162121
224418
172742
638069
671727
104274
436541
379227
292383
229538
62521
149755
214838
484383
12844
433035
633929
437356
567154
598830
273119
467126
25269
477288
285843
60755
252382
114453
599334
573112
686064
552324
191996
184394
474448
592722
39180
691087
105275
522469
59213
385857
313507
215219
370653
684834
298904
386285
645086
19497
674024
705560
213472
609794
517155
685369
696371
70819
712617
409717
460238
542082
121751
410913
117269
616581
198900
665728
583075
589277
167085
5127
85562
243014
714288
246150
174646
28324
364613
286312
119246
17514
408947
621023
412958
405240
987
677535
525886
112772
510191
494994
15867
182062
389907
372537
262866
579707
277108
258279
366942
143335
207983
148491
178823
33287
455882
193602
599591
595317
575744
615544
63492
594002
190367
549094
397438
571
72191
711315
578579
515625
644636
559500
263507
42494
440710
77279
32857
463656
410866
59840
67546
65705
592391
606118
577841
58517
8578
387660
426141
50328
365053
269785
13946
157505
683898
25053
648778
610629
589646
441465
463055
208850
683517
1293
370785
308647
692932
545295
299559
415971
102101
515745
450327
425809
479033
241375
434339
703207
60821
184167
79081
469647
543648
35927
360936
262628
688957
487838
394140
678298
697464
705794
239503
650979
193175
247275
395096
618223
453356
474960
70370
196301
632457
300246
695716
171770
675001
459688
514712
117769
715310
291229
418224
369174
686697
20508
390211
68837
506802
70847
627297
554140
638665
249982
632395
175561
62341
66758
148499
499167
348233
256476
479268
625558
548254
304236
559686
96370
1096
91202
272592
489418
584813
317909
71401
151253
157828
70536
423410
616757
354209
599632
139844
295740
519038
181461
41100
349821
602333
316042
335468
32400
708780
555554
656339
96733
112992
412061
308349
121924
465020
515966
334722
642252
706827
279143
613157
637732
376584
409983
200700
542816
385096
393603
533588
541548
615895
4333
273320
455971
259076
614499
463870
518792
429138
42397
334601
604426
567986
288242
237498
160545
153075
173287
218683
254238
170880
326259
183986
107198
10312
557714
601460
565502
638435
76081
631009
322790
297516
597204
704649
90819
575714
122276
276991
290355
601453
369078
161770
137997
132859
615023
543885
661096
238638
389437
376016
534642
405014
190478
220988
500937
240559
358811
57469
264606
707350
146494
674674
237779
496008
523274
91990
41159
48449
444632
23147
258732
267356
134815
234358
60496
319977
313504
341595
684979
636377
615162
372204
953
237055
99260
425964
15004
21876
355551
614271
150226
347005
117604
132874
505271
655530
289641
375366
263414
13063
16316
590749
99754
564208
585843
59165
631441
70846
384978
162878
446374
526228
168127
324876
634515
355798
212554
167530
377656
474184
561905
562413
613436
716622
357879
671261
220670
597944
426081
11124
369438
328176
202695
494405
205959
414260
105813
279302
163392
592123
49243
630668
72015
32414
80590
140239
403273
158331
701074
372682
400619
388280
203050
608018
530708
344486
22244
362824
175433
198942
375834
128247
121477
124453
417707
425750
352506
501647
611291
182012
614579
147965
98800
659940
68725
235917
201417
614204
358585
598472
266017
7663
698757
613631
265231
23092
136466
127165
314983
701125
449455
561377
195699
340983
163788
16648
391755
6705
256242
89823
398732
528435
450411
372424
345849
125624
389911
123218
123445
190846
632875
688990
373434
709672
76256
131930
355618
140455
187337
58441
53672
707755
445013
292568
304902
648429
361474
378413
436795
495312
306355
160542
284033
547907
690914
653703
134315
610410
701070
91195
662006
105356
160936
503408
303008
238852
59713
193272
443792
690967
181618
347759
187325
257136
307513
245823
16487
530222
226322
84877
8043
14277
210134
456205
281056
540638
245282
367257
421883
342360
4887
9226
408357
81314
687397
264350
359415
207560
626867
481084
690295
71638
469691
24590
569930
3788
158563
492205
237959
397296
262221
531897
362243
447933
28294
566425
280613
440143
220935
146025
67970
685194
642033
377140
431880
686032
143727
156586
316160
26987
306180
552478
339407
267635
95697
365534
582888
314979
305938
205569
445242
120829
201997
676650
700559
335978
684900
28394
457991
467723
35935
99279
258715
608689
370441
135135
646781
173571
423042
688257
363287
713434
210028
125558
579751
639936
251750
366969
248697
638486
144253
313669
49246
17317
359566
629585
372624
635310
509993
324882
509077
242860
635615
181556
558482
300281
78912
132087
256979
648335
272338
13370
516846
581056
29392
186705
279361
626875
141340
674762
53502
21148
657341
236360
616589
195747
560017
201642
213757
57417
116851
181967
536261
456435
641781
487931
244089
93645
443613
23717
434905
163073
90314
563505
387222
258554
120480
626872
202480
171082
515264
102895
4317
405243
592697
79037
619161
164886
394554
587437
140410
623481
692967
310024
622442
527881
63907
88890
344585
18231
715249
403878
496182
43818
244427
261513
58607
11378
613586
504686
544608
195797
34012
339193
356542
237417
51836
27196
469599
327399
455401
92753
147165
244155
227799
288435
506234
242398
123459
183133
443132
208092
192448
211370
332789
245476
666750
645274
556617
143797
42546
303557
369752
32600
24008
374773
166390
610137
219864
354652
349755
404207
638424
197725
198338
69203
319260
441351
707140
47452
709743
281453
41904
698980
415734
332203
582621
153006
95531
485727
337988
83612
501870
390640
593070
301348
464533
572396
69068
109932
112003
39727
565458
537008
250436
514695
673301
249464
540874
435889
115478
363799
707319
627888
2056
326242
716634
539900
95733
511924
143376
334461
656557
438699
189690
20521
406456
73784
682196
85931
325879
419585
588889
156227
258792
168553
257599
280306
268037
649815
475091
202754
714388
680219
292365
250834
137498
316380
378929
49088
515675
17252
376289
168079
112504
140393
674153
255329
219265
473011
215623
346409
16671
270558
437072
641033
167911
2684
617263
687314
620648
320217
162451
303841
208873
609107
688392
303385
95982
114559
110919
415019
84416
563190
452438
189805
259994
321611
23666
625735
666774
287808
144180
116940
342972
686337
33220
634361
47682
28326
341044
717160
453448
200854
602733
303442
334960
667056
675781
174597
474206
464148
210780
121163
317562
285085
314809
142336
633482
83334
241592
95434
415700
90794
67998
160647
516843
635695
261545
518431
154215
261188
480159
430795
654239
245726
670982
32753
16769
445803
480420
352669
696249
324120
403895
502504
592124
159074
245515
53107
312634
655093
620478
80358
655876
7195
612632
329477
621953
257433
712624
637204
334772
569189
648526
446525
118498
370454
378044
120773
675794
479270
414781
399610
567980
435193
316582
364217
672905
561126
520252
83712
661672
48956
364437
236782
52907
482203
318108
10295
255804
340660
139977
96213
393873
624554
462734
109700
623254
347609
165848
210292
690759
311300
364014
705794
295121
211399
41967
504162
478473
153394
327667
508772
528528
483326
410737
235766
295409
321742
285702
439455
330211
15640
685248
467713
622913
535397
212641
407111
557238
324895
188061
291077
547573
302662
521082
410253
379656
645193
7755
227186
696897
489875
252772
547013
213766
601204
121788
362823
661262
292004
287600
253602
310689
294430
60181
638027
339300
92592
484248
714479
297784
186689
58382
649734
287491
324715
400506
182526
431877
580955
564683
407687
511518
700062
582144
326020
558731
2376
558205
703509
710879
439404
295645
147013
81495
488874
589957
82262
145660
297172
415423
200636
380659
368306
428158
701110
465651
265576
558112
528463
285873
317121
45717
112742
443735
127229
236188
211105
663177
591787
277093
427118
354997
574254
712180
248294
660278
499873
322691
58565
178195
697500
302476
175283
436704
684366
99293
412568
123429
471780
130077
56135
430438
73596
232346
218298
405138
420185
148756
227861
699577
503198
558110
259167
336378
474982
641965
459808
263857
469845
183575
403618
190844
531803
376288
111911
312252
669270
522198
265092
4845
191870
365978
665863
378831
31754
388487
420389
663225
251325
332789
391643
66039
478309
33681
148545
297350
365324
252085
655792
628663
311460
305743
42642
715220
332063
577826
462493
155509
316356
260923
215408
681834
335832
709016
379418
549560
62363
166408
467501
547277
308047
212923
250535
177929
539693
57922
188688
235111
267427
288010
100642
131908
582734
162980
171248
26533
547704
62576
547062
613447
270817
96772
679173
596922
119095
585018
407840
18704
355919
39890
340186
443051
687682
403370
490843
214712
579460
234069
476031
135444
264538
346366
241599
316433
581289
646553
597945
47945
447509
123432
403190
678023
120187
652151
292472
115588
312207
427699
619731
140521
424072
609873
78136
79425
182262
163470
551886
255345
401518
408047
269839
387583
681007
554895
222780
590383
140677
477232
420250
362946
283363
548858
462615
299495
429447
238595
669212
88923
221308
12739
368218
50762
158431
313010
616562
87549
71171
427365
591309
88215
586667
281349
88170
11604
568391
378509
476859
700679
401820
115702
482135
324708
374541
79974
101099
89631
97002
707154
245799
478960
534695
608803
651352
133160
95981
510508
108156
459316
328934
214084
186330
488
274434
130176
476945
73777
84463
443264
69659
12909
624174
365541
101504
140342
22140
367145
619661
424503
179492
87846
63019
60702
318530
678875
557513
578770
202074
534848
717579
568884
239787
77435
238921
240156
342330
209575
38931
19230
584807
606563
475860
605609
348783
167898
200013
355943
125411
129606
230216
525481
312113
266538
31720
542746
23082
479717
57901
11260
411832
419509
376262
569866
266383
462217
97307
174125
600625
174616
621993
49838
474123
496429
253634
441413
706020
202203
575774
321491
492713
554772
449280
441373
302368
103404
623690
282016
567304
692838
568992
544523
432078
579511
602779
299040
205379
349709
502944
417518
188925
101065
525547
163367
501798
73379
8797
271117
389375
717023
265294
296771
25879
159646
712995
454232
401230
300586
106863
693273
544335
432985
710006
169237
667111
7799
395171
74573
440102
24263
591616
665764
431294
544100
286991
672213
656326
332605
48582
1732
531225
20997
232711
170493
700637
593083
203609
82236
123725
1719
329746
255127
124630
178531
109295
453893
23930
526461
462291
99326
564240
541960
353204
565629
351759
437391
268531
461841
192969
459990
661305
12845
522493
112238
44317
290249
322585
565668
308553
42236
413851
333456
474212
228470
711897
74224
220653
428520
339079
34765
127741
664796
160795
164279
246089
715099
490790
244204
631568
141283
522694
409411
248802
495487
