33018
174274
179707
30237
121791
145146
144878
163138
45239
2095
29961
83419
150494
63836
6850
189345
110360
30916
101534
194964
188514
102873
1042
9434
146107
100533
143526
179683
174519
181319
157586
51905
68105
17601
56893
21761
127833
38791
17320
26225
167678
3051
51446
71238
152283
178456
45873
48929
99104
134969
194846
151328
55651
80853
157273
99552
164909
155613
49731
147811
168642
110876
92306
154604
22438
113305
166503
161028
110567
101437
9004
108777
66132
152495
162255
50093
105036
5813
39995
151642
86079
76380
187647
188547
1259
12091
108559
103514
20604
162803
94431
155129
45595
158131
178199
105230
30963
80412
164321
41411
52962
89411
172324
154088
87960
171169
175650
89116
198454
104485
103458
14575
152847
31462
18540
123871
160744
47467
96800
124854
159541
45333
164319
12894
121443
151899
56609
90501
112665
144358
47785
158434
19315
69179
167849
88903
151682
12846
58613
153253
52298
67819
29759
183991
48519
84934
59845
37021
35418
190181
10281
174896
192141
162118
54022
42276
59711
125818
177745
160304
112841
43238
171041
150491
176220
117870
138150
47781
14742
22875
84210
129743
180413
184420
73891
178863
198791
121832
190939
64958
19717
140314
178313
36070
190947
185436
60328
132673
185983
79545
129249
141408
84941
171717
154812
34194
81793
110028
120364
138861
60915
49432
165502
128113
61655
44908
44688
120117
195499
75253
136360
75794
56316
165294
64973
32435
198672
186013
183181
58648
189086
149549
129915
8874
72470
23155
36387
169282
144065
75692
152235
187193
109227
15612
124412
196563
19831
84414
162203
33149
96174
157193
131983
68932
79239
127148
97228
20068
126160
100384
31057
105674
92635
14803
83684
194595
145715
47982
87305
30254
153955
20498
5923
154066
167312
127296
133326
74181
83668
173529
52112
9158
96722
58180
89013
122196
86160
30039
121850
74072
196570
149871
50923
48889
172914
198096
130665
81581
135038
163433
2913
106544
80765
125826
117110
22074
66682
199957
5147
99065
184402
16040
194090
15139
6564
198841
131828
199035
154486
24142
47993
108597
164921
172270
90984
65970
3352
117784
135125
4236
43045
57654
102951
64074
16073
82794
61986
99440
5188
98711
43429
62431
93465
130409
98401
122791
180747
180906
175343
67752
39333
194215
108676
22894
32834
107535
122711
99191
92774
61834
34244
192714
158244
189660
154519
140630
57588
161562
75729
26904
76577
63648
95838
108056
76134
35811
22580
26047
96991
137843
115133
63202
48828
106026
121864
39859
176538
58709
7243
46895
28511
129234
44464
173371
45660
170779
100686
189952
176178
197576
36486
76102
83504
63436
170594
105812
43747
178425
101567
26052
60611
168846
112398
106312
195078
37811
15630
139390
42228
124567
4589
162747
25672
56019
84348
88291
109315
100267
147003
16530
28344
106425
19139
63330
123771
23803
28529
36684
2574
101821
131403
21869
197199
120438
77635
40400
13202
120853
85272
26786
54436
175666
182027
157115
44712
58623
125706
40916
104559
73945
111597
43310
84681
14931
181225
73192
113330
76922
190532
175228
128569
19426
30442
148798
154449
23913
179577
137927
54763
188504
143810
51184
190139
151188
145484
9111
41520
183587
122077
85724
185858
198252
170946
141778
106520
54990
91764
179427
114091
97674
39753
67966
39407
50952
109661
1957
139094
109572
178979
193035
90468
170307
84598
113734
199542
116253
77999
152058
57965
87822
172176
36835
42705
181019
61310
20154
169984
152733
41140
106788
145944
163240
27511
44862
31533
177065
61480
68595
77197
94445
117251
173203
5923
63851
29199
74094
166737
119180
14284
36502
169581
60333
181699
43142
15913
6680
197801
126723
83466
78482
131849
40023
167009
188130
59776
140298
199128
132119
108020
171393
125235
152417
98274
170688
175209
121279
99681
30138
29172
149248
110123
35763
85139
117056
41386
198545
108127
170438
122294
26930
86161
57633
68506
22547
130565
195720
89350
47373
174668
75792
47700
422
173020
193210
148212
131818
105712
76176
86482
90594
193607
151574
59397
70084
41818
86195
63371
153571
73088
81576
85154
25001
40734
169531
91320
142129
180086
83103
104849
58630
172446
101708
122010
1217
21734
133979
14558
143141
198362
98416
191917
117534
37561
48891
44411
160249
54762
138934
66395
53960
95382
25909
183600
31796
194848
108497
56433
192494
7942
54700
94876
103182
35570
57395
171068
155760
40589
101303
153442
156470
25084
78729
28773
82148
170919
91360
116394
125052
104390
85254
38014
162851
63711
104993
109698
98803
96883
54092
175903
63826
102550
188665
82746
40912
114348
94978
193196
135015
1081
186688
45570
182814
19953
26427
78774
76573
77240
146987
175016
122475
34953
12033
193527
44931
98381
130202
80502
58245
189057
131212
163307
93539
170142
38873
35020
58791
145849
127641
130739
118515
51993
55079
160139
54349
78496
56483
100289
138640
188818
49860
126727
4346
30774
131771
77461
86513
149107
131559
101082
142383
103384
176331
123429
142812
61594
59733
163933
159530
38818
119119
122111
157613
78223
16449
175676
1872
9992
48931
46141
114304
199119
112024
37067
71045
154552
114579
57601
27610
129911
153040
37416
160963
33032
4264
134510
113501
21140
997
107195
21539
42057
84536
61088
76418
134963
1288
156799
113879
139398
136217
61443
79411
60620
147868
129814
58604
47534
154424
63545
165870
174837
6565
28407
101682
43908
49869
189317
162594
188928
69916
185355
2468
133094
129049
131106
137457
113928
16483
70644
27043
148233
169082
12079
67604
48507
126487
88268
167176
62063
183329
33641
41839
150050
133146
64566
173493
74832
170259
83735
150325
19294
137459
114565
159999
10941
196364
181226
2176
61422
116500
177114
183157
196848
115823
105464
85719
96770
100754
150533
68322
189814
197106
144912
199608
33434
42390
162822
22391
121355
195011
156259
180719
94906
118994
110723
72036
84912
98623
33610
35281
169346
46417
30338
166255
156180
153799
78420
167683
47997
147830
69720
143250
36030
170990
49784
130141
136386
105986
196006
46068
77566
199473
111588
163771
178751
144622
168787
22560
22329
67742
161295
180385
161267
42233
75855
163724
73868
170201
3089
85603
69514
42187
112903
46155
68090
24032
121334
162446
194960
37539
89285
34826
129287
66197
183092
177
128644
168900
79240
7226
158645
33544
49061
7545
50611
147596
78078
191917
6366
26261
167365
4316
162965
15459
104815
120624
37360
91652
117316
168565
146261
41443
53999
170174
104747
176769
147358
180468
24833
103670
158806
55504
8667
69917
53502
102040
155207
116927
35051
186187
136579
36751
100302
198622
4573
126320
90764
199831
135111
129793
181378
65965
122286
91821
64557
81942
136274
97528
64125
57519
45835
91578
173218
181560
61961
52842
174513
2669
27990
127382
198695
77698
6387
165592
46973
186248
184463
6849
101286
123367
8492
154787
47985
44370
89087
111206
92111
125505
190537
5193
15898
138921
67902
54725
148180
66874
4849
137472
16258
199099
121479
362
59201
167746
187478
52856
115811
196301
176124
23104
97769
183218
70942
107673
66852
20401
190466
177121
147235
183072
170367
81062
161958
121225
40230
89710
142848
109041
174562
42828
122902
40538
199306
88751
176284
50760
18820
199853
181746
138205
126561
170110
64363
156915
95853
28532
17274
134081
59793
149693
170325
146991
188372
106638
166862
6224
34964
167185
12064
7062
147225
91421
33041
186445
41171
161714
55757
62950
121432
98200
145274
142660
35595
178125
176886
118976
146456
131549
30550
107710
27110
196982
1030
29327
183198
36349
174054
15258
25677
3076
82349
36124
187714
1444
173306
112502
172025
51489
129580
75609
187780
50802
74435
116706
41689
143025
68675
54879
173297
99593
89444
87143
130640
171704
128616
111415
125159
87715
94639
73437
120986
155239
47440
101109
138677
88558
78892
143104
32092
175587
42830
87162
22021
101801
43832
124412
138227
85929
79381
144392
164173
180557
149375
44051
90670
67644
116667
61813
34025
119127
107234
8004
151679
21082
10146
116703
101913
159482
195209
136537
45006
166388
175267
101297
158487
186205
72412
80860
1361
171923
57836
47689
105593
198437
171999
7777
4004
134601
13469
70973
172262
133252
194327
156760
175600
172397
96019
5643
20833
132526
116116
152238
21465
54423
192748
74186
8625
136809
83397
91701
71951
90619
75705
15527
63647
163666
38645
185937
95570
36733
40249
72267
127131
66750
144103
163058
3370
154622
134798
33039
62989
85387
159433
121954
170543
115322
150490
33499
144452
195454
47074
18546
35880
128147
33062
76047
101336
22342
88532
170773
32681
175371
176200
146321
93033
17983
160390
153477
80511
96787
17836
44266
74979
148691
144526
44553
57848
139127
17191
136393
197440
99295
66864
74031
126241
77686
116100
89528
174494
13794
58843
93411
48506
48143
182075
26336
43474
43242
21209
180704
86501
40879
20445
93246
167026
75802
111137
144371
58474
42103
206
149735
78240
39435
62565
78125
199977
45646
162311
176117
54581
19816
138579
162228
163174
78372
38170
92029
51118
63607
21456
58297
72178
105287
156630
26879
31404
128349
26909
59659
4126
56803
19122
153167
143477
176406
30044
6386
146459
31706
58299
162742
76246
171875
59559
28346
83264
99518
61196
56647
116441
68414
6155
100924
107387
46323
90259
159721
147001
94448
120644
7357
139028
29551
21907
101963
92018
137766
143158
158677
82515
194041
114811
30807
87552
138275
147528
132108
60569
83032
66483
9883
39298
139851
195390
181694
110419
56075
128308
130671
97219
101207
24847
191556
164685
59738
140959
113687
114782
161581
29437
121197
57810
189289
139724
67022
162409
196645
71797
54343
191837
136983
159313
16648
180775
124861
52817
114899
51523
185666
46331
142565
133201
87271
45853
89318
151926
38071
37664
190106
146342
67914
180794
124413
137124
147226
69370
24785
18277
121512
175001
18124
156880
172304
48089
158328
69154
27254
74172
83932
83494
86694
84695
152114
145089
111986
82198
167204
68476
46948
126173
13194
123943
70230
71804
188475
179473
42439
51904
96774
114709
106603
135075
198351
38185
138797
31218
34722
142448
150361
174603
65422
126939
53002
91894
81767
167763
100567
16590
25092
63945
31358
11991
152310
4194
195873
76815
177783
51002
33091
150066
98331
29258
33785
5202
108201
54014
22906
198911
68568
180540
7493
148010
61024
49343
4065
157851
17800
86450
123404
140587
20773
33333
87563
85942
99888
132180
188210
31472
82851
149765
42794
24749
19158
35805
152784
35960
198
48245
62552
16489
144204
161278
24097
42291
26222
174332
65977
171325
101142
79369
6427
67153
182215
16117
51948
126772
77574
104996
6309
117579
164003
20337
93047
29677
66223
47284
152684
192880
48914
65991
33300
73860
25362
142028
83187
34181
191586
20519
106727
122853
66270
51263
53897
124110
78128
69643
21637
84862
24712
147256
193140
191285
148384
91956
129117
151572
165768
144949
130623
50478
80475
23234
181466
39335
7816
199227
197369
47845
108484
140315
20951
125652
156791
171616
147925
173069
60468
80019
46432
46437
49130
132834
54433
103196
48811
64639
140224
140126
47350
98063
163177
171047
62287
178201
177426
190472
61091
140860
191957
27662
197416
111426
94265
90205
72794
29684
67525
47171
78343
5958
88430
120252
183842
86604
189779
89501
9878
169977
140029
31029
171018
169268
197351
40115
178025
162625
68378
21435
168642
63671
60427
95463
12722
171333
162946
584
95721
65654
152956
85695
74181
64402
143158
76112
146102
72834
135687
85238
161652
35708
188219
123791
178942
116837
42188
105171
87470
67006
102180
81254
136836
165865
171688
184188
82679
34652
57864
44572
118207
67188
48052
163566
191226
139353
10750
87883
66722
57273
63165
10079
188803
84022
72301
181086
133141
137971
156923
122794
113713
168917
151539
43646
56424
118633
102530
3450
33277
113455
133157
54519
75052
121266
145595
76680
87139
198602
67266
15846
85512
186065
60879
88235
189915
48902
30362
191777
40078
7740
115358
2526
168627
183903
53011
112007
52048
18413
182286
124304
122904
64172
65352
105017
902
10951
102983
155767
182000
190710
27994
150886
145561
18580
125409
179018
189765
149385
122134
133917
66064
73656
63664
197707
152903
147911
186873
169478
29539
116042
134945
73709
6117
108501
82419
152546
76540
147573
78327
197952
165775
42879
117941
44388
34955
162718
4884
163475
119805
183614
144105
134145
114908
195518
153414
67361
24438
38697
127352
87757
180785
194249
148418
196693
8648
197586
6962
152019
102904
160901
111656
104307
198718
11790
118756
175931
49413
161380
167231
66766
184330
153300
95461
183422
47649
60747
89384
48893
99177
12444
116614
110964
60377
63716
166568
189078
43335
9874
99009
199607
115447
58327
170840
135168
22224
1530
190486
110799
170188
28511
180230
53773
38803
90722
79702
12432
175665
68534
144148
82161
9278
80413
132323
9329
22248
51936
36212
7078
130315
91336
62803
28493
63134
106775
156057
84485
165507
31561
161442
54982
194181
68797
192952
103963
70407
92343
129179
53815
173222
6674
64945
182974
141595
184391
17567
140043
58303
192640
50654
138124
23398
103008
88679
178919
16006
165132
175748
173500
133427
13294
91598
138009
114037
18554
196130
50230
56718
198854
143203
91342
160232
46685
55079
61296
57059
160057
180655
67082
169008
66705
130523
35794
6351
172970
64780
81210
6228
148210
53203
42236
54484
131315
34875
11404
166473
51495
17640
109430
106597
116116
178378
84243
27899
199772
82870
31747
112531
146644
15897
124555
164925
63749
180989
182507
158588
32128
141207
48351
63286
77800
130847
19666
122627
15315
157672
167390
47487
102121
128970
65411
20644
120296
24278
4724
78925
32272
131254
87578
137844
90605
124203
94527
47971
178604
67514
16963
93493
21250
136468
51751
197075
138271
174074
119030
159478
3928
95704
58539
143137
132898
57054
39432
165776
117262
131195
174340
149595
187094
20582
156615
74315
191470
177815
172614
40397
54475
134800
185902
122629
95428
18634
169547
14025
11042
136060
155011
90073
20332
178383
144413
707
142544
95990
128883
150307
21910
81642
116231
195185
26873
14886
56999
53608
55799
72480
191661
164875
54886
179467
76152
46279
170225
97311
123402
132653
92276
156375
54411
87079
25096
16081
153321
173942
30195
99325
121382
185271
171337
10488
158262
54209
160254
197354
133641
101488
32504
164852
82882
89205
146010
191910
137624
62079
155609
147043
151417
22289
35786
84553
184035
132363
188770
194355
36122
79696
140534
52036
61768
94315
18503
96459
157937
181510
82130
154321
11671
102774
126858
175628
96463
164254
61990
149669
149701
181358
100506
89286
39059
86423
36150
120534
180553
61489
125125
115622
172323
82259
113889
113777
129162
121671
69046
22635
22741
149787
55817
69391
115662
194591
55765
174189
143784
121405
69977
33369
20080
123574
185521
23727
10219
107744
137479
197792
714
35941
136407
12034
57165
98826
14784
36520
80391
72657
38504
86343
97956
4397
96707
83770
61053
79081
13128
67274
53558
20068
162513
196907
136970
196814
129906
186776
69182
170334
140594
26022
140171
17243
101794
90081
172502
85881
149838
53753
186811
56056
12290
60047
184547
113277
136164
30187
9943
156195
148987
134684
9723
154205
40946
110185
76958
30899
133899
73419
96197
134890
88529
121699
108749
132330
107214
68902
172863
151461
191443
172957
66327
113073
17131
85367
95906
37843
83545
72201
168192
188819
102851
189883
160054
106092
103270
13812
164344
79389
165694
31284
56633
139956
160529
73489
14138
15219
137490
180593
179747
43851
163152
45649
145509
37477
75980
114879
81278
115283
35229
178372
187818
72281
18134
138840
130901
40620
183956
143237
117427
104496
189864
145443
68119
49163
119112
12596
136348
70082
69605
39738
138868
148845
164355
173880
12298
118777
173197
185320
16843
9526
54436
118751
44658
43899
61022
180821
165427
5255
193865
19725
163637
36005
161678
100439
55434
171765
186098
184693
53802
179211
11621
181829
128247
106306
98158
170971
147334
170777
55654
69691
194687
121167
20014
145266
152060
6903
3804
2724
165846
169861
72109
126382
98491
3078
63432
161327
130212
138083
96713
10568
112437
70204
96421
114486
8223
129555
62869
119462
54688
77230
83155
124586
84827
102553
61629
143619
178546
99651
177802
170191
83052
32692
2482
126104
150736
62920
21987
19314
125805
109796
164753
178172
167286
2374
119610
186957
172774
139603
7774
138986
40422
165404
799
157868
59207
194149
54249
84555
173623
1607
157744
65495
171354
108989
171737
178624
136413
162527
100047
127945
187178
113676
122678
66866
56178
142438
61710
162515
170766
188528
153941
76243
90264
45730
113868
92509
69982
39744
94773
106542
142780
105310
49831
192608
149927
16978
159029
42357
75322
116020
167936
79907
149850
113001
2754
199557
150403
182064
98965
121322
23473
184399
106920
179572
128044
78857
12887
106803
167416
130908
87966
149015
154041
198246
2259
100811
110568
173282
184611
116035
1100
189942
35948
65935
34136
160208
6069
154926
2528
127742
192931
21770
160261
57001
132576
161722
2579
63181
143361
56988
160725
85073
50119
77260
168556
163866
66452
185659
177691
112294
15647
36000
23985
148316
28525
94480
193111
137842
166497
187970
146774
45161
1776
77092
98542
13890
156264
167324
45381
8220
90079
58516
110303
83083
72322
101997
137567
37927
169608
129132
71694
127615
158007
104556
19653
196653
146868
174160
50615
73518
83018
120836
166205
156833
161468
27852
92372
198377
162425
25514
199186
2960
159576
136701
167316
142691
104359
73968
831
167232
5418
180858
3134
139109
133064
191410
41983
145651
136742
154565
197982
78638
110127
73331
175137
154331
148388
131009
57450
137560
147676
198243
35476
147629
19485
38551
2670
76996
17465
38336
65847
6583
188021
129998
145006
82533
5692
58184
42519
159105
16456
174715
34723
134048
108538
33010
167626
141125
31675
166606
96809
134586
11712
135016
12724
89469
177383
67902
179881
31546
126323
139781
1217
139089
136055
108483
127565
28278
80941
130410
39475
131367
176382
60759
68283
65747
174788
93543
97719
155604
19724
121544
75728
14301
84582
161723
154024
157192
181051
195266
11862
58346
20697
115078
37793
122111
18356
35875
189432
86239
3935
109662
6226
17587
192078
79771
47234
186733
176437
152831
172511
47988
53732
178736
137387
125164
138140
11897
19350
157301
183480
28735
126340
189249
112029
172092
39022
20263
111642
102912
197570
33341
46800
75877
195989
140664
135408
58120
181352
57560
196725
66245
74444
191016
39438
122352
181003
196107
53706
159565
132978
97387
191752
148224
15619
110567
131921
124050
56219
23119
152259
186871
83921
23495
62494
57615
126331
147091
190436
17894
152521
149631
196200
189031
90225
68740
48243
22285
60699
76396
69934
124554
10389
191328
118466
194043
135681
150237
143756
119067
199129
170824
199636
111278
31853
82700
57685
184750
189375
188215
187172
179756
112990
41894
86073
188279
85073
61231
174890
131929
152999
193952
162978
143445
133702
76953
37550
81985
22121
149716
2690
176627
16896
167713
134287
180318
124509
196015
176316
165016
1249
127204
96401
156694
130676
155546
83482
7382
178961
187150
159075
191103
158021
155427
25352
95273
166368
78346
69444
70600
178005
179
194146
108025
9631
7559
106657
15644
8998
170512
48056
69038
128643
120511
178080
484
85589
29351
31342
5126
129641
184826
173770
102842
32692
148551
163859
162413
47818
187884
61069
101827
128879
162136
193288
117847
174341
158728
163353
92636
9046
79433
158184
96881
66069
78413
84142
18807
175794
146585
51184
131721
90389
194011
42521
142278
110404
137069
69816
119756
26640
25027
149620
153505
102297
85735
117828
111309
114377
45598
168620
86871
145623
41930
19991
151304
185028
197566
135683
168462
121178
147336
130013
144732
52037
159580
44567
125077
141128
74048
95965
22904
10503
165404
39200
65322
66040
122232
74113
30690
86124
129347
58448
126883
153597
176862
6481
48987
130421
82324
889
162168
178241
195930
100343
116324
125630
116678
50948
21458
50841
166808
91294
167181
109956
150464
102631
112428
49109
62601
112447
43624
24019
128322
73448
20339
62229
185902
106461
1728
119114
80865
115771
22961
24407
120926
153652
137573
122983
197619
115045
132039
17583
171649
22273
53117
166026
71244
160479
121519
97900
156448
5103
28699
110858
68912
58388
82624
93641
29079
196055
198681
163745
99114
73136
129708
11773
21979
181620
87770
194696
10472
109872
2598
181278
186431
174262
170510
112536
157294
35393
185790
22102
25535
101351
22204
83026
126652
46963
108416
185004
133968
73409
197484
169968
164516
22294
145128
134291
199627
140028
133447
25594
26594
188513
128615
96421
53677
30614
49668
99932
12702
149206
143131
128347
47306
50830
50734
117470
119953
172608
113138
60037
50817
3148
197896
50375
52016
191719
169003
164797
188043
115640
180783
90941
10930
144795
16055
146372
35655
154552
139782
148621
157122
90143
156518
152514
126596
152307
61855
187112
18399
167950
76247
169673
72766
179475
63587
81049
57769
146618
190240
47360
26250
129132
193303
29146
76724
25487
132371
192250
106700
76454
143407
159914
83250
133690
179811
125606
31406
98510
186933
106459
162168
25730
184794
196003
61464
126867
60991
11666
195510
14582
149825
49940
158113
60351
74047
61152
161651
168340
123311
187298
168020
145922
27676
136533
88749
199752
185156
148251
84300
2987
154475
104066
122200
17428
56511
24083
181170
43228
144824
127073
101045
76189
38397
180563
41770
120704
1726
26829
77733
131928
47551
97475
69944
51262
67314
83630
3743
90190
26804
153549
82605
37912
166168
106222
49942
170718
56945
160337
84910
19601
180666
147371
49762
148688
136915
140871
8077
5188
102175
116225
36800
101433
120659
111985
50169
141449
84431
170470
14329
187185
113662
37521
152548
15035
145575
8495
77310
68280
4556
74366
177787
51265
17334
48624
147962
68021
22573
128704
193178
99148
63003
19976
15569
83643
110401
182457
129184
98668
19839
146149
196843
1842
145533
112211
71563
20226
9953
4363
138823
51638
12871
19525
70763
12359
151971
176479
156931
102708
105510
76763
138130
75104
199601
22039
11333
105818
23791
59391
60504
1570
179514
122358
98485
4658
55724
44607
114706
32302
181293
8667
3591
174005
51932
43807
3982
88965
64246
40035
136905
176374
136079
13985
185421
71796
88442
89910
167929
123701
198658
109627
28964
132073
50957
4874
109753
169378
157776
94933
102269
20854
140569
6185
36085
139130
60930
159067
2332
81471
97752
43941
35341
88352
111071
177689
104335
1536
126178
18984
172163
64997
46451
19309
61386
36654
34237
18582
160545
142430
86109
97787
157101
116218
75143
24185
99446
73665
186802
12134
165652
86754
198484
132648
140739
192594
105818
150738
3492
136989
102213
42510
13933
131652
135855
74877
80398
116013
1610
52108
96378
72429
98794
82881
136188
110954
83630
117202
105629
6096
185262
100108
125304
146324
165944
183093
165448
3952
108062
64782
198686
128308
194864
143565
90228
3964
108064
128859
99118
52618
30012
58393
82936
23880
88425
68864
188340
31558
181082
112918
108262
123918
120380
94602
38090
131526
100003
63245
63153
113136
71804
194903
43368
48866
83326
196245
70668
171887
60265
172911
94831
23957
56493
152444
117103
169890
178087
100052
147462
110411
28130
186198
65273
142017
23473
160631
148607
176256
92337
81907
153334
177848
136783
108697
162196
29126
56116
69975
72004
168080
191764
146588
115952
6887
107754
165685
92434
152542
116688
35443
168672
69426
35216
151418
146919
190550
108833
176967
61292
72813
112981
100305
111227
71848
172747
149716
46127
90336
13807
53260
84933
24538
185653
199261
120075
55864
182315
23775
61619
107326
173871
114650
4034
189887
79958
170803
116943
136625
79308
71282
78357
111954
190675
28888
18467
110891
59552
150347
171058
89769
1219
108505
74324
19482
53204
140504
88743
72625
16692
76843
110049
59809
179368
133168
44926
81195
3872
113995
100935
2317
110805
119816
130631
78350
198365
165960
3153
35475
143575
49781
91777
57910
78605
60678
121263
81617
3539
125075
196204
13440
85224
184626
193360
4523
150383
110296
194269
15123
156693
88496
141696
42728
32531
88314
147686
70273
117228
89094
64655
3537
59128
173721
98306
145830
9104
52379
181236
197736
4080
74826
63708
118969
29277
101034
60840
127129
96639
125433
178670
179642
99118
31369
153212
28215
139139
51664
46517
152211
67900
48199
66445
142128
134301
66991
108007
126219
58682
176552
95000
18628
29522
85054
28653
193758
43656
175071
52182
37987
137306
199182
5571
43869
194082
197564
50009
42780
80137
120761
164928
199695
126070
47091
44728
183758
101575
132781
18305
49729
149065
71131
102071
166180
51184
30826
45576
59080
23341
87310
188367
70053
166340
162891
136502
98359
129424
166962
56027
116577
66814
104619
36876
54883
9203
162258
164273
185953
11020
11736
84166
181431
81862
185510
192041
161311
1447
120086
2957
13931
137727
167823
183554
28562
152872
154012
135739
59826
75946
111059
87178
43407
154460
152548
134395
100777
128871
82147
177156
84207
22239
60152
191178
151011
112885
174303
191096
172005
81249
4847
43462
83523
146067
83095
74373
25853
66295
55931
169787
3136
172808
178073
170211
80429
83609
12734
131967
69848
9361
164752
22247
31443
40775
31120
93705
121858
173376
184884
126174
82884
94109
179701
48959
103206
51644
86663
179986
75164
141261
177567
44473
148239
119105
186149
756
39721
107899
44512
190042
3080
96306
194822
14123
112562
108375
170906
88186
95024
108326
8433
5696
163087
186046
96326
151343
124171
149139
142514
82143
16706
147148
125657
52371
85740
166755
88322
24517
125569
43283
56668
183244
124667
12551
173083
170384
64476
33041
73438
84777
121235
178597
50632
51247
141919
10589
185659
38858
190614
179133
28117
80602
126391
191616
50960
184376
156291
158714
45554
39719
98464
59675
61908
130141
78333
186012
135131
6101
64339
70281
153474
98594
198266
63857
76699
51039
3289
167742
103170
153304
169193
197875
137815
49870
77462
187759
87358
42130
112171
11592
72870
31820
186830
112808
180885
56455
97638
22306
179478
16179
42702
140409
59651
158348
31902
60651
174388
46045
197213
115842
155914
140495
176354
77812
72505
138966
22319
198455
75581
187904
199479
103413
159288
15784
68667
57728
199600
112497
145994
41340
118980
54335
38949
68445
138326
8192
133118
176034
146073
84831
79441
101507
147921
132022
16061
64454
97351
182806
129064
24244
178233
128989
111274
187679
6203
43049
152475
44969
65763
23028
182877
81030
95014
68901
197165
47413
129904
38117
154403
94495
93423
22799
131678
130681
96920
17221
115976
17802
63999
54760
46603
40871
148397
156886
159406
155522
193719
189641
98702
142203
30908
33769
151938
112538
27280
164610
9472
91429
104730
52544
90201
11648
138888
60796
36446
76057
175333
196683
14644
657
177668
21886
32251
13486
89924
104416
87829
188565
37223
189941
18447
72695
86500
90953
149298
108881
126760
113852
72682
46200
178377
12011
2172
142961
162190
110421
170561
15249
365
16075
47532
20761
105434
87845
197274
52253
190454
14450
67040
119099
52729
66159
582
71844
171045
133422
157835
188851
169412
126468
173375
169037
168707
119597
198307
68479
159
50227
80617
116907
62307
187513
42886
188352
73988
21671
142370
110718
30454
129359
65940
238
30936
4662
31279
24618
27545
88376
62964
111774
122040
35931
37840
109652
196249
45168
47423
109008
150057
91635
58890
64638
39543
47320
149129
36096
19253
154620
33425
135495
168658
160869
29440
97957
144376
46499
176181
121255
111238
143839
35577
84426
120785
96666
5045
30891
40461
181931
69753
40332
96817
161567
144241
145097
156334
178079
144032
191595
156084
75574
87804
179933
127968
170949
138699
62223
58394
19387
103464
76755
95647
170550
56026
78828
17423
97034
46035
140866
44383
116508
90378
192250
36905
123074
48579
107737
174679
40510
187910
165905
149359
88429
150297
194804
190766
81367
45746
190174
45196
59031
116298
150655
36610
43415
132873
68257
138384
180195
126300
126102
84121
18876
104029
147807
164453
110678
192404
58350
80968
86513
120911
94960
66944
25432
176820
112555
32218
38870
136715
189602
153294
163849
144814
55381
98034
192828
147140
5812
150702
187657
189748
163348
2696
40947
57848
73830
13002
74825
127369
105270
92927
93703
72131
168449
117215
177040
153757
29544
126960
187435
176213
94322
150398
190531
5022
135232
156121
87947
142538
76373
103177
95906
29751
115186
16535
167267
144971
112780
51825
18129
13581
132836
165470
148678
167083
56943
101883
64174
38325
199367
112514
197388
104578
44777
138194
109065
172071
6740
60077
82765
15869
135675
26363
193116
164763
91028
62521
34338
13738
1177
139031
88950
105673
165799
16353
179285
81175
106472
74465
36406
102181
146382
138859
33840
57372
122809
97568
195867
108357
115344
2963
113360
30833
119028
115437
33438
4037
30907
87782
167931
79405
72567
138193
69570
10857
120165
195876
91467
115001
175562
110808
134754
158838
50881
54375
54844
135108
45656
88412
109678
64774
88628
104866
128542
66152
21321
39621
56586
127003
141546
161261
67935
25162
126407
121434
48897
93130
49743
55081
61525
194610
96207
37489
44673
23163
70866
103303
166384
171460
70078
126882
113285
183671
161107
73392
99430
45557
28683
92028
73565
158050
142309
164987
142774
100869
169523
103115
193967
101802
109696
130037
185542
19759
69112
17093
77792
59600
92334
53629
120191
32099
192496
21797
111810
46593
39389
190726
27607
114765
192447
177840
184838
178179
70670
13506
129442
191149
102641
159764
47495
193507
167849
64862
87768
129575
126128
110541
31000
21933
8193
79640
35802
133314
37529
9440
6848
84793
140845
104225
158678
169026
69318
139466
98620
103898
122243
43855
189996
121320
53613
110837
86147
136953
193462
186377
108363
183002
65535
189680
130993
50006
31571
32626
90927
20958
8531
110808
24449
16882
114284
156991
56774
120674
185719
24875
161486
192547
51311
45540
173154
146912
31292
33037
88009
11653
151263
10192
131499
124841
128484
34110
174975
191252
190413
146170
90195
5274
92696
46098
1846
43288
63895
134207
184724
84046
134370
100432
39060
133483
116195
98401
45073
39693
136502
163256
76444
132850
130619
34029
65718
67158
31802
177533
137024
196708
81850
107056
197492
128693
87970
168872
30720
62994
16581
198046
175960
115203
179661
130149
49800
132462
31581
70687
97964
111048
149941
151169
191961
119152
90493
190942
163165
123241
47038
12401
154566
184215
5250
100790
173201
166386
9415
79607
188078
59407
136907
119578
11679
130383
169199
116749
113230
189630
66321
171258
134956
23607
67452
177725
108555
49537
7493
187028
196356
124083
192046
90548
81825
184101
185114
86217
129810
26909
22530
140691
69338
14145
116911
53855
74220
109547
193272
134347
198450
76714
99487
69876
64043
42878
11615
54406
186237
96586
50034
182321
18149
181865
152435
35120
20313
9146
191412
172125
40104
87403
144873
176633
25477
179506
15644
166311
65382
168974
83258
110616
98074
55378
129878
18550
16049
70910
104143
32347
68238
56453
129681
128821
48754
96852
112693
45054
65510
91848
2334
88132
149140
101761
152123
199938
199150
95722
49609
143253
69578
27440
69818
144343
58256
114084
129185
138389
6834
12950
47002
187931
70237
358
161912
161017
182306
171452
81595
46742
6448
173778
57230
132978
7609
72936
2546
94564
73357
23359
146265
145325
41317
11587
95952
25823
41233
80937
148517
142716
143510
192813
13408
162697
9768
100020
82939
146309
70647
36486
113388
168618
112439
176029
170379
41350
151216
12578
63148
29841
172832
192864
63227
124676
126443
157873
184515
25477
43264
196033
192274
158954
4098
159116
149696
35940
178942
191597
139838
177299
122938
154672
175592
185415
125222
180395
20734
152334
20791
146902
105686
96667
112953
145844
149255
31485
99580
170077
17643
128374
129788
44050
101420
99554
177795
150379
102886
52106
122092
153073
165429
67668
141669
184326
27453
178566
51110
76017
163564
68189
121242
81515
160791
35606
151531
45169
86023
3730
43048
197911
135501
181590
101071
141395
141592
81125
198491
143104
64400
85364
193302
157631
183710
72390
127352
168525
193787
101056
131610
56681
93022
32669
170203
71250
199048
19204
196868
28907
101851
98644
43921
158878
41993
90072
8503
59801
84404
147135
129796
72142
122935
188009
42050
10991
103721
65500
122868
111326
158465
118179
18731
121498
10496
76624
112914
192376
185520
165106
124477
52140
64055
49034
160104
31165
33468
199366
49201
21649
93340
31281
134384
960
83500
113298
128647
44657
581
22648
116622
176512
109059
20557
114284
128801
169477
104286
80196
98726
81800
25696
18215
124803
74743
79406
133442
14955
120135
145993
99613
31035
163994
171648
120586
168281
125918
18033
2210
128900
171791
133332
184594
127691
189222
30636
163559
44532
156546
10903
194814
131305
91356
65971
150897
42812
12780
17286
159585
199466
150160
124943
178294
77014
167479
141442
79245
52382
3600
177599
168049
25456
129582
92587
60382
1527
188801
98386
75253
47293
57795
184923
22319
13794
109058
89562
161457
183734
180594
52847
84519
112559
15112
150198
182165
125213
22578
180677
80820
5108
192047
75971
165830
153717
104868
11390
45987
112655
34684
142164
196059
111312
39364
20188
113422
140585
168517
170086
39593
117150
83531
30461
51378
25949
77315
92671
91459
147168
92950
168448
27394
35357
159542
93383
124260
11125
185315
184809
140331
115263
50291
149544
22366
175232
189174
191794
158420
48000
170437
190403
90997
148425
9503
48730
6400
176092
180002
124545
145388
67230
99636
3638
103269
199783
88887
96655
171837
27443
15557
65533
13967
109918
172052
36
135080
43344
180455
98005
2861
82009
130525
175672
166700
16410
157231
50563
172421
107132
181134
153656
108175
166097
120085
107336
97913
171609
71618
87340
83515
17808
35406
151737
1792
112325
50545
165164
39050
92188
50086
30592
103970
89059
188059
25078
67631
187686
186436
146360
123445
198281
193157
85998
196239
40953
145051
130762
184800
124254
98191
35290
186617
75563
132857
71393
186974
74344
74948
31304
195066
2317
10387
176391
42982
169568
136970
104395
123214
161193
84185
141082
3845
26900
1338
94401
106474
176357
119825
48433
70121
164749
121870
123576
180764
95945
139460
129506
35399
58417
161462
69100
107617
186949
794
22927
178101
3145
20423
182904
126266
35127
187623
55624
10845
90017
60014
39771
108590
110890
176015
189580
123190
87949
18474
55142
156520
109516
96014
1287
77815
145587
77994
119417
192645
149730
116405
18491
35270
134040
38246
177004
54686
118328
92138
6653
84512
30901
96282
35545
94331
125407
147165
114231
92225
165633
4654
69425
65180
15140
9025
35936
143747
50814
30192
98014
157278
98049
176656
144589
142747
41543
102771
8354
56741
131563
105140
176382
30174
172620
110886
85491
152203
80110
84481
159755
69544
124549
83944
128735
58563
87859
57175
193144
126328
124156
171188
148450
138519
166652
109052
77718
22580
7993
68449
80950
169603
173712
116306
64773
56413
95293
46528
43899
20799
187541
188468
137543
77218
99795
2496
14263
146697
100018
2452
65644
63106
99677
105129
6601
105045
139968
197847
8777
31280
127048
38973
126560
147671
130543
31372
165634
83285
148579
168335
76007
131779
91083
87512
66625
48426
87070
18950
170642
125394
2499
96775
35553
85062
71718
26555
109704
148530
149508
143947
127071
34454
121270
90889
49452
37734
180613
119512
61225
67703
144096
142984
9843
64900
169378
96152
96225
179710
51725
148083
10998
13750
47816
195411
178041
126917
160068
107211
111000
8322
84779
153245
43114
43966
79730
39111
61346
87948
12769
19937
49164
44838
171472
117223
25611
45156
177463
19348
133423
22391
136535
39574
62074
21041
172645
19477
28728
113678
52702
154944
103607
101806
12833
187593
180401
120760
145499
191361
83064
86379
139162
2302
1684
188160
189183
75704
124950
133254
28149
114855
150589
77244
111691
148735
145510
191097
108070
25572
163367
182754
108192
4355
176231
135010
172859
59482
22269
50123
70124
173993
171008
111574
112325
25112
75991
131446
110096
72574
84561
103179
9636
40541
194195
169404
161007
53700
67177
74339
111436
161148
75738
106862
13613
41223
140395
30054
89631
107886
118867
120854
87530
112380
21488
197293
23180
82663
78330
181280
110125
80603
37673
171245
161693
97817
199640
119060
159630
83945
100068
110098
173114
144059
32922
87942
135467
140340
32874
190345
97564
52106
34970
187653
25479
46303
187408
117475
192836
112212
183604
112504
15185
17283
24880
46924
169911
74314
30098
136816
11234
161362
154889
24206
137555
83975
3453
120897
105544
197428
17985
78851
156208
185202
25428
183768
51065
197646
33459
29301
52590
79034
194082
128962
33821
126069
10925
21239
186731
171721
32888
138640
180814
90438
3377
57737
147101
34301
199775
46361
180503
107255
44532
17863
106222
39774
118713
69408
122293
121907
22818
19714
85923
18976
129016
15397
34874
75658
172959
7413
176689
20318
109373
138893
181897
64633
68974
119454
94080
23430
113001
120018
46050
45998
77076
128811
133449
105396
19011
45366
115435
169846
120188
119122
23198
128609
175867
59452
143679
193705
170142
96493
76425
105550
5558
182241
77582
190154
138463
52919
51265
83642
90378
32705
13597
143120
145969
55643
168037
26942
153335
151397
67481
192048
104075
74217
51391
67616
76795
32975
26605
32384
191927
87772
50546
161750
77593
185140
169311
139828
15478
84772
137795
26014
94921
54784
53451
5926
14209
162879
36793
172502
165390
193647
86828
191906
91937
138790
66582
44272
119172
74479
148155
163457
13926
49807
66071
77897
18373
166549
124238
39503
98792
196719
15349
76829
54586
181151
142755
164742
3692
119760
18841
40538
62795
14272
183724
102309
27694
11164
44102
72249
115749
189302
116775
12369
99690
21683
3470
43591
12536
20671
82489
82605
119436
24211
184826
114152
84993
24011
29181
184403
40778
96678
156493
185456
177247
177919
3064
133632
73990
78205
120908
50376
99063
66759
71386
137231
76214
10177
122299
109394
5397
143318
79392
129458
130604
37108
60829
69481
115908
83715
84742
126027
47358
104860
187661
181796
71886
99907
105850
141263
15615
145328
199920
146833
158691
167736
154156
9206
169982
5584
68831
28574
186984
38794
55718
128831
193748
9914
40373
128032
42746
189007
69749
171161
170983
151651
129987
84450
195396
124274
60141
53880
90371
59273
115310
693
77638
111805
2574
132606
37799
53338
72792
26109
23314
122834
171267
183135
103177
115168
48909
124316
39355
8317
172639
120241
92666
10389
194246
166959
147431
181863
105308
197326
117543
9520
25863
14292
27769
40597
165186
34113
49390
32623
4270
169766
24516
187839
57929
145700
163577
108494
167050
122795
173147
188977
176490
8484
180157
187570
94558
77364
8173
196799
46340
106343
176082
72380
158320
9140
118561
116697
171699
185079
31102
27025
26387
190446
195008
96988
146332
122086
173794
70326
182019
1526
82571
155458
162544
188848
164878
57987
137836
41216
154887
114380
57883
107868
87133
173653
97723
39617
130184
155909
147902
126543
128510
22805
139508
194783
4862
146085
146428
63667
103748
29015
140572
95502
138218
21741
179838
172479
60271
105827
124076
84890
106953
100295
197211
56355
85667
22779
182216
190927
55364
85558
21334
73664
114352
184855
88696
76833
8898
44902
75163
160206
139154
190748
68118
55328
140324
73957
190411
76813
142608
65973
74091
78014
9061
148365
151136
143104
59332
73057
4418
168368
173094
122606
92215
199808
194801
156286
142367
100190
130028
88041
157002
96803
102277
97137
94872
28525
149422
25061
32904
104746
112764
49739
167545
58457
41088
108352
88497
85576
154422
42360
34302
125409
62151
139169
66294
114523
53220
63725
191987
38041
174634
158310
31570
4282
183252
4430
4312
135047
64483
160023
37745
41031
39674
175383
20162
28637
13604
29264
99147
98204
73269
197113
112737
62096
178615
127954
192669
147444
45309
87241
52603
136166
32154
77753
193665
171693
36643
104198
64558
33660
187470
91839
180097
92170
96336
55918
27361
71480
20970
147430
121604
70352
73326
29194
104208
42151
49489
198577
160137
182169
65575
191585
135977
2266
22104
166656
156979
87466
160614
23354
144908
48398
172976
36859
19930
77775
64797
38712
180861
106547
126067
78765
140303
128614
169068
4896
150963
104179
128542
83021
136548
5615
79365
64252
102388
180612
107097
144204
111946
181998
185036
149883
113429
8573
174429
158914
181480
52328
142974
152391
22605
99155
193383
6077
101853
70749
155767
35732
113585
58673
151175
119993
87720
138463
3670
183555
153382
45931
197581
116540
26118
73921
74428
48687
197003
56783
84080
145409
164361
100657
155480
61210
198805
24038
188287
149031
56763
119082
36877
31471
6686
32245
121545
94588
47017
199925
79146
16492
108724
65850
29667
123242
80009
45446
130017
144429
10688
164760
187369
141653
34282
158600
121894
84796
95449
55854
71982
136622
29832
58288
70576
171315
76889
195219
52101
133586
22747
88375
168277
51918
8493
69499
56231
166166
60332
47021
56656
172983
79987
188678
103337
66522
113268
118197
98953
74671
175914
113285
84261
165905
148063
122808
91747
2219
131311
116740
20746
118044
37760
164974
73027
141712
42762
193246
186766
3229
65730
39208
49652
7106
141103
125529
142599
124604
65862
181117
101652
163356
177011
36173
153225
145636
174914
158008
99541
179702
187317
70754
8640
136764
6153
182120
111010
189145
46564
84414
83938
181549
97643
162467
193144
164031
186973
96170
117772
25009
147852
163651
154385
34098
114096
57377
6771
24140
122101
166986
21967
137089
56403
62347
172072
6437
100513
125204
183185
176073
36241
96118
90074
85697
199012
125263
100890
122529
36603
149419
106675
199263
98501
181378
40824
178529
26189
147232
103706
170942
176641
183415
68961
6795
104810
137137
92983
183165
93053
91520
181228
111993
112016
50336
5200
193924
83896
38599
89893
79072
116341
156276
143263
49984
48147
189565
90475
51813
136953
170426
44723
97925
91943
77869
129494
59958
155131
129065
70962
16664
146452
75808
167060
2973
135079
109017
112282
109579
97941
125078
155040
106872
87405
153770
34714
44279
114508
70702
188017
103658
98801
127609
160735
112324
72268
4032
160743
144892
191253
173530
7424
76172
31398
148882
33467
50509
77567
89158
355
47775
87871
105631
161972
156967
42189
157854
120241
146089
146635
34572
74356
52707
145753
195416
95060
87546
38320
183807
119740
14048
23559
132451
31233
192051
140328
173085
52390
7171
68762
18847
77367
112990
27439
182673
1282
186348
73245
25939
175131
171838
179144
167930
125293
182178
117295
73127
190488
175147
145643
39763
68572
63077
55723
160240
25238
69864
155093
105718
67309
113742
199540
153305
187408
57477
27256
134778
191314
55895
118917
128544
11466
133534
92004
122525
140292
7891
77584
29797
99354
167703
91235
162614
29316
167190
3383
42858
80364
8802
129352
193849
52555
8284
118265
85307
189050
154722
82039
1654
38065
104163
81827
110435
89578
103334
125912
22536
177709
159499
147241
117413
42062
3912
91114
96637
109186
160729
96608
7317
159834
30555
115870
70974
194976
64975
127397
176521
90383
108180
120149
101233
38566
113429
160905
169708
68624
71470
5647
197169
102345
121677
99936
11040
56444
161457
70377
50381
197452
88743
42232
107848
191872
153044
65789
196195
184113
163745
48064
181027
25034
196925
112161
87792
126649
102446
89844
53494
94817
132882
199954
193973
97298
122060
42172
55078
26704
53620
124506
108620
72750
31932
128246
99460
34161
77162
174818
40797
36487
119419
147745
36737
34477
101728
53962
62049
163702
154695
4263
45765
134912
164183
119016
81552
77263
4562
134276
55345
124913
5110
178313
167805
121489
117593
74416
32036
99522
57794
122535
36902
1720
43807
566
65605
134365
194148
30958
164793
108301
78251
24877
103794
147938
117755
50373
166047
130484
71848
158985
170862
10358
85343
66472
190826
83704
160471
157852
168748
87791
20069
57496
196617
137482
5101
120937
29013
186804
9044
113200
90858
148126
161535
38602
85844
101491
153179
20886
186363
179922
163538
45004
133471
192861
62927
109872
134218
106869
41427
34936
116000
57324
7943
76675
171130
142486
184061
198451
184909
106775
157451
87916
63526
176879
134910
11525
11642
197980
45232
114167
151451
79936
112909
15262
72451
189484
188747
139543
15743
12678
22521
187448
139210
74446
138644
74859
84200
51400
159314
119556
184581
80082
104822
83651
81320
58143
41886
85527
87764
57362
30281
110961
179292
4602
15703
48210
77413
141348
155965
53304
97686
71604
91248
29041
7230
29412
28625
35648
101605
31961
29797
37039
13078
105300
194448
151114
58508
198007
132560
78002
115045
23330
57585
24243
83605
177342
197790
72552
166344
42609
122933
121928
111009
6639
100424
178102
166539
32736
20973
150485
101596
188252
33693
52126
25090
40125
67011
81824
125485
174856
149505
176570
121168
32705
90690
50674
180579
188050
143849
163158
111159
56283
10533
45942
158669
49401
194591
57510
87290
96734
198921
1496
56548
197029
162036
66470
137785
173159
141001
160806
25225
181009
129918
6273
131024
22021
71856
34319
177424
85702
143712
78586
192534
192935
11555
170324
122571
107705
47822
140197
197832
119540
65476
52470
198865
171422
25960
185272
35219
65356
150432
19212
184437
31743
170942
189141
62582
124286
149560
41459
28418
65458
11403
20563
192161
137960
28024
70084
26404
171368
155879
120747
30625
41691
174773
55038
57764
196512
167986
84503
99074
153409
138435
54350
6517
105499
15316
72802
116986
23093
83420
107139
194527
35415
170825
183536
53964
47236
74640
24840
146987
112334
154957
50635
73909
112415
13839
78449
39902
79547
144427
60612
88622
182282
130652
90146
84076
97887
30930
65631
116043
100966
5269
150567
74696
92293
108549
180017
184157
178748
131876
144889
134090
159958
195004
127275
48886
75544
177657
38246
96630
131330
90489
194035
22512
113263
37983
172977
132786
36166
116748
125251
180851
185035
15446
45601
53840
2572
7284
148510
49880
185543
197915
100043
10354
174179
84463
190683
138570
97326
18260
184698
129791
58475
20426
52449
6308
13352
56012
35274
141488
178046
111839
190975
90865
56295
28638
115881
8298
158467
106564
66688
79198
45687
133940
43262
117247
194830
36914
158257
68788
4359
3013
109368
162785
104001
11435
178220
74224
144792
100508
134523
182367
41593
27771
120099
144196
73714
109460
167465
98094
132085
39362
178606
190183
82751
86288
121332
190985
10197
45292
107619
60252
138539
139868
34731
67654
29361
124023
186825
120675
94527
154878
98075
96206
90517
28337
8467
38635
49911
115225
146656
164777
126444
162006
127969
36550
194349
31178
120698
6294
194054
89193
81808
13550
197252
139807
2843
50987
24411
163173
108078
30804
59757
60117
53189
51900
129619
106565
180676
96600
73902
133474
105838
195270
132954
6719
28463
75328
39775
181894
156581
111162
99881
62825
113869
142747
92840
34241
167078
99119
152799
98361
57078
150499
134471
161402
185480
173789
168789
5158
76645
66154
171667
73560
125771
113741
95536
95735
87510
57287
53353
53739
112189
141990
166089
165588
54669
22002
14208
109318
158089
77838
125565
27900
118366
92369
116171
102492
73140
78525
116326
32160
51150
93340
145428
4696
87446
185788
115181
187904
70521
53380
16862
129508
185452
180806
122745
65482
128513
136808
159605
73919
143344
20673
91632
627
189755
94175
141778
45136
49916
12090
50224
104108
102102
124378
156628
28481
122995
21993
27821
79190
22184
15150
120336
106783
79394
68024
149833
85263
67089
179598
71474
152383
76571
29619
30825
24269
189424
176552
34116
79578
107016
164285
14688
172312
3628
76404
151124
79914
137654
134638
142515
191168
166152
131896
21710
30906
25021
179657
67104
152397
100550
103615
92164
97191
164384
151817
162280
199967
141969
47115
156885
109441
153428
133384
119990
159422
59229
116961
31515
66266
141991
10447
35990
145380
23280
56026
38165
95139
187180
135931
57298
89155
109257
152850
134403
62800
100016
8163
86266
43508
113538
48384
144035
3958
39394
43825
9148
2718
177636
112330
77836
169941
171407
76986
74514
10839
102041
46198
24173
75623
197339
33539
150255
177240
16950
180136
168708
43899
165235
143265
186473
177868
127161
182035
45054
34596
64507
18493
196970
107290
148858
32720
44755
180817
73268
76915
1612
14666
41831
189543
149707
164618
58723
94286
166706
173635
42888
46230
125122
187292
81115
144676
119840
44809
152196
31629
103912
109537
64551
77935
45046
67702
129177
178690
87584
194635
179928
45069
117644
49900
103414
14274
196288
167274
132793
108315
186263
74001
95302
12138
73875
97238
162726
131381
99937
72744
88560
56494
124236
113685
85857
94609
60182
151856
6129
24748
37506
105602
112503
1800
133148
138649
25015
169123
130872
133371
156185
64949
193629
146045
72137
149473
139995
84895
23298
178632
141416
67885
34550
150185
45018
13777
59733
100833
153382
52625
28842
20786
59165
57254
105702
199473
45047
44156
131013
115251
37903
178799
113997
9896
27159
36235
85344
42854
102093
181836
151454
4944
195592
152396
14493
125719
64328
53575
85134
2406
110289
167166
114469
7993
132100
88286
25729
193404
157815
133579
144743
7325
28345
57847
31632
176443
98240
154406
84302
21944
116084
37530
35404
96887
171672
159846
160860
191321
71433
184936
172423
163885
151500
186811
36751
30161
2499
185495
9231
189539
31878
1776
41783
124914
125520
161197
24738
30372
44875
11470
128146
105159
157995
41630
51973
186996
143651
130120
56941
173482
196062
67963
19752
110678
11815
88415
159018
196739
20474
137096
113401
140699
128959
130995
129610
106422
65562
57595
173202
157699
165255
80266
6956
139673
68845
108230
56568
155754
94679
20636
97357
148033
191176
14216
51594
45132
170659
141835
15902
140094
145464
179133
154053
49719
179784
5421
186503
136714
30168
155427
58125
125389
186545
66675
129330
83427
74247
191444
43244
45121
108367
57472
36495
46486
66894
28820
167789
127799
41496
175300
152663
186089
173775
50474
57657
123926
85794
60893
18628
155700
182350
89540
53467
15922
19785
103173
79249
26511
147359
146891
64266
116067
17493
91364
35206
141225
130935
192077
75228
88299
83109
108862
137599
195567
53424
113784
77253
74180
182620
167479
54582
136333
173213
70462
171116
78905
147203
143501
100528
108114
118588
123629
7258
188263
517
194420
198383
188735
123956
159404
66883
81659
27832
161728
153753
181953
17502
124047
112236
181903
85978
9219
181104
113297
112005
173179
188254
10721
134763
51678
89411
175840
57306
147105
128315
87944
22079
185605
56826
136998
108987
142542
54610
73996
5153
144663
131557
51091
27980
20835
90619
46775
4199
78937
138346
21697
145934
90943
97859
116505
191285
22810
64376
187679
58629
111618
96460
91006
113651
75525
90950
93358
23429
198565
1547
163972
59668
105863
153064
94987
151123
20883
140823
33994
46537
119637
6041
68863
5734
82519
166375
100548
110008
45911
122489
93200
63784
102622
65786
194995
161772
74656
96264
119593
171986
122281
146018
2005
79674
14051
39318
102000
79492
32417
83265
195874
5083
93175
145796
125158
105105
39585
113423
65024
86631
121213
64215
70654
20993
42316
111706
137023
158277
131297
54705
94139
133532
16589
149677
63515
67009
198304
14714
149816
182375
111006
179371
132136
135382
131662
45060
8812
67914
89940
146368
62870
1486
179253
185216
107130
4931
159826
130473
145948
8629
38859
96111
193190
181808
80018
97895
11049
102816
78545
136788
197143
11725
98879
42513
191392
925
60983
163711
3580
53864
100536
84814
27275
110929
9139
163696
193363
88488
116709
46778
156958
6539
51251
133137
14427
194763
146137
75654
22023
12141
48641
153406
178774
39130
73291
51506
103457
195165
140984
27461
3477
3194
182569
114005
154434
37714
83405
89228
172739
49837
9650
132363
28104
163171
135767
172948
73150
114710
17158
43858
47447
54603
26323
37322
14958
199083
173519
167408
94488
105548
76139
75794
123270
171685
8914
165068
18423
197506
20654
29972
79897
11637
176500
187567
64353
20055
197463
163368
52749
106955
90517
83374
71019
163331
85628
133
44013
181438
103389
121465
163145
1611
120134
140232
2458
120810
177025
67805
168464
15808
124005
67960
99731
154852
195840
51429
86441
136339
16880
188709
159997
44490
75419
130667
144828
144481
25877
137982
127943
17214
56289
160201
101382
16677
193895
167110
78095
12523
10488
53335
33272
44865
170923
153949
177717
180934
51757
1989
155344
116524
19607
162610
163636
96149
10311
169120
117270
108451
71337
169267
145364
62627
48515
38458
16384
169680
168806
164420
7520
39034
56186
4303
137476
104821
78259
189673
69120
7416
127382
4201
155194
135583
70884
54929
4506
14741
186114
7136
168646
51892
125955
197534
123210
93228
38362
108154
170303
102741
11727
114661
8504
171152
36120
158183
113945
41484
4997
109508
137580
190931
91175
157718
93743
163797
93484
48404
1734
86299
88265
18299
25990
159264
25805
147569
120477
6953
6129
53476
126197
6716
59397
130467
134600
95975
198838
12100
121855
54515
1249
5800
109452
132890
182613
69340
177203
127256
111613
83783
177761
34776
35277
40730
330
21790
68444
89873
193431
183113
115036
85467
142033
163483
6676
170271
87788
197959
28549
62766
116995
185292
132906
73999
131236
69026
91185
62361
89864
86929
93737
144561
57379
14186
73859
188059
140790
50338
79754
110396
74014
149939
33521
108933
177788
88547
163952
182048
25065
112449
190306
20433
10996
21062
152181
154237
132243
189972
101553
53404
63145
1577
121221
149086
90054
50376
114680
120142
80858
147798
163295
110918
81369
27998
158716
94786
169211
38310
99860
118670
186957
169602
68159
134853
38901
171097
119631
109001
66160
156455
104628
4653
93488
100991
58909
153912
66423
72543
117962
173650
65416
166426
191009
3859
156417
198460
77508
82262
9583
184339
1473
143232
25663
25698
85521
11294
141077
28108
197060
122528
175970
98606
108004
142015
191884
196514
140866
166058
110250
116634
129423
137306
123880
64964
31620
116915
166016
23719
105351
147900
16064
166715
102845
136295
153131
122718
80128
22590
58416
102755
194391
22147
106296
71386
79550
8525
189683
43851
52463
170927
45479
102732
159330
5432
93372
119646
181879
127997
177965
184959
160095
76236
44247
116670
174968
181890
188258
63074
4844
169798
189780
82771
170779
193497
37439
77427
83197
128063
95946
189189
109958
52649
169068
195669
53802
42949
186036
143454
145797
48526
195966
169633
43767
59606
21498
169539
103317
68837
121996
2888
148914
109480
154611
137697
101648
36767
44331
90553
32679
97418
74223
124267
88350
83630
53663
176752
36949
2672
3037
114364
44577
49000
189189
137096
79921
155719
170855
72336
132958
20367
5120
33391
175898
42674
40321
55384
102076
68088
157987
64673
138855
102875
179245
142347
133300
133808
12087
24957
70165
13104
9337
138536
96917
132582
40342
81031
30802
179327
191603
15474
88317
8499
186876
168459
40854
34338
1588
90162
89395
165628
136070
164249
66447
127907
120956
116157
129447
17345
56721
45843
131081
52935
120942
112720
20552
1399
50266
170090
163948
117444
145607
150022
159352
67114
162029
172699
148306
61894
188701
187456
24852
164933
142217
93918
59262
194936
154136
179470
26689
84157
130911
162502
113764
16497
104806
159745
137743
184870
82270
119748
48597
26383
152860
40214
4791
110173
38859
94010
177818
141301
97251
103187
26103
62602
163877
65389
25294
139145
5813
9023
186033
21476
169799
25930
58676
165904
29067
110934
27084
64252
107875
191202
133244
146058
1006
18190
96156
75083
124917
77877
75083
56197
139016
28308
188655
75458
73764
64911
136368
196561
1515
43655
99231
104123
115594
72329
105459
114133
56182
92416
198132
42916
150370
66462
90056
29706
68661
181905
108699
71046
50824
36382
26509
93956
5096
79274
179529
52581
7415
126889
135066
28112
56721
17567
36149
82307
117176
95398
43879
194514
41283
121698
156842
158709
199784
30035
157718
3537
182326
162350
126862
185014
20250
189387
159030
16683
80143
24268
60214
46037
110540
14502
164812
100554
11908
182406
144388
72214
106287
80235
134184
13235
9442
38452
165743
18548
139866
68922
143402
94396
146330
176511
105118
198200
189966
111231
150456
150084
28815
144611
173593
141388
17323
19620
109682
12201
136754
102970
38277
95970
16506
24508
149516
145724
1946
115311
180172
67575
168885
39026
103907
58509
153316
183269
63383
46617
109935
180823
102844
49995
67636
53032
179127
187943
33214
125673
110219
86517
69068
20699
46449
64944
138481
4830
124741
178051
125900
160462
168826
81193
133880
8981
136604
84707
20155
75438
36199
168952
162030
191688
156538
58506
56352
135842
167212
13440
192999
33495
148627
19679
112029
92325
65055
107889
191366
88310
112135
180966
7083
188540
196770
64556
171686
147205
191519
194379
23215
198607
118463
132034
153826
38329
118785
37021
173495
60460
186372
164681
166305
51415
2093
27658
72828
199048
73704
53568
9978
106263
84840
37598
6420
118267
174655
119336
117256
477
189461
149528
35714
145369
141326
5863
55680
113123
108411
78356
163773
82304
77079
106890
44605
63009
46081
54759
11575
130868
58966
169019
167897
162730
173218
20990
167546
58041
155684
115144
289
23639
198271
163477
146813
180868
158428
78535
14496
126792
25167
11439
132948
118772
19870
22222
21665
167125
170742
163275
19467
3344
112504
122887
16934
106391
80261
5208
48675
191120
8917
181940
171909
166398
127001
132781
63256
191009
605
107927
90981
193484
154683
88483
120145
32567
146835
129369
122801
137063
72365
125099
196167
20161
56285
25711
134551
154246
12411
105270
78292
192443
139400
114246
189668
194658
196838
71855
182507
58835
74019
114524
173907
130198
135978
23080
59719
177655
88682
194214
52760
188799
131884
146570
37169
199320
86197
120760
107512
191853
7414
113205
22619
144468
23225
176309
157018
179291
74768
177639
53833
20645
21982
46087
142437
101811
76576
137116
175842
155470
89772
158484
30876
524
29334
81048
139832
165141
93533
23397
46881
48774
23134
122170
173543
103433
169032
43604
87424
147718
55513
14052
102243
169733
93012
98322
11286
197600
157392
183915
30979
35776
119095
90899
38380
133306
146894
98116
180240
197119
82863
172579
179044
109502
118541
60970
154032
111820
114115
151570
153688
173305
1797
81246
130895
77292
172939
133000
147648
123698
14465
98085
170286
160684
85364
71282
49549
47411
53181
66027
75952
52492
95807
56236
34076
3954
157964
169512
160028
179229
24801
177275
94860
87920
168388
196551
29229
162720
38484
82269
85937
169511
107478
49900
43061
41569
173079
154307
185160
71614
112995
109364
151852
117196
58074
66670
142893
72147
104693
19141
78842
197238
45508
188720
71375
141590
148840
29568
14073
16353
127862
8289
77214
79590
42137
70420
20070
94083
92324
99999
191405
178695
173126
108320
461
71165
31720
122838
5572
7874
103795
172883
46588
101475
37120
41576
144069
183700
85751
109190
78504
4905
6018
166681
31874
159686
165409
19663
177393
23224
111788
50210
128324
149620
51713
95434
178195
103868
64300
51538
109800
135764
159083
159207
172648
199658
104435
187827
66578
168592
122869
4236
107570
96328
61533
141155
62451
119684
33659
82902
50366
167051
16601
177184
23583
11294
26164
43689
116731
48917
195608
108456
116015
112672
61628
171242
150806
100794
7994
105778
53793
60478
109310
40231
38259
39123
120621
122780
102962
143085
172083
55676
172961
45931
31590
184856
22577
70843
61173
172862
104639
168720
79215
3021
195001
172709
79003
8272
42616
39917
92723
195623
129145
158933
59549
99835
50474
6130
113621
2675
76510
28923
115504
150197
129395
108380
101165
39466
113125
38758
38819
58182
177775
192452
108658
197850
24858
41304
103820
43763
57183
19441
17970
197351
127963
86574
89958
181841
105410
110017
125745
141406
90359
49546
84217
155375
192958
183227
41993
171848
195606
29329
185404
33518
49660
143550
89430
71678
19827
58872
127642
192963
55556
101685
57179
76752
90671
73613
6077
150678
68174
27447
3151
5321
63628
130951
83386
153440
73458
106977
121751
100216
2007
3570
118103
26388
192041
78766
104845
62896
176181
137602
192797
23464
134565
8764
161184
1592
48977
140571
71419
115114
78177
151125
105609
128749
9974
160257
83255
126651
66651
45367
22352
191472
180181
109656
124430
191680
44715
48410
93040
9543
90304
156580
99395
79677
30673
106518
164630
92721
90248
62335
128024
38067
61333
189224
195479
98466
191392
10000
131425
134041
12415
31725
77207
171399
107841
42233
181421
53265
122062
192259
105907
198824
63598
39442
163791
179626
75246
106897
74409
179246
44871
92365
16604
6355
104880
176903
108436
178416
145311
95436
145065
72792
178491
55544
158172
88693
25660
41347
76719
181821
80972
5012
147132
164140
10324
57015
82923
176185
44028
188742
17924
7626
184183
70972
173499
59565
158583
61232
64637
19127
36903
55661
152291
131015
180117
139427
73127
30065
127591
8475
125247
50271
29072
159503
112386
77162
37964
176184
61474
52548
146706
32795
1791
117259
167203
25703
174163
50794
114378
165823
43754
175299
193495
91360
175030
150067
21115
28642
100803
6659
199303
116892
141636
14908
73221
77981
19491
4326
172696
143896
154496
59579
11806
99333
104062
71267
17402
9606
134543
96115
130743
29793
45699
73149
68579
85421
144316
72662
38827
55991
127452
63044
58630
63968
97589
73518
186638
181020
157677
44733
14516
89593
107648
11358
8572
109027
51214
171779
66356
103558
102227
116977
179224
60125
60304
22731
93896
126973
197186
16044
197879
83499
14306
195054
120092
97439
164559
47388
30621
138853
99008
27068
143140
113316
167306
88986
133173
161840
22692
34878
35489
13623
160016
152484
74884
146565
188357
74620
153506
125507
36498
106037
197229
176452
916
95798
199662
153252
30685
145826
44616
98043
183969
126257
57852
7421
117598
24114
190686
27761
95709
121123
166185
48309
77230
51835
76891
83176
79791
182209
136011
61554
199070
190163
86511
74998
42918
93100
110155
16558
146829
6330
109437
51697
35634
43745
188573
76253
66181
135445
65173
101311
6139
80478
125830
179923
51655
1166
173679
192016
174562
94159
50089
89669
63267
171519
192286
89543
30762
36235
35173
119895
27306
159414
129944
57887
77546
94539
8456
175891
186646
85248
44848
36934
100374
191761
11550
178157
16118
9980
99842
199794
130208
61008
169845
89558
98176
186728
189001
53559
135772
133072
63806
38163
93442
84499
92675
44310
177926
26982
72426
30594
120082
29216
22362
49583
147131
178519
77995
147559
47735
77886
137353
124137
183373
73588
187760
11403
6165
128165
137424
103011
194353
95224
116899
143324
167052
49126
73529
17801
92076
183593
174514
26092
183798
2851
172456
96685
174887
76839
198610
178904
98132
160995
181878
128367
37384
107846
109902
38051
189006
137118
119833
115748
160680
125317
93164
106151
188253
158876
148030
27100
185324
16518
106215
71092
17741
137901
93596
3949
76388
99740
43637
30825
114199
175566
132702
34802
175236
101649
51064
63664
192919
91714
106088
196838
87265
63977
14327
143762
136901
47500
96189
144984
150230
138196
118739
70804
87353
94578
84666
126471
96893
5788
191480
134039
175155
152059
64327
117773
157846
95441
57381
86147
155287
89346
148250
118603
110350
180997
3051
68410
194519
139949
75540
155129
64638
169446
38344
105777
185204
86406
85196
75768
91533
87074
19975
179113
99360
29750
138444
199093
87996
57011
19426
182188
85161
95399
115984
55816
124427
164105
159817
117929
145726
195348
164428
95748
158235
1046
158089
196235
198145
126456
87399
45663
26437
139680
166467
26656
45266
87832
120001
60954
110629
107266
123426
195616
133483
79104
158074
150211
84719
93307
15501
35706
127623
39935
70922
63897
185703
166971
82301
123160
103649
162348
198494
74302
184950
142615
94839
19481
54587
194670
89290
53757
125720
191246
31731
119232
38811
135134
40765
18729
124034
24058
69856
65922
117220
121295
46168
68599
195215
143504
158072
77327
98566
135986
180171
131920
78627
134609
56117
116830
58180
151099
109436
35459
91968
187300
148554
78966
1993
58466
106628
186415
110123
11082
112735
121353
185715
75139
97589
113583
21761
136867
11701
46103
87884
106458
75349
183768
176657
91756
90199
14546
199292
97393
163272
132625
48099
93094
77809
65108
190596
98420
197664
110276
155806
20651
51218
133971
155201
90815
64407
74917
54515
153197
19280
57564
70631
79613
85298
32132
41296
164582
50234
52606
9397
155320
20712
155142
172653
80549
30996
189893
168306
37553
165186
117968
6818
103895
13676
99614
127435
192118
116758
140217
64910
163708
70333
136263
42318
78818
101302
72427
93119
164191
181357
168593
16195
128625
38814
116708
189589
37879
182821
86540
36532
91959
123297
174311
43781
122346
171707
25426
25811
55744
50390
156420
76259
116258
118025
80277
112483
190371
157223
67166
166595
43831
136584
121310
105808
84021
155620
132667
88469
123767
71605
187276
28653
66766
4797
107240
17078
48947
92184
173488
28245
23321
123207
166847
28445
165617
83471
28430
4404
160779
110045
136485
195515
116334
36570
137881
95392
108955
25974
32261
28867
31060
197190
73603
137036
151869
171433
182598
41654
30761
145450
34342
131782
96540
64734
56902
254
81552
40796
136509
24111
27327
127492
22867
4855
175488
106521
32386
43728
7956
106949
174289
122455
54950
28334
20839
20136
93702
189815
157913
163526
61352
151906
199913
160916
71931
25201
71691
72042
100206
63457
13371
6994
165137
170851
136214
170597
101957
51648
60773
103899
39405
40628
69254
149423
91933
79364
11068
154010
8270
137247
19275
4284
119030
121101
109430
161168
79323
132557
31153
53411
169299
53564
174897
16786
135745
141689
75778
126985
196894
61389
162742
94511
140707
157184
129104
126981
89264
32956
175358
83654
160508
193454
160946
154471
124486
163723
169859
88340
62289
102211
143438
120574
57633
32253
149439
50355
143124
23997
3421
80639
112975
199755
79024
87715
9183
49284
198715
130418
116168
88774
33973
193569
154429
124731
197938
52025
186739
3069
114543
24347
126638
8651
166920
186382
124278
154366
85021
188071
183914
97537
16396
786
150957
7579
69949
52391
195503
167309
61791
26654
38911
781
96764
76191
39178
54675
34689
130331
8548
149685
132581
31744
159696
153802
103160
160063
102767
125909
79921
132459
58783
131968
185221
4831
148633
35554
15061
85909
94807
160074
90949
14412
119589
97772
135774
68762
198423
24246
66575
123534
99301
12045
40079
186122
49617
50613
73689
199263
140198
73154
177420
44009
148684
118379
74446
141447
