43543
73427
67627
322010
142387
690831
624554
271611
218398
561009
181874
561848
26456
536572
635951
132700
389134
593314
353209
677822
465529
332590
499995
402854
458684
234026
26608
19831
324855
422330
281404
340215
382266
481937
138202
516083
149982
203997
198876
17027
149305
287743
146486
113181
466584
466621
320743
470106
629249
515492
153990
403604
373638
689239
481552
717916
325112
548637
315080
322823
403724
135248
708976
359288
669915
693445
418909
609785
486374
216843
446831
244243
454755
457491
471699
315196
616441
412438
418588
312190
523201
680699
513227
678565
414259
443506
613689
190733
287294
654293
139637
571380
233925
436878
272969
267050
660946
460818
517761
474057
463873
606233
570873
543197
365903
275107
685763
177827
445802
468290
327364
638972
578230
59508
303300
680754
5440
162778
699679
86153
45414
529892
607695
37204
238548
546943
195191
637212
86257
709288
478577
113005
231767
212132
180252
46750
381564
671738
714399
23342
43769
323242
321258
144928
216458
627540
16688
65915
94126
52752
18188
30634
684226
14926
333574
222260
105295
131546
689607
155745
479300
646230
1064
345528
544699
32483
214941
126440
26876
2512
305863
570338
582667
697334
702612
92279
250775
299227
445606
22497
271868
406560
507216
560256
694797
34615
230017
710615
361250
576570
660108
128240
430037
194159
75067
615591
642079
279346
82576
17301
405776
105005
474540
540239
352669
443794
471137
290457
119607
302923
225425
228092
561150
378475
608087
12538
654191
513558
116672
625330
43761
219736
24677
108761
135225
143857
77171
411166
590010
199869
464758
662833
22968
213943
200606
668629
402699
57923
217687
63803
546446
196647
579133
578877
664279
320862
223131
639284
381744
243870
482332
705602
2939
126175
26262
344773
367862
134377
90546
468504
678564
70172
208438
82460
80553
13887
153930
705502
199712
85330
186578
17481
476944
624233
421861
411615
273119
491475
596622
340202
182113
639391
715522
179948
683777
392077
384177
467912
15048
536448
546559
39111
376855
481273
536668
153422
75350
618039
436926
326913
13644
475436
97098
565544
327190
254068
645143
332743
271779
13320
640031
371264
81763
85156
269554
169202
627301
10778
409274
46425
369768
592184
442803
420812
178203
544012
568625
58138
3275
249182
17249
333387
269460
678333
60489
188295
709911
447292
163620
94598
527028
333836
351526
670632
420666
115871
708557
306592
354653
99865
220836
99950
100989
63868
571603
296635
595875
350878
181690
647413
85483
17651
573197
613931
427728
32500
678296
660553
454609
255204
318663
414728
117481
335356
234660
441181
482434
434696
674331
682703
377796
448951
634941
260849
354307
199848
130904
445684
551718
225714
504307
386155
650407
633853
653939
67158
541157
682561
531154
77231
55891
317223
148775
501116
122011
375638
52204
68740
636042
602875
27914
105930
260489
350390
199903
663186
625497
635785
291827
397037
145526
480203
251681
91345
130574
496800
710753
382366
77445
291257
472790
215620
670117
470520
223736
142817
131889
418501
657986
202443
363452
319627
528866
683774
120426
424038
399292
673642
21368
550381
343342
691602
152664
352569
466585
41088
439462
239375
364202
220404
665273
686075
371180
660157
602757
429795
321164
503379
293031
668013
700514
613318
64677
716602
680596
193665
488893
576259
159487
362086
621811
342627
589740
7731
276154
422009
479734
666328
423674
604896
149913
75933
11869
362302
185832
684277
524755
561514
345742
184882
81171
349767
513342
170190
239791
699122
541505
535586
162850
446648
566983
114243
5479
567375
633445
392675
439109
220386
469806
521625
146466
424475
667436
175231
715126
57299
311709
1753
442359
489159
623862
613223
51022
709605
546819
441958
629562
297034
416935
232819
459471
417893
19915
63260
568564
708941
309187
146559
714619
705172
363797
221870
629726
580139
674338
111566
41517
136467
456139
341805
422123
630455
259055
130409
6847
247547
513037
424781
988
327178
25056
493898
342408
519876
400872
174697
631163
271934
454947
603835
110260
440806
644340
494495
665861
266500
60623
224401
276252
267859
295936
601134
275435
608198
597627
352676
474365
74638
464982
588244
180397
350908
551403
486503
124739
461233
583745
71295
271568
30713
201021
415165
516893
200283
478843
242692
47498
91214
91252
630131
339467
325403
183253
281337
317249
61185
296880
415038
323570
140011
454297
400050
256323
418619
110641
673265
400047
594483
185254
238507
288777
133243
80370
205603
426243
161055
707281
633212
334253
157185
317257
116381
112018
201251
234364
506365
587779
338285
359718
704340
304030
245756
674856
550316
459198
536183
644669
686982
283332
697464
358837
705928
668562
659223
587017
708509
671101
256011
488007
577438
591820
625405
57190
328155
272050
354778
440988
147573
224343
315292
398840
433787
70068
158189
277964
339245
104603
20292
84490
312193
140599
320214
60905
687147
716521
606568
394707
5397
498536
283213
204626
549837
349717
497045
249465
426245
592628
125650
320858
279390
172603
455141
76442
118141
174646
293621
217853
117407
379151
321414
217147
71300
304465
159181
213686
662073
207722
682829
565647
35501
298555
333295
602793
566549
47876
119786
150004
49006
388224
401660
237497
109718
283779
479201
532231
95164
300036
603020
665382
565431
354214
196261
41555
352044
431033
446679
574449
279878
500424
576501
552733
72531
543257
466832
494512
619504
452460
360672
646294
412317
142692
370843
345957
480939
410437
34946
87985
409154
546559
105680
96976
634477
456716
147862
61150
352303
269455
415330
662067
5741
219729
85989
623449
312075
189625
146082
17868
122321
385826
624571
73740
298096
604141
422866
37911
432053
209057
50348
438525
115693
514372
22155
114902
650532
458762
498053
46698
36752
170286
501974
3897
479060
299595
636544
484565
206228
116112
332063
448942
804
108802
496015
95264
213849
87972
423726
181475
40721
571069
184610
581321
339390
298805
577680
602443
353503
672347
480680
463614
630155
136855
467385
85514
126406
582023
180125
146387
337601
172397
261451
302489
389281
119519
386257
107589
357651
276866
263263
80161
518067
80714
430037
237923
249268
483525
445808
244928
197486
379419
657841
114011
653774
502830
613039
84249
22348
557096
507428
706659
172483
181984
165399
351229
535129
29181
599903
114460
580378
16766
697071
228676
657412
676629
432360
495592
36295
691372
193242
120170
553260
275802
28416
643795
166838
88060
116540
590750
648594
500123
158224
717915
74060
641449
421366
584441
256175
178807
131926
286990
655701
242564
474629
524407
52801
371654
374374
622550
675279
24813
413092
261459
614052
100143
591293
657110
689104
237751
10803
183881
377421
295408
227693
493915
682679
352122
548716
481602
702631
171685
388177
106130
648020
143932
405603
412277
307497
342935
430498
567730
221207
570208
162224
536162
433295
402927
163392
710204
426667
528744
299751
272872
55561
143584
330090
560173
581259
428646
191133
570754
608851
613507
532306
105526
636889
271340
177363
491250
263137
79101
8466
21099
168723
276253
45251
281858
489354
222495
678918
619334
304618
398689
56600
378143
427972
666462
12712
247517
535133
529694
108893
181887
125611
136201
561918
336040
675867
50525
588029
543427
405165
244312
599914
65381
452268
435927
205349
126309
520448
263272
195689
173327
573290
658378
297058
546534
570829
657043
351639
480190
365980
202649
598915
182645
516758
48048
227693
620391
216384
114674
576432
687009
351011
394388
97824
413472
351551
354637
431983
340116
249630
184515
208209
192833
42228
488629
481039
72497
558029
499360
629296
2116
41290
347126
661799
389045
360883
199615
471031
238289
81617
325266
466739
322156
476160
449580
536197
55155
659543
417746
689357
657315
190136
244734
17728
21360
435670
31351
106627
603696
117766
176597
284465
208790
493604
36924
570806
120510
601187
259509
717049
82597
596360
513571
496773
69102
633020
624810
112916
395620
662006
116312
24969
273919
467877
615271
234090
430488
35687
511934
316404
301945
641008
78391
561043
320649
86927
564151
309661
324281
590778
240872
435304
247873
465803
555364
124975
18372
33425
302252
392374
588135
5285
310926
627207
490480
670094
38684
617047
60632
645149
496200
463156
564656
393802
387135
378187
207525
154010
136496
568764
33975
10924
548255
714892
674269
314356
627934
153603
258927
13950
30068
213803
521477
188688
362227
49232
321188
90276
552135
52865
210071
201417
505881
161413
83353
3933
646943
364554
63430
456885
246016
537309
606477
190228
40130
481766
473730
483897
362518
385608
104218
129424
385439
106882
417394
690079
333307
40429
527317
154821
472723
398104
395688
554445
602404
403895
136331
452307
549720
105340
312371
121195
16362
218177
659942
158854
125990
592708
371213
525268
585109
217344
400452
427401
421879
159748
381717
393649
235104
188486
314513
705601
587361
22977
354303
576508
20212
385064
266065
17223
503654
434385
524389
227878
641074
236197
214270
423702
666904
414726
325826
478150
573636
419257
618216
213458
511735
490673
133701
418445
252708
709715
322573
378538
89289
461950
639269
212920
701897
607869
614904
346757
95828
391004
553164
419020
579200
477494
412376
72182
696820
350370
410339
571300
666058
650888
693971
323612
512658
310290
139174
122363
201472
619347
604043
146753
367643
408947
455494
663083
676825
145625
366201
230044
275835
525796
364208
263180
601631
669198
230539
625087
276715
622228
7660
360242
547539
30114
176200
412477
81971
93336
7064
323321
285258
560133
279856
688042
365266
151068
702557
288256
63826
483037
554907
437300
361696
575005
203284
402678
75946
558386
12850
306271
22156
266773
450304
116130
668934
661909
39124
6147
292197
365010
435512
606175
568497
3045
439198
593781
530518
173977
191786
695748
567293
290114
139518
296159
266962
351089
523595
553225
680998
442718
422809
717717
244484
68507
460253
183124
528624
327737
209290
322604
332321
153411
209636
495010
603647
676661
579542
193635
179397
541250
425797
205891
357440
231707
542643
173921
467223
135617
835
364967
430211
694556
322696
604156
152213
631644
168957
681436
654981
562264
154323
441478
570248
4177
689102
110406
179787
658490
186550
766
576146
66820
414139
593381
167839
695986
156763
238458
355056
571884
15377
6847
320663
94667
268487
26392
526494
325827
429896
340633
99854
60123
420251
148534
118776
411682
595609
48860
232800
123160
440769
493648
58920
482770
662193
256726
251218
19643
502763
515867
178369
61542
375858
103359
158109
542118
271621
421410
168875
29200
651135
299679
416875
48510
128695
196843
573605
312326
590009
270252
654055
599863
87879
161822
129959
191211
20919
285896
97432
238246
83929
333505
56301
461178
672362
569144
112300
312708
108351
382360
687401
697992
166952
273607
508836
715938
14307
707272
12116
302339
593680
124811
674182
57981
500045
708150
36346
113378
692855
450035
376023
631590
319119
437712
617439
259130
261138
49556
580320
125598
693918
93823
4369
72044
118622
313547
667028
130346
264534
521954
633064
491713
106402
71482
197124
527065
680874
700473
198120
296943
72216
158461
622142
395266
179825
370135
604303
611587
27828
296374
387676
454124
607966
515841
306492
156680
483162
96213
611586
32313
103031
639313
338241
120537
379769
692336
191954
588408
234077
570445
496165
655922
101833
68695
470791
525891
675317
573958
149845
169507
616493
576131
629434
664476
56854
493086
276862
106618
459188
205067
205544
632587
413067
627997
365308
413644
86611
276816
200244
36255
306051
86865
353318
12691
518825
95747
701623
225407
314506
510336
208167
299802
381783
195239
32717
115988
140799
107937
683063
144628
351619
126048
84549
599730
264349
384800
420987
4718
89942
380806
784
643977
77272
24120
161362
392215
983
163944
340344
276878
129292
147195
234131
232161
223435
525089
200906
473753
272822
272425
518555
375209
455139
440614
346281
258746
353209
146127
607611
379235
258789
531935
418406
483283
383353
530151
643525
284638
495098
56621
518849
5043
222023
371506
537378
417612
678919
71865
458291
496934
427642
480047
593850
243582
131966
187755
330614
86108
689416
190845
180763
391704
103639
466980
162445
464139
349727
136473
55188
271445
413407
117436
708686
471717
74171
691753
334095
634009
157816
189136
508573
32002
394274
517583
22921
351259
502205
266365
200977
135460
681654
357990
190528
171127
529535
197309
458521
221644
507023
243353
560633
227956
132576
18347
600806
574925
359732
468474
672189
39011
43007
447456
165997
509981
286542
256898
687358
600730
35119
424832
297518
156214
404851
36193
177758
328095
224093
698596
402448
230312
630174
459058
217134
36080
674403
283730
7469
376732
607798
194774
155506
343053
644464
636243
437942
111382
380641
649095
260683
58252
612063
146548
41879
378040
51783
487707
536628
127848
15004
22163
326851
183487
634690
606868
521559
713560
494577
433370
389135
624735
567701
642808
545003
292189
83504
4641
60882
175619
16488
675491
485949
483214
22233
129574
20753
259509
221859
98297
12576
598067
541309
13899
311401
240678
86304
347005
618980
625791
589457
612218
159040
370663
5796
204293
186953
136904
573263
671190
394206
499536
24198
530319
241892
82658
207276
540906
210123
35762
185362
622807
204288
634653
148618
579303
260
143774
101311
538334
170740
600094
209331
246447
292504
646107
66446
602142
175534
589047
108826
525542
216266
85605
320836
448709
646685
158558
179875
183078
346809
248553
1761
67329
197127
520909
269597
608054
332089
256360
497592
275645
617339
31932
273853
71649
432022
457643
612310
116229
563297
521998
315755
251769
578716
380966
550449
384150
599625
80078
491823
158285
601272
559725
201001
579214
589689
109241
50253
419024
64409
562175
119016
436928
21534
126432
336017
161632
436617
335392
478974
606850
111861
391311
171410
84549
299923
302923
272005
395350
114017
214434
544266
225202
428298
288136
852
684969
34275
4808
94038
177103
258031
43542
400347
458947
714139
191511
176417
209843
60849
23803
19447
91502
346687
91102
374659
518860
548775
382705
581646
470705
17417
707224
698649
19222
145891
101976
170550
195105
64104
668737
244242
475689
493035
233620
92511
154237
551492
265776
167911
691099
563259
68940
149171
635326
22230
3841
622846
84514
607612
417703
424955
12216
599272
541545
1511
195651
655549
293880
626981
56505
207970
648888
244118
713640
94919
141440
165068
67216
381292
242143
452588
95515
238534
551112
577869
121840
286511
336938
188198
542235
193273
168369
447372
400792
92112
443197
352535
610812
282053
669528
46380
416842
31475
387997
416670
680470
621589
664467
646555
206739
508453
366757
509010
598632
706067
42839
614031
483574
362517
234466
97510
408541
252768
266948
704931
378805
207184
709419
631545
138503
645142
210614
96898
706961
21003
241756
491475
654788
105431
349649
390988
537542
685664
23428
630879
640583
112575
661277
595647
33033
46190
177039
27860
667659
220835
494389
154510
131433
454659
309968
628836
66911
660121
391519
507663
564834
137364
83239
376671
252252
212366
2432
586063
178537
232261
44769
193773
184446
639788
439331
479981
704807
447650
409587
715127
11154
28715
273185
367254
484296
578502
604806
486347
185887
383060
79527
412279
418733
483129
613300
143844
513295
146535
263409
571535
120711
671165
501163
102217
472708
158575
19916
296454
681016
41933
566285
698844
563373
238798
582668
356356
286543
554646
550449
532525
583525
106886
52565
524721
216764
116740
541154
302068
658273
284407
41699
181948
550618
37427
162466
322355
47631
9048
638493
442794
357803
559956
124922
659506
36493
549059
603736
375354
53425
284637
137686
486096
472068
213226
84993
228520
218854
303984
454380
675811
634282
242430
422836
683213
181508
292710
506213
2140
569281
680
704330
556330
693197
544266
81247
367326
384784
379648
567673
416219
518995
246090
376289
713405
3103
220953
20304
12044
136131
564041
600112
310700
185486
185252
73978
506594
315254
258704
300917
37719
90424
305003
630143
678664
263182
152850
613260
120529
222845
228991
447006
468835
506109
492796
230001
258263
521711
288190
474975
543258
511150
422767
390665
347035
66684
354700
63437
478512
124934
86442
283637
353314
440721
636906
535618
64105
699649
372232
361071
409711
573019
233218
440049
13828
503072
454129
488710
321185
585856
379734
703089
172202
561218
66053
5798
145501
631124
227973
668403
18872
256278
24448
612462
382678
275409
356617
657815
214918
619329
389275
462777
234229
560824
335876
352234
236234
227
230771
154208
252414
4354
169682
15537
169754
155976
288569
242829
525556
161938
712315
633420
650555
298782
348816
541947
103999
15458
37222
82788
215562
370838
612779
96950
339860
273451
114674
240008
171560
365302
23122
627751
379915
372009
302527
55244
180213
410557
119268
644065
488172
594772
419257
360239
436140
661087
235219
575391
194926
385531
418277
204894
584871
455853
590692
238452
178635
638127
431673
336959
20304
230917
485645
217153
262311
278317
186761
528871
589146
376253
38235
66202
75568
157000
144267
304030
251410
488353
193464
610055
166631
715281
583773
59579
83214
457448
221101
485410
410828
299595
462777
711124
121798
160606
197665
96920
265504
480988
443197
714393
436764
411159
587269
648535
468904
301088
246411
124890
414012
403076
20693
380563
485905
357984
155057
199915
551744
284406
476322
373741
249300
402213
109886
241100
326024
596283
377888
637537
638157
620476
23423
134112
331234
649688
636655
479033
518100
186229
538715
534863
390653
301328
497261
187345
236831
631683
115687
641937
272557
535321
557114
203839
592353
532562
59102
10199
637075
489723
649345
682224
442062
4741
499598
170870
7793
53353
508778
601977
305299
143087
354997
152134
554081
547754
710694
263976
373056
286340
129929
537703
584707
5903
639925
479591
539244
422616
13970
340780
694896
140605
154324
213493
626533
96975
412501
180917
304092
191947
61932
268646
39257
77083
233523
392320
77616
651312
75352
171466
660424
340815
166220
379808
522500
659375
213130
438131
586628
606592
186506
56964
113843
515064
64425
326920
679678
165025
185348
317899
645356
433340
319328
245235
152932
404790
709290
591538
460605
241756
499752
544253
71779
19439
481584
501069
122644
291094
511835
211131
203124
190361
210286
368531
662873
392205
252945
114449
641340
273362
615142
2216
395103
457017
614732
582875
416629
116586
272244
294272
474837
538741
84453
123971
486038
650560
637396
364266
549103
333103
26955
657265
367022
449238
346398
716144
699121
72843
68969
454951
422697
431762
651504
35476
652397
617805
146024
216257
694786
312808
353215
285142
634363
567382
283671
552619
217810
548775
616823
707591
679049
663525
510689
415951
542081
373907
379809
655523
695650
108565
485811
573811
123448
162243
695386
182345
591835
180716
84307
34465
37082
378188
58547
360473
500930
418820
145105
276636
337557
106618
2544
16953
363285
371947
556842
123906
158172
516556
263135
117177
83213
91361
159056
178907
183579
657790
166370
94706
304576
29740
207023
298169
31546
461044
685767
713327
624894
488609
124245
296077
29119
480041
669885
249799
209912
108005
504890
205300
692648
207658
642625
396019
37686
489728
463830
363902
266920
656711
444889
476747
23773
154668
527532
206462
64495
312258
22710
436435
549231
13371
712243
391329
97151
195276
343055
294850
575986
650943
428004
83709
210649
421096
55647
558568
600037
470452
490782
194786
129327
18332
435928
396837
278879
569532
395735
434715
405775
272645
109454
571292
565187
260395
537412
447958
271198
51995
75803
16508
381986
701897
98431
282617
36080
270191
15694
176227
532086
125861
318345
597818
582748
308311
610156
117121
74062
233185
569786
100532
49144
123882
518501
211285
4167
251926
546987
134274
669299
22935
343542
311441
68741
272962
452045
606706
416231
140689
714158
538874
45581
714382
208005
359859
676433
219524
649845
715984
300456
157402
521374
525291
413853
305257
63752
250298
269450
177771
58285
57036
305164
469719
433785
504423
8013
628665
106767
595862
323936
322700
253669
714839
432363
471358
5780
120365
626433
539441
313474
659190
501196
545827
132577
236236
219348
230722
122745
618437
16807
375172
103792
361142
345541
703744
100849
470929
583369
311857
367311
279751
220810
279794
451803
26815
268995
354863
246479
53511
55188
608953
681732
434039
115025
154294
615103
99042
368677
512614
229166
479006
337543
15426
581915
398593
696450
23322
113689
170672
7314
104842
408222
674222
446518
12116
212268
680870
503035
687663
686262
679847
595921
701748
211105
593083
481162
584625
48583
657921
262537
547566
124395
176325
488347
422532
187543
252100
441054
684460
61649
126406
447039
39081
216956
217914
237818
550720
12187
37180
520094
304883
478472
227615
340026
397994
457533
668538
586089
9321
307976
570756
628651
308349
189537
219964
9786
42218
306410
363902
11563
564164
465636
206219
406025
98333
597965
411024
11781
645785
511473
409890
295123
132347
400047
279672
568522
260105
649434
550391
286981
235353
128511
672624
501735
516408
362130
269075
39000
238563
602151
280722
460525
664930
512877
378601
505876
250646
613867
142301
62148
636380
113457
267919
520123
365371
326366
515463
451139
50638
711142
569932
227968
639777
423395
251903
98872
629649
494835
536880
652278
234923
263266
85103
560828
490336
681733
559433
84486
705632
556818
369349
680865
589166
582523
34298
705956
19254
543126
374980
581572
176270
284840
171738
413966
512125
249982
644031
422463
292419
333077
364560
294805
5489
517258
483643
579987
612371
430803
209461
437533
697017
167528
605953
517888
403872
639284
568619
561774
678653
578511
175792
89666
351424
489633
124990
356415
534584
336571
134547
547012
634616
353407
286338
8205
347520
374881
586637
270243
45367
265126
86066
211316
510891
695776
231347
258256
9025
688859
34040
292357
18567
332678
258900
644947
665882
710475
348867
655419
385458
190597
123759
713218
536084
27129
599060
484271
452550
519344
405495
717049
150351
164087
391080
427919
495719
508266
48515
76507
56008
392354
265445
387932
286719
236132
488706
165131
580355
490613
690058
395578
67680
608229
101245
612682
164948
9634
649869
408745
69174
366464
576880
156502
622073
565573
540388
634481
56947
658388
310787
374632
502078
434116
569573
518262
348810
242060
6578
683717
172420
9778
431104
506582
39578
112912
539325
472772
356144
431576
593712
381202
321340
143983
673614
173232
251469
351872
370954
47217
376626
375324
168060
354157
470255
320800
516726
105763
443516
487478
479280
715878
163102
657645
305435
551617
65261
331988
543430
34349
93638
105918
631083
538736
132859
421076
232090
396692
76444
93223
547050
282970
38
442762
523332
271559
690911
231236
480570
175340
165986
259374
406714
156959
160570
703480
350266
679651
221561
487763
663653
537069
655824
566889
42546
293299
18937
331172
268487
373997
275550
604046
419672
611873
311393
653688
235779
183481
581643
544512
342814
139785
257744
403232
581010
328658
96974
420620
364188
114439
678898
334850
686171
601165
500837
452713
19806
171499
686938
248910
519441
26264
580140
443
625376
53695
562260
105887
73740
1205
14574
173484
678841
159075
464885
7296
313314
515563
317569
66705
66567
430489
635460
664417
627639
193949
365535
674333
241093
203588
575718
371356
43168
135015
658787
308689
204044
267613
390802
362253
393264
162545
156643
357361
707802
452297
244990
146636
356223
682925
349436
189958
176411
85144
492554
372120
442788
93996
25469
76136
213819
445487
155808
608006
216759
122604
325393
588219
45915
307496
4955
495267
255616
214709
169233
251942
150708
18230
218916
432609
552359
481814
529419
439536
631696
147221
585197
387524
700014
133877
72912
24717
187919
347506
398842
64740
298836
116137
52142
550365
586703
271666
362938
237786
123856
493205
478702
90651
492666
347372
151692
313684
125782
480996
295295
352167
548180
62410
132731
98274
662656
244595
397004
540085
214195
202458
353159
239284
152679
175265
339320
604076
473239
610778
283365
59265
263756
671412
445420
591129
230691
5596
386338
251098
247139
238307
635933
20790
623562
651904
223534
235715
518697
429502
38131
566158
620249
635914
357651
160908
669016
72479
553134
371406
278525
102742
226471
476112
330822
474868
99360
289484
258333
213173
113994
73206
547157
674601
502651
72948
382420
128214
131386
717744
127072
366220
430486
532118
334401
491360
58268
615441
388210
295920
52103
567992
56547
416041
137780
371607
206780
656964
503182
299101
384836
594309
485731
453012
599868
596972
212679
307520
619556
444972
709215
553792
9243
239252
480630
179129
35894
282329
652679
535518
261955
490428
211815
322970
37911
395912
249607
65000
326975
381718
607825
672601
554198
150893
128133
83781
480602
183909
709637
202853
465146
652400
546124
189670
401543
266044
636515
498926
692830
494164
305935
163205
529744
40320
147434
687309
290457
513495
331337
295796
581980
368853
317875
561574
448538
155687
541757
654858
163200
267124
386868
307128
160080
681733
537955
233622
554578
182817
487273
409951
514779
422390
634286
189573
709690
444398
590592
570055
297314
558019
252172
298447
491854
541037
322403
1786
405875
634794
384873
281194
16965
230631
175973
360155
6015
472165
186688
26637
450748
654878
154780
329743
425488
343545
548112
436725
699436
517950
11665
181091
215314
296864
93867
183616
134709
196638
667818
215932
272543
671521
79293
488097
109134
555221
571971
27759
129639
4248
703231
415794
535818
39734
582305
546731
205544
314149
322625
570943
530528
45341
628378
220625
570230
173450
589589
525088
511278
439259
202794
156601
298837
352176
508132
193078
694602
636357
683925
116854
626066
136680
591814
268396
194807
419006
230771
235043
200148
366738
335069
185592
390441
689150
61672
59208
102003
135682
316547
351039
367612
398659
140930
2377
414502
127320
452434
386074
67006
375222
515756
151990
260088
195495
660844
659222
88086
71828
474599
208642
531787
452617
238517
212051
417663
528293
328475
283921
372996
393307
186831
158729
86163
413689
10147
303223
253854
362333
73031
452077
412871
120696
124885
270814
164041
406856
171512
366433
287036
162938
216337
654603
161055
486739
225133
535130
391459
434392
487318
661546
451024
631854
195914
106768
37152
194773
584761
220555
31027
533432
345212
432052
322999
700051
285937
196309
304219
688473
414044
560030
533447
627819
505705
457316
277805
301921
147572
409889
688331
604102
355543
186464
71214
410127
266698
289028
158026
429611
81852
472500
575569
4792
96586
329384
286035
368052
295341
217973
142140
497111
77270
151845
296094
551417
717264
213860
262831
694172
247474
487494
707407
340874
674105
565893
532032
288777
418674
194108
581655
84197
482828
468016
306430
280081
532672
92610
681883
69520
185434
296751
503796
242578
692797
63690
586936
414741
222606
258532
62334
535929
620241
594780
94949
155652
15110
579450
96586
604900
396373
215064
417354
697296
594479
627651
86056
314185
429481
549332
458770
644673
238331
53681
246193
125255
625074
288466
368207
343074
163403
426183
251515
518761
379723
77784
370840
363438
54247
18290
632912
443297
247566
175247
25435
708973
14034
262864
143257
496525
456734
297064
109623
437938
315994
186023
505638
217914
6213
642196
530614
641846
516556
464134
311434
293096
630434
383852
353138
384239
270033
392205
12889
212203
56872
249084
623136
560142
272
256831
597499
431051
340075
451721
602438
426511
94960
306040
308369
526073
658876
464328
191801
629368
316763
95138
113728
596622
363356
577113
316505
589688
426741
33063
505111
252729
65398
133652
252415
460883
702923
156179
585814
104304
37855
141690
615895
621572
74642
178151
4061
220071
490946
608680
311547
33313
275002
58079
79808
224950
377140
304933
183895
380636
93941
132859
89502
31565
444241
122118
427089
528529
255062
351046
443699
643535
85405
194062
335445
310528
29407
679825
664544
307025
250168
632937
423354
669014
5
22550
442276
79155
694435
150476
448948
399586
512824
393643
9975
215297
673989
43843
64788
589760
662289
449517
590230
695725
16390
241682
575363
429509
237865
210447
391754
75617
214752
641727
701570
211282
688859
488173
573886
557366
90775
165164
49922
27844
486332
534118
578936
630079
247317
99980
496114
237967
676165
559678
510494
521739
11835
10197
217624
556384
57925
461526
195539
606001
348269
608902
221767
186883
115164
447901
384554
30057
631461
702803
371879
572743
70822
209639
232623
101644
251200
661735
259687
122990
150537
135137
22921
99559
129502
416371
551124
709360
455945
107429
537902
691544
675263
5097
162822
546761
552874
543092
179418
659471
373787
495362
187054
128889
194631
276707
664045
287037
327004
261754
67866
341513
696525
76267
639607
108907
220278
80275
287498
355402
456267
407694
267022
57923
319218
317733
70566
443092
717877
92817
321935
563328
494147
449804
603538
351564
570799
582334
357478
73878
544508
575761
345491
179492
625189
59050
223169
9197
164112
688464
443855
460857
543182
201293
105969
281850
325668
511858
510132
321428
540005
4890
303149
134320
108339
73286
304344
675118
170979
646678
7782
689011
682654
373629
573601
651909
52368
462482
240249
530906
372037
369181
256374
672252
577889
312944
509865
302692
274477
430088
374899
376689
413108
58854
100575
299900
56871
597600
461224
48273
502120
600560
22868
403407
143515
106402
320777
164112
67457
62848
13137
81549
177224
123497
444703
27066
471428
102865
466904
458117
511843
495672
370906
397532
467502
102163
350344
494718
182709
407568
526441
555951
629856
451244
54606
324681
498950
46708
204991
397370
377726
62307
13412
495298
197093
402593
538799
55561
320836
510976
403200
632891
237775
685719
272113
261474
600658
59743
114075
26481
150108
50111
390434
163102
20131
223777
407672
594549
225182
20692
657983
583481
491699
141116
147020
96505
394177
96635
12385
9486
395762
250237
83809
296853
95591
235379
415721
333292
478867
157709
228708
129805
640337
247707
9911
188277
646424
272319
388306
18238
642782
440375
83530
61171
208959
42546
394788
379048
403337
235849
213655
60934
93115
248678
617486
489239
431332
253810
679712
343993
676888
396747
454267
168807
64882
675363
71887
145608
352954
326829
643172
4002
184260
476392
377202
703135
534387
570943
401151
430054
11307
186432
63213
497418
642676
579243
128199
280955
545869
317522
415624
157818
340598
444085
426561
326914
712571
325746
543737
585386
283520
142932
431661
2524
656978
256773
639777
460499
10248
638253
609278
705028
646053
220841
176246
39397
582526
15883
592370
264299
360427
681032
80146
527185
190696
201980
246784
37251
70248
338241
108723
125620
505736
84013
275039
506583
231707
637434
681511
31355
531648
619097
200286
419495
16714
704563
455758
658531
478304
425905
133346
640959
498520
103491
18393
342813
148819
270786
297315
114611
438239
331362
589872
224964
489785
222391
81880
573760
134922
649058
701595
281850
460567
308486
589155
597578
340399
72882
703390
580474
329677
239294
3442
204391
709498
70841
196317
7168
591959
159412
87401
240484
355406
233126
69380
159955
76414
130238
130067
211401
193145
274551
464
564127
538867
468554
458532
669297
613008
566161
366056
301592
487364
459545
109299
273301
227436
450007
339407
372537
411378
524637
358364
97264
423607
313176
382305
661260
53818
436641
517951
45283
156960
541155
196194
605916
461463
574796
461264
225139
514274
47289
125173
483284
220274
40988
620020
51415
717840
409035
265520
388071
415799
227916
511997
74659
274689
107354
391671
344141
430116
697483
638299
208680
490182
133951
670313
570662
531776
665613
11412
204392
369765
382100
670961
232719
264362
514
252099
660762
462246
561958
446765
207291
121921
113932
682283
165078
540982
268161
656559
612679
223062
608780
489733
293845
319330
465913
303752
53359
419369
299275
351424
541544
242034
423415
55630
68278
569482
127656
212009
630515
59656
433185
113993
149647
310230
185847
293880
673942
573436
37588
299430
94089
186674
116599
432963
563204
464295
361396
469926
35908
341693
419652
502177
262392
651403
319200
200016
657901
271278
389773
769
667219
23204
355771
95336
681581
664604
703385
700241
464205
39072
100850
640168
599648
647577
18788
132449
682515
587518
311738
371598
112676
153525
550797
172706
143657
8648
129150
459359
472977
330914
400849
479502
331382
108234
487465
479486
316359
250356
111101
323375
650393
13622
530042
669722
76622
111914
55762
664102
206809
528582
228928
577735
287263
352303
408634
44623
74676
564518
415287
319260
432322
60455
519950
434923
449072
244863
566757
392661
504307
630360
151898
133524
103095
602439
699163
594357
145734
594141
224123
659786
75206
581209
235133
285925
297454
182143
401164
226533
228362
425525
183239
676048
700531
353156
235779
677553
27050
531811
137528
77741
432146
520577
666623
681260
61990
354587
280013
696080
442988
74860
556684
180754
271335
517951
449162
468047
679268
64477
34548
222189
165225
577821
535872
98974
32847
20549
25995
638576
427651
344713
595445
425695
526716
66686
271892
365985
299579
33378
346463
592939
227070
403255
653243
510924
190883
91239
596045
79270
37336
700637
582844
439767
655227
189035
673694
540783
561550
221726
359083
565648
320858
425771
703199
247744
221805
342254
575648
57113
425118
344974
165214
581607
405137
513739
607893
331077
8839
392983
193153
704853
490020
60747
54119
396229
527025
327634
34870
94596
665363
176616
89308
22154
594150
628408
497746
448092
15067
427503
147441
377676
661989
90240
242356
576138
241999
503061
643875
167055
412676
219524
551433
330865
193596
706910
657135
388201
289112
324341
636749
646032
75570
556460
162384
619438
12651
443272
189059
685260
202247
236780
361805
4976
380031
398880
37728
372295
209640
521136
433611
589624
291703
554560
47660
490421
623625
467832
163989
97319
24197
37813
435686
173890
82269
278099
582696
715244
314551
136533
392442
265791
197324
46951
167815
420424
8050
546737
581587
421658
34972
410629
657565
663230
608852
493245
372172
322915
408171
230214
645508
75092
519297
250050
50484
182808
313629
203315
287995
94103
14249
165106
486556
366113
193603
81608
633291
678841
448976
257742
11546
682423
517641
673322
690100
524366
318648
291460
635384
153967
28476
132648
512235
674858
582488
309394
136047
70958
686989
11988
152511
708643
427173
293015
251291
654131
58571
253624
93178
263437
59938
17519
682499
703901
352941
181431
519268
417129
149819
118078
209951
400743
677826
476150
93008
332869
65469
670610
87461
167657
529991
247614
418428
482012
274510
683971
62624
642702
455433
553605
582207
464378
596332
433953
706724
584488
387167
127265
708932
249729
38608
16801
141381
497766
557680
22487
162423
355175
424442
317500
106909
338868
488538
246337
712617
102440
116602
276454
296574
28816
34102
133357
264936
275402
683630
215916
613187
177754
384784
46048
268921
711801
338085
672979
57079
116244
211995
240391
663574
244815
382360
656681
120380
15898
614728
326210
91340
10958
530447
220283
173259
690958
362522
637979
615043
562903
624787
451482
177373
592596
678343
242139
668502
714061
204542
365010
280682
47600
534964
403034
446063
646679
493588
396120
280144
624614
427730
662785
700400
362960
259823
97167
343911
10777
69261
26513
29252
67219
653726
325672
327098
6422
520790
428766
19440
58471
264996
455920
81495
353130
707617
704977
442339
14440
652236
32281
53089
330608
22334
210715
613485
144038
321885
62579
141610
95179
286559
517187
305023
53617
350287
621543
124762
273063
114230
320812
652895
47285
514692
617423
704267
328487
546015
634295
493693
397980
45853
697035
32964
703819
122102
540125
286054
114978
616474
601934
123323
488264
664987
46145
296593
621400
480268
700280
366660
615122
230964
166134
584091
466274
637374
435364
212866
250008
50035
626324
429782
405043
656752
226300
611382
358473
114499
510012
407149
153687
443881
240835
324458
628993
186373
654188
299900
309280
455433
646534
684021
385321
589494
146788
190457
605355
35940
258834
178807
90532
628796
369854
416120
404180
19308
143560
686890
69826
74497
7609
436892
271523
148169
319792
177423
475158
265273
257109
232033
248273
283493
685157
90029
570
406171
511999
277300
446284
345798
599416
96531
254446
450648
164085
638354
98056
1447
393146
199912
250458
434676
624109
50039
368687
32110
92016
482430
670224
71725
689962
298289
327368
136028
685554
555692
306626
222327
309366
267218
160922
107261
371
188632
32246
89571
490509
374880
449852
655864
326357
554447
236234
191708
406793
531293
89581
63156
663000
637141
32062
256917
659125
158688
661909
411789
43999
361276
657813
444783
99767
330854
284825
2293
377564
401737
681512
381535
182822
340520
52876
362659
102900
283990
202510
549395
383617
641123
154054
678091
534695
452690
122041
434250
544335
391668
435754
360480
399292
399391
692088
593267
264049
456101
10512
253904
603519
103818
126401
132084
127165
607780
303375
268992
430437
200860
9283
92998
270354
244320
438282
9540
359680
670988
24899
250251
574070
662631
361086
634588
638907
501922
212051
239912
459334
575557
114313
364961
256490
554840
370251
75629
689728
629948
489351
702459
688267
476300
360025
662868
524982
85063
315805
102464
485243
643870
457869
715813
711869
459972
93276
487401
674568
373644
221303
715700
72110
54553
680130
388122
98059
297844
355666
283651
451234
631020
447513
10022
570339
3659
62077
455684
208416
441277
388326
171573
516350
597164
521984
502915
377979
564188
712194
96085
338564
297649
311171
638263
298699
573018
453635
536093
586987
215514
699847
649890
239487
48362
122517
512549
450105
438238
489391
323927
210626
674334
54566
223540
2148
81297
406772
169511
423583
145638
205550
367222
20225
45473
224319
299965
257698
19319
314148
391154
82865
605076
343179
478407
714731
160151
245037
669306
471937
5328
509321
309860
182575
715642
88217
123758
68549
107547
201158
287879
360754
651235
175179
129618
668176
1311
465918
226090
218438
312252
479280
358140
362653
435504
536585
137741
107771
93272
246811
319791
165684
195651
634745
241199
198007
454921
327944
100949
474225
92176
573402
595879
483005
607895
317420
181650
256346
629323
237855
652537
101990
676947
181853
694622
695513
125208
685719
220709
76753
161592
556759
414932
465610
640100
487689
505214
534549
16235
119551
52145
294743
69630
435845
333743
59193
114508
332605
108835
590779
177173
622624
443517
695768
495718
162455
405695
653956
573611
392373
589996
247494
502428
276880
117524
391820
45351
204827
597754
65957
716867
46203
239823
569271
680236
275713
38828
617667
258710
36223
426871
451330
446188
599056
236901
254691
245691
224951
691206
586490
527588
394261
346252
549202
412047
699106
578881
171249
554301
308505
635323
34555
113455
38207
438238
389673
527221
103420
230713
458763
149845
191393
356654
702655
296968
119241
63318
656448
558223
707267
78445
195405
450882
134516
573409
284507
188201
683767
507595
95777
659550
713077
227251
197763
543884
627409
167369
497349
45712
431688
382091
368364
361277
452712
103563
49825
79701
613532
598327
231651
85327
90611
373418
341280
122937
355558
31243
315674
588018
695710
424592
223535
276389
64383
168499
209611
553412
74873
24323
214705
111718
631800
349080
307233
597154
157740
50616
209851
378048
703506
630709
565288
106131
460157
196495
670631
610312
695316
22102
31847
141381
616287
652925
271779
361873
436198
6301
147866
247179
359087
269810
262539
240963
108261
368929
251229
111684
131593
330326
489786
172737
317866
358349
373462
483556
576261
544070
574278
496535
12004
554840
445297
212393
46048
460614
601395
643233
202198
291465
675385
23460
204398
568576
705730
353741
376427
437219
177323
261955
15131
397277
505222
388169
63634
227639
528704
95333
376256
188236
294182
39465
716699
136072
255907
686905
343430
123140
358374
343512
40653
657626
589461
363822
60601
84553
156630
627886
297760
370314
355535
488802
700845
184
230941
253948
660412
328194
145323
242341
331088
559182
249307
126008
224475
615261
667677
78
291030
554510
328311
359111
149783
231929
576255
349079
309654
480116
82054
529744
248725
700519
702444
259370
392974
589154
689876
223538
172736
685684
98383
710181
570198
493393
224844
295184
686287
185305
9702
244020
640908
42595
33493
13006
652901
142943
452192
307857
155436
103836
129004
553515
515588
569305
170310
63371
467637
365005
498937
347939
563646
2055
447481
23881
523947
135491
396696
714735
163483
363675
687162
3452
599225
588772
211073
27109
338542
22774
233462
303100
601020
308648
341188
379221
707074
116586
421912
106621
47245
159548
664961
357044
104757
482124
164658
664
459404
681294
555108
100082
229111
387469
564804
13412
404838
121469
145896
57172
300819
222171
36538
534481
312169
513122
497315
212175
85196
648535
684641
246449
621953
29779
169500
99704
541430
42981
570935
266191
599844
555950
282351
591031
506964
568656
392836
511759
693418
67168
120427
185010
665196
416227
3467
381777
560863
225886
220153
286034
575057
196982
477014
381454
148497
679584
420617
195187
198925
57470
189573
450688
324326
267619
648880
403163
373024
205611
24268
19332
165589
112856
554807
590581
686996
197268
595217
274030
626356
81614
565058
452195
473116
378592
248789
305266
518552
286155
109465
134481
430774
301719
324066
678911
155497
50553
376837
508595
252834
468981
223435
638501
668797
374984
441351
662877
191202
488881
253909
362536
17044
88680
460241
540027
463876
453483
50497
626536
219766
23575
140598
523860
613593
507188
264268
92782
671371
159514
177890
672455
160096
452576
451309
258459
318608
654390
203275
165626
547694
487747
63384
190263
266696
70612
651279
202712
73983
237204
244118
549587
112192
369515
481102
449594
54427
657933
75334
439445
331379
517494
453328
184195
156183
409894
313359
423305
649883
357834
639449
677898
266425
649760
402770
684762
708302
552289
679759
408716
519342
586206
155555
691767
416558
702675
684084
568497
483299
549446
621452
500937
652158
423082
223472
428230
423604
663921
387621
634128
452879
6020
408605
46198
14302
259321
608229
47568
699233
294984
553517
428867
103246
489730
596573
173489
214842
711312
284364
105140
568524
236013
110320
412906
42427
332282
483161
475580
482525
71265
587555
216552
470314
524226
536738
692802
79580
433186
371056
396742
305482
484634
462128
305539
51003
173184
260334
117970
95657
313767
709456
456826
425731
476421
263720
533208
394722
166775
529550
330898
564715
509803
423445
189968
446239
75645
440040
61116
310103
310477
173445
682745
219646
489096
717246
334131
41993
59987
223094
107019
692995
248197
221277
683391
212944
211002
354147
701896
652090
714352
87827
592546
406276
154619
452800
435395
34687
38216
8876
604697
219325
690710
696492
165642
170819
21703
268490
623005
208752
314879
15005
201113
703073
439116
172954
36951
256089
23852
34263
287145
395178
530441
314344
567566
523467
120504
503842
687321
291169
350781
308940
52947
558484
92995
284809
592463
224594
263910
142167
149084
457159
386031
341842
278967
57030
559970
555631
512841
259317
662674
113111
345907
92192
471885
701766
361399
15956
653068
528151
451468
141573
713862
369819
454139
510890
28129
604448
662369
446183
257629
709985
235856
429911
455260
21414
603714
639605
607196
13789
563444
20550
375234
490620
124020
352619
79539
686225
481378
176809
615674
19122
78952
565115
28356
459959
383787
495250
13073
267890
241221
691013
286762
503490
127352
391125
493269
59278
121682
675070
313128
47035
660269
292104
489867
186471
98056
691591
508273
176034
617834
94104
82617
420211
692129
551509
681234
270691
263395
244962
206052
63371
276944
562283
590326
144455
638713
205464
666739
614456
443363
348066
224095
406356
108717
150442
224003
250666
282423
317211
228936
465266
268644
386564
570248
322676
533457
334398
290180
273309
140987
56770
672855
175820
583457
707537
311295
53370
76795
627285
412517
539071
52391
29932
608581
359931
328698
407023
427838
677502
212271
562721
425696
26491
700935
287485
92620
143223
256973
267749
217471
21381
231233
165018
119210
63415
404393
710986
478977
254757
236989
358197
312108
542647
219396
597867
49476
602714
302750
83203
381938
122080
632987
237598
295977
518956
229077
53046
117224
438913
309033
1215
354933
33159
456208
549807
449382
387320
598810
383747
74015
369182
714193
682675
516293
269203
336234
140293
306998
254710
216273
112485
694339
705996
616534
530722
513643
610824
648650
394865
569799
431343
468063
602363
221382
711622
241638
89152
203410
242357
7450
226118
604085
395452
445091
193793
501559
442767
525733
117305
275816
397277
76057
351569
585170
546438
577432
5378
238027
44319
96148
660583
492377
235339
25566
713934
444132
679363
456791
100322
360880
467787
372871
571320
596923
41138
664341
67722
425149
455035
409322
42069
359068
252326
450349
187229
333833
439000
404190
687112
199743
633434
275172
51837
326193
28057
49243
691507
561633
604585
111148
257688
174895
467738
39836
378806
463165
55377
49527
252728
467398
131920
293189
57522
427224
673331
477784
432229
15258
602688
85478
576458
90624
164767
697970
211030
458699
496923
286427
662225
33704
134103
199902
640066
29190
248594
3446
100030
558961
325614
375892
584336
116406
1566
352664
136043
240976
45716
167531
578067
357786
664483
484857
573528
397542
130796
143440
605805
269059
468232
345517
217244
521203
379321
325932
20766
557729
646555
24189
129902
32281
657614
551075
556558
243037
596848
330915
115588
107301
129862
517097
36367
585843
301311
103394
496066
114046
430037
601021
437900
440039
184705
344310
110748
656416
166705
22471
316945
149828
249259
87520
593715
174894
274544
621967
430335
413823
338452
713529
168970
253063
682376
262490
21925
117719
258078
282292
96764
41922
680520
15171
679087
430
258605
13598
351436
290356
43839
526798
60181
465130
171589
202284
15286
639824
388397
96764
711088
318977
103430
12946
396026
213046
643545
683633
254437
344186
444607
28120
114901
610288
375582
700559
599993
427967
600359
621014
272531
341057
337209
332782
632456
651504
71725
450627
37793
292110
35441
177311
657039
135247
295185
83506
319990
434936
253729
129610
36049
662059
57801
623448
659139
49822
223469
181311
245297
1199
419083
609540
195840
86853
489883
163383
308005
560875
616687
16875
230765
665154
664982
88788
509970
23272
149681
359860
108261
115536
659356
705121
647574
516648
75699
203895
334211
90815
186449
421417
624574
204847
539110
411795
533619
273849
551047
339115
341484
263976
359085
554068
384464
326469
581540
204894
94768
382088
504995
190793
613045
614537
212944
340765
276232
534915
680541
576464
119708
494519
81504
349612
504655
604761
281056
3
122907
485164
534187
526031
328217
442392
506315
522148
120613
31835
65663
285993
164466
239291
669823
431082
700177
194375
296571
9380
321344
308886
415431
260682
361499
202464
16921
57085
128655
208717
488298
201136
54272
170824
510989
335259
495562
412965
316127
26828
110540
65308
86916
356225
587759
186510
351765
24939
17281
587371
368229
348495
90289
186002
433484
491997
629108
593241
300101
77897
2175
78744
396315
615897
5381
620510
596254
234110
434296
585688
182474
675785
678197
573498
669212
477891
303830
144829
338356
156626
74632
82747
55616
15884
98973
380443
351960
412841
318982
480807
54670
539502
150201
440775
38495
242294
511399
704805
384906
125586
586827
264611
470379
675222
395343
620172
271043
24840
697211
708697
600699
38450
41954
627065
276702
32645
276200
389610
350382
320565
630176
267780
167514
714774
77468
707249
79266
149912
474342
516300
53194
533864
101941
615250
232491
200645
378343
269019
1333
138263
340304
491264
109586
5188
589754
567000
326189
87597
546746
4971
107941
130118
274705
313937
479201
685194
478732
162348
644761
680997
336791
78532
10289
39989
397649
317514
122656
549057
267116
300930
466514
248277
517948
564672
594522
655387
169986
502935
629470
249317
458694
139521
270056
497530
473989
58686
182648
276122
387791
565915
112992
542558
177824
715877
286763
33199
67025
1518
211849
700169
359417
539859
258499
139774
236411
173101
233280
683674
39024
47802
354300
61879
465782
72393
205888
306869
642360
614026
340243
633890
42100
311494
335386
284661
293113
27456
249812
548864
150557
530223
533404
598002
40882
224681
602653
315761
504346
42380
628506
589999
529751
302496
41416
452403
124674
549657
187245
625583
357094
245237
580790
209586
552299
119424
457014
657759
260850
59110
170797
273846
506967
705236
462865
419847
194310
323120
667996
297033
488711
650976
138130
74935
15694
690387
114108
23225
592191
555456
675519
402216
380179
48488
672757
498910
14016
558507
573547
306232
305537
464017
587013
55696
66571
2681
474629
488806
382089
578499
34052
449704
8189
398461
188647
275267
506976
700918
23370
612379
86028
245555
121954
540804
237520
158731
141740
446605
587780
107516
176833
199768
146530
345599
606011
561527
491094
161711
618175
624242
390096
51609
164731
655742
339516
579302
434962
267982
120919
46589
31299
581671
25151
33645
185548
17994
386376
489046
357350
389816
430441
502192
63372
79190
293484
22960
396224
497983
218179
447523
165304
669875
268877
294696
652055
542970
479403
352104
418433
170413
159042
287725
616678
276509
652683
631274
450540
658131
650495
80822
576870
75502
37075
276755
473417
78236
365656
48242
31425
141117
348853
446242
550932
715657
47744
149811
20038
197848
253745
159491
155087
407983
370872
346068
444452
419854
252936
23049
422391
33784
150227
246984
406381
126947
581279
611573
516086
40728
650901
513393
156820
710975
454389
235487
638744
318788
71312
681062
447193
694856
654526
391214
415095
406834
474128
525703
367779
231129
102254
411192
696727
69936
407607
349328
276492
351704
288827
674631
530788
267481
118445
333033
562148
213356
592805
327608
603538
580475
223023
424384
373059
241120
503941
549312
214726
54288
185735
481439
223094
379345
519611
324937
274513
11888
468155
444402
84611
262469
110196
16806
299208
589052
716835
623846
695427
474303
167164
627205
102922
338238
597291
97850
690297
574354
601622
625860
152651
377698
506803
301
704407
274018
517021
285316
144093
608747
306768
605725
423876
379827
54274
659164
331219
565962
259674
664129
480657
226668
300494
412808
476303
658427
623272
147901
220988
143087
415055
134815
509222
391484
636913
551238
207235
678303
85399
86342
512770
398896
455771
656008
593869
155054
180318
533070
220915
266692
108563
130995
170139
225067
231130
158454
630928
178152
367449
463568
204475
612799
390643
114142
321700
535328
287648
309266
598630
39425
391708
7785
526661
189890
174962
535936
364209
266964
1836
270648
539610
401162
476512
557293
160350
12612
294380
332796
483574
259098
155087
643936
282949
132295
657052
595592
457197
410602
36952
628625
180125
320388
447277
130893
229791
569105
641097
534990
184653
466765
82794
458856
708217
250648
177222
670239
346352
51009
350294
95493
605254
143720
494785
681640
345535
509437
413587
353073
268229
523653
179526
354602
49921
708006
582613
169189
157764
383472
250251
241138
711067
36381
415342
591774
287643
512613
299349
572806
99827
186154
186057
186951
686116
394221
34669
64415
81183
645257
272403
410680
255319
59801
574537
90191
293972
411575
491002
66207
185015
1218
595509
92345
266795
647677
380320
635517
455199
361727
249077
716844
425090
681521
454238
522212
169750
345185
5103
154898
408180
557136
198785
23744
92270
391207
298877
110824
482314
63062
505895
670521
352676
438660
367785
524206
386669
298601
500452
16702
408
582208
464203
608376
341808
709214
176029
617047
357259
135682
198900
517367
417192
34707
537614
45502
403422
152929
326414
8440
435974
380254
424324
138069
455364
119661
335525
202633
656249
107739
674638
193282
548970
547333
584311
169523
261435
649363
544036
349914
579142
600486
381914
419204
99338
424377
506967
685576
144984
375803
700032
10770
378059
67627
588422
592405
57389
254526
523577
624032
392678
677516
133287
228399
645456
710472
612803
42824
458128
278658
512500
172011
519026
444260
228352
255145
649414
619974
67738
465912
7917
153511
188233
586283
113692
198725
223006
493218
77274
333754
195830
94137
572032
256873
685926
551805
7930
256037
444993
449382
61294
493807
269210
706640
207700
440039
669256
70460
615777
248852
407465
4583
154921
709690
5315
332089
608988
241682
375716
350019
266407
672460
610106
16420
517992
548057
354859
227121
479816
699008
459091
631565
425221
696223
348508
55697
152693
251025
614367
18328
132864
460492
326914
375800
434586
524078
3640
46591
542369
268578
580859
265797
647132
35857
123264
594461
479516
422237
418850
481409
84420
254758
63431
320167
124498
523491
543709
556189
26997
128772
12265
231814
513882
171248
456077
695009
82947
33749
316024
686116
39378
276532
83283
600303
181496
615772
334165
273875
108015
55907
645405
609319
19126
647783
389341
137863
7851
334544
295945
715272
661242
677329
23690
358998
167525
171015
450419
544995
323470
46306
52029
433553
600447
38975
422004
165859
57092
167843
101975
714735
598365
8466
687180
631695
71722
267124
148841
691120
392949
373094
570441
629361
463657
200461
209807
655718
446623
290261
633922
178458
587326
427449
76882
703179
684173
641742
274493
273762
713071
222448
132356
173747
645651
628813
256967
165214
33496
331868
384582
221900
653632
515248
163618
4066
68682
470323
288009
214860
586012
646107
92912
393544
407746
12089
171759
349721
314936
519856
455836
608178
131622
629757
572567
489272
580281
494444
506925
462174
218466
241720
272362
406240
51253
700415
228700
355375
205526
384929
245285
687370
575250
181097
110990
421643
164432
353484
96518
457277
30114
663629
241346
319674
419376
18217
160526
711347
177100
369348
629745
94306
331322
364567
284507
564857
39586
156089
374055
184451
229917
414056
704279
270513
523777
101606
201000
4396
15466
694480
75587
301471
200072
78021
510989
353551
28875
680699
207191
233879
449376
461695
310410
35978
207746
620458
521576
512606
198830
507428
410372
142768
407416
332391
22099
659281
74025
602481
78217
641494
665277
35464
352506
170482
310809
73058
452699
635002
628255
229494
98308
38298
195339
221846
407230
574370
614205
426069
370169
385641
152468
293333
405696
13932
558412
71208
293708
398277
619327
543841
496135
658974
450902
484365
580093
306936
1592
382778
102830
692639
510657
42726
619935
130165
481992
620865
250703
484974
18786
605967
671194
176
109217
55094
151457
196458
55671
415049
41930
263269
263643
255564
40433
99657
71747
141854
567992
690619
59095
637608
207
287381
617196
613715
103494
425265
220540
537446
160704
430615
245338
415933
57286
482473
537836
179714
243892
5801
703760
161987
507504
715438
90089
563847
159658
653432
283018
646442
551066
549494
240878
38303
306712
8583
615150
108914
452028
606001
478768
502381
674900
417078
506618
265870
384951
163008
80156
361271
320158
441149
261878
104248
53787
228548
524701
433715
424996
15938
651743
256048
637947
445719
23756
435274
309131
610783
185664
433376
241740
441991
440051
70708
664383
57850
454473
19869
168936
95957
60316
382888
230193
635251
513486
298094
590490
594071
259297
320063
19923
546987
695805
310975
97003
317517
558362
205817
385922
597949
38885
563307
624119
639620
668095
49920
303219
8735
206239
10308
371822
221335
170332
459973
83437
149765
520466
137424
183681
248843
552444
104415
63638
329445
609509
271521
58832
460067
220727
615772
323051
274200
78706
486322
34507
217661
114468
502684
617913
71628
353114
664269
148536
547561
72454
586863
361587
688971
397926
412787
88733
616061
491248
648940
684837
5534
100094
270188
688437
140747
175342
636120
301373
409021
524181
427811
348233
119730
258499
487763
110127
567948
138936
591067
159424
215326
152379
478961
228495
360702
19764
649134
533723
701375
33649
88641
76882
70089
208278
470980
408171
382732
632309
62815
276528
708365
664416
288264
628427
584173
563612
369347
173604
176037
32680
278331
203732
246089
560832
678737
493882
485642
419498
35950
629620
594840
1290
588940
706072
77836
394198
608589
555302
171084
464283
178720
115770
411462
637027
642728
296184
553794
622908
341124
391870
563219
73284
579124
352639
395997
261095
272329
206276
53579
341082
953
164061
318273
360494
311240
404905
152137
116258
43636
555783
488878
340551
421246
462212
138134
29492
237207
711070
403019
609255
157964
671515
541388
74018
220104
151147
362772
247491
427361
376068
456191
297298
539903
350351
340984
213372
252592
40429
83302
217487
493857
613901
649874
432684
218039
127795
487341
518373
120286
412011
50066
239465
64077
673065
339223
273415
614878
341641
336227
361316
125734
56215
383152
511397
523591
54011
35495
385832
375138
312890
450172
592901
422184
611669
27627
35040
459733
589739
419848
566098
677029
460412
619648
546884
219330
227174
190248
683800
237678
403022
234159
654634
551217
676266
249329
449485
417880
97735
232161
143732
613798
593472
596441
309100
648214
226821
274203
680474
128925
71522
202029
134057
6473
129291
410564
664436
509092
314066
609536
354626
537470
139222
284328
590127
714480
194294
407223
527497
449119
382431
523082
666512
496677
586758
403255
41252
488418
153097
345606
572127
368890
143559
702335
581065
364305
483122
616462
442088
329343
486732
172459
612132
578388
251967
523681
27652
184637
136795
71916
191522
136023
605545
449379
713927
302955
455768
360153
361028
48272
15907
292097
27427
610038
129606
307033
562177
440831
277201
360134
461079
34686
641815
437883
308617
328412
471509
700556
86122
622073
75255
376837
381717
304129
651783
286318
74529
81899
517619
115566
327647
250842
694606
694596
214000
97671
334132
248007
493038
177368
669269
397720
200576
198609
202447
689297
527524
532125
608395
602132
433521
317258
455064
551737
580574
484297
456470
26647
167153
77116
344165
168970
208069
571001
443159
668175
55362
133808
828
503473
126375
418914
585257
543430
131814
125316
11961
154908
511179
179704
273976
438687
218987
430358
446215
662417
399565
3674
659370
59042
613350
205738
385149
382939
170723
314680
472716
389084
441790
210197
508492
660744
223243
21563
189509
92202
294703
403587
612159
574746
131740
203165
211405
248355
356263
442834
305066
342199
578649
676899
402019
393711
16429
551944
643109
229952
568396
692129
267829
543258
622382
402520
483945
9860
67377
200884
285477
450537
292781
655851
78924
596316
299284
184530
20912
252834
165252
661892
648160
501157
292004
33374
454166
193328
192730
187601
105763
368664
131266
216384
338732
365661
684682
118865
607363
464639
597890
115958
261978
559956
681384
278660
18201
396444
373345
454042
710445
39061
228097
378806
68347
535534
79190
215402
269046
663782
324701
605339
12962
32994
289710
207107
655100
163584
53935
382537
691439
668489
264265
715491
9374
685017
580022
579580
237862
689656
210856
323092
165005
689081
666609
215219
706069
669642
457977
386876
341154
86810
525210
537649
233959
340704
641725
653918
615835
178465
342165
717530
80589
423234
411763
467075
685860
126512
559463
576206
535233
134453
292841
489564
82116
5
614078
298017
594242
66888
593130
262981
310512
4971
700524
698931
676255
622271
221363
460067
587088
441214
265089
441990
625873
95729
289862
662406
13519
542268
424924
336430
323121
94000
580733
520252
36152
339111
244605
339412
135854
273415
708578
601497
463624
116451
441664
575639
105311
185305
670814
511974
561374
7504
155583
562594
113022
113482
699431
56990
62926
139215
197425
683844
115278
176257
345606
149204
154429
313243
621215
4078
268995
137998
255136
424372
495298
32726
346363
131383
634398
572070
298609
214387
7134
663654
119386
5486
105173
545373
256208
42312
170138
416263
96139
593818
530395
327448
235496
65343
142223
475388
650730
51309
573070
267474
72469
310887
231742
337218
37099
400927
654531
104525
678430
155804
18588
28189
497918
9150
183867
540702
328684
35568
67482
517202
466973
283469
190147
231717
520353
50038
288674
470166
329544
645146
519180
591928
88330
329201
642254
115285
57727
170785
157992
530229
437280
134149
113590
580004
330095
348849
9757
122009
286815
12266
128604
656233
318269
518353
393246
505442
344406
557504
525786
9811
284842
294233
568561
129150
487176
427119
218685
94122
19672
476508
220282
716782
259512
113774
624809
373411
167612
57115
285639
420671
257402
493577
585696
114360
173003
245235
307474
701806
709909
505654
550483
118819
245476
378203
68910
702826
699631
586424
172605
347772
456630
350640
115819
3882
264149
381763
29661
389081
208350
283211
708934
371601
716810
707353
46651
72801
281577
551273
418390
15993
333723
354640
26782
118502
105911
512517
95501
109640
101925
457485
54452
35719
577730
328496
117554
635180
433187
623331
559
464988
125634
653787
422474
287079
92143
390754
160984
637939
458654
53579
618657
518744
521897
220512
223923
310253
510978
422914
14535
452460
40447
415944
22377
334369
177080
301011
510306
47746
434646
109747
69983
681662
385104
141288
623192
326625
39187
21933
283934
125130
234337
347598
580096
402737
320459
311291
221458
666950
50377
528664
685186
576194
442617
610134
422012
515432
565033
535265
482428
242086
439998
202013
575748
451375
175664
461859
174879
102370
208345
664909
583115
484158
77597
634805
388292
142417
497730
533163
298200
210993
198625
649979
116339
683606
519363
640636
426382
570339
635975
127352
540349
659467
537160
281403
425575
475515
585756
714248
232244
417709
473321
331027
695539
493745
37205
1770
501318
304483
670474
584675
371490
561523
352729
244212
187867
390316
525547
436806
70733
126377
412106
629345
512877
284686
16835
555563
404023
399891
148341
389907
659141
331080
260147
163062
275558
58572
139637
171463
383152
35169
256290
427062
485397
434217
242398
470825
550639
715810
29066
618816
428791
60757
319525
360301
679826
532287
593645
79488
10988
574935
365535
43817
22416
332284
35577
674084
11897
666349
132783
711723
51193
465117
608353
551574
364641
103310
327520
409440
315203
232303
237967
499164
86497
94152
549629
15001
255403
555165
679846
626301
681458
104658
58707
543367
386797
671643
603605
212692
324929
460176
61271
346848
344943
572612
256149
554146
74066
186328
325351
376945
330569
359566
60406
97783
449319
2516
124496
146059
47653
510014
50043
633341
87338
180151
185851
713126
695648
77177
450010
312739
189282
134230
558942
183145
315322
508280
388985
627311
33251
94978
237106
717480
469791
143931
577280
367642
189467
553772
223657
33491
635389
16774
542464
430774
84611
30447
494023
23695
237269
593034
412701
531283
544644
310291
461886
245790
94670
432130
89824
712350
513572
657533
166169
281398
472311
518360
499692
391668
601938
539514
74524
85351
501676
61932
29901
455769
512294
80983
560864
82689
313069
134858
463051
201864
432990
50931
282843
397225
338537
571711
208289
555476
24817
207006
402548
418136
472030
157805
643756
381165
170676
32794
548035
449451
415921
85103
347251
640735
97358
621158
209988
241488
190914
415758
240993
275100
237520
450439
210653
660053
510673
261282
383941
413093
209292
249329
391118
521428
491795
346329
398292
367925
521991
660845
220963
618688
607688
510233
580798
469430
34445
594661
490912
218926
702298
586698
501205
376429
174191
640768
219180
196446
587399
484721
382563
530350
447787
659102
602137
523678
581960
13577
229679
372024
25841
354653
56599
413131
537856
331571
144781
419561
632962
252827
348956
92014
39195
337776
515765
491450
648468
41631
620653
68524
128655
215643
221650
213471
135491
484932
640340
437247
590469
576808
399986
126972
519198
342557
658873
56280
175460
206868
1568
568205
244094
391872
262378
156012
332964
337093
556846
428816
562458
680916
41489
254041
172328
496844
601421
657990
162560
101930
480860
262438
255136
254718
249174
93639
546460
556000
646732
527679
635878
608049
108286
339816
207535
155135
525480
590972
36433
542159
220934
441859
187341
78061
275548
83212
558098
237822
37503
661576
460236
117785
447516
209331
16419
582799
325980
318551
292351
420637
390914
233925
391108
1509
92821
50146
174611
555896
670407
712212
81809
390620
244256
444511
432269
169284
425481
597458
25386
287099
318929
243198
178016
595202
1369
243456
391005
503694
684618
266269
680135
447049
586140
147831
241104
64747
697469
180909
36807
111612
329790
704153
432807
530417
138851
460047
448375
579279
108383
173168
227483
159444
419351
604484
106609
492674
330899
698972
58338
336086
527672
29072
627551
279470
651267
439453
398469
39947
347379
231592
516414
586145
47998
555537
565323
322449
215550
420949
447481
159486
133455
463554
389552
175840
264937
7040
235964
267224
717532
554202
121100
560151
259282
413799
528110
22836
88014
216390
15542
187229
549755
158529
43895
386832
193104
303928
424830
190290
556135
241407
30727
18291
456186
327799
485890
6050
550379
384645
269185
5688
299495
427669
22307
1410
486415
625357
100131
331450
81264
113731
481365
449712
402810
562879
649233
327088
400508
310516
619671
633349
45957
359014
2448
23205
392340
410232
106646
66399
576359
15683
522901
707073
336185
173305
112688
620632
116734
529422
575829
178321
104496
259994
512589
675088
43956
83511
422904
194392
341298
634581
223289
108207
524697
182090
474235
429140
305164
534848
380831
184797
146109
17875
382105
301472
360628
396995
350565
395561
448882
294204
373180
194047
489685
531128
553540
130527
409323
351791
684830
452117
364251
110091
536716
689558
569776
514745
402383
13283
486789
379405
585855
385059
554936
281562
124820
609511
351267
442638
78471
484326
294307
199194
702979
490785
108772
561129
221187
589267
21933
351453
168067
79355
283216
554111
123069
32896
183610
193490
404297
195732
711445
173091
240764
261018
25750
3675
704959
212565
174463
454557
340673
378473
422572
205963
590791
469025
637568
630530
27039
553825
130514
681552
43671
299638
677887
462345
141908
233182
577849
648223
102875
325551
423213
277862
476578
299133
583063
463706
401576
711283
313306
151360
317172
268450
326193
535462
363095
678517
96698
7879
564471
178372
39451
489961
25948
136733
359732
473241
181272
483698
382474
241624
319731
444354
364142
160115
339757
341131
261116
714137
533522
21619
311578
126341
206082
596957
391081
118622
148958
689495
464286
129714
561784
513525
444357
259271
593998
6527
582826
311272
169650
646698
439194
629807
715689
596444
524218
41443
348379
497768
474607
462061
509989
409116
523402
113676
268722
190406
271868
491057
270813
32213
171876
47485
171015
91492
34034
578162
587590
66053
2413
319519
212243
682777
220092
369158
622876
268611
51740
407979
684261
680600
480063
174591
105204
51657
675264
619255
572851
187061
499615
94548
132294
234056
130436
338736
420561
292999
648390
557800
358417
483910
294679
693649
397463
126570
649737
474177
33032
509011
285187
167613
20448
102875
598331
311665
39226
653438
36705
274191
45506
31324
673612
445337
507285
555193
393720
139921
94039
548571
30494
446284
262311
32235
487135
550413
329376
10147
135268
112738
676238
6422
581804
713755
645938
417373
252676
310283
593216
472370
155554
61549
597161
596649
632456
5252
24436
188292
88468
313103
336396
327546
340446
330427
53727
68449
582697
522804
361683
133248
104542
123856
531575
618390
256976
637079
127689
43358
110341
220090
599137
327990
375800
285188
308505
384380
485504
349909
378279
697297
700404
337603
305841
549946
97734
188234
65620
474513
8320
192037
511487
105967
50269
653095
146345
15048
48149
499031
294272
219088
634824
640955
176040
70554
82210
395983
79924
161604
674766
312314
325144
184463
25995
289272
212426
548399
295797
481433
660553
589806
310283
597174
4997
468556
470429
301972
564419
5397
520124
482900
463665
101136
21751
586825
162793
459127
34107
646975
202159
683396
367282
97649
173838
510132
524278
697706
147020
463448
663288
33393
328734
83734
492700
529124
453040
130611
515494
256127
493567
26841
693426
197871
8534
248464
471938
174540
155805
292623
383694
243075
345457
557523
148747
127088
554048
620307
100056
48070
664340
17532
690183
55372
237426
309879
266272
118616
688880
377657
174198
341701
188886
199605
218050
266574
378739
329309
521487
208911
696570
277839
472943
606337
588164
229950
96618
236008
281036
270242
687309
451014
135388
232712
235095
714402
409275
318822
284703
552446
125778
315671
381718
150080
53237
141229
51021
656916
211041
284952
72348
132243
248739
98141
366606
114615
240640
549871
259419
32324
59199
219526
254486
354644
364107
88915
87970
414795
501660
143771
514611
279
38545
568520
111276
283953
668214
209839
47893
503367
444471
54546
56733
68319
437322
492476
540677
566910
500268
502315
345218
611547
180102
541149
5275
304133
525400
302757
539576
344238
198514
299463
188856
48430
51311
48413
561774
97020
275131
98432
181278
289602
177896
40337
345810
293954
52776
495837
470384
392354
657260
245381
95701
86973
301252
111356
261680
619730
300855
234708
127066
404673
447250
298823
350199
437089
325193
607418
409576
287380
385708
615104
420020
664393
574393
486924
510042
698671
298680
574332
332892
259637
446240
690669
331664
135389
286990
296220
367208
115708
7346
224692
288092
80447
247957
493429
350872
250997
80802
588393
76216
78374
189650
370232
580217
189367
527457
38317
479375
573245
21017
400925
639606
628515
203441
659570
47470
118356
501834
430833
449651
