50 30
183 41 39 7 31 12 26 25 10 19 11 49 8 20 22 23 19 24 25 25 5 23 7 39 32 49 35 50 31 7 7 2 47 49 12 32 10 37 11 18 10 20 21 16 43 47 43 11 25 17 40 28 44 45 17 25 48 6 24 33 11 29 34 7 33 49 42 41 40 2 14 5 25 33 19 18 34 16 32 9 37 26 35 30 20 6 9 18 10 31 49 20 14 37 30 45 41 22 41 30 27 9 33 2 45 7 23 29 26 9 36 17 34 25 50 8 30 8 29 38 42 33 12 6 19 41 5 14 17 49 48 47 7 35 3 2 45 24 34 21 37 19 41 20 47 41 26 26 47 5 19 39 41 34 48 14 29 7 27 44 6 24 46 16 8 47 16 8 21 4 27 12 26 17 30 23 12 10 47 9 18 20 2 8
75 50 21 28 29 46 32 40 30 4 29 47 18 6 27 12 11 7 46 22 8 29 17 43 43 37 27 3 12 48 32 39 47 18 33 26 29 14 31 8 31 9 20 14 29 13 24 5 33 35 40 6 30 7 47 38 41 39 38 18 37 35 7 49 50 37 24 28 16 21 49 44 27 35 7 21
122 40 22 29 41 23 34 10 9 22 34 14 47 27 26 12 42 27 43 49 19 11 22 19 24 5 4 19 47 9 20 32 24 39 11 14 11 20 46 42 38 29 5 34 32 6 22 49 30 14 47 24 21 44 19 42 46 45 36 21 50 5 29 50 19 15 39 5 31 35 43 18 39 23 27 46 5 45 44 10 34 20 9 5 13 24 22 34 19 7 5 44 34 30 43 29 41 32 30 47 42 49 14 9 47 16 5 48 11 24 7 20 40 39 21 50 12 18 33 27 47 13 21
5 18 44 15 30 38
154 12 30 10 13 13 17 35 22 18 9 39 40 28 39 39 24 27 9 34 44 39 34 34 14 36 30 43 27 14 30 11 27 9 23 35 16 34 19 39 8 29 28 42 6 23 37 31 44 48 15 37 36 50 27 6 35 14 43 11 29 22 23 50 33 40 34 50 23 9 39 26 32 23 24 40 47 11 20 40 8 36 33 45 35 10 45 26 25 44 31 48 16 49 47 50 45 38 49 18 41 44 45 30 16 18 26 12 30 47 8 32 33 36 33 24 47 27 45 21 21 32 18 38 30 21 37 25 8 35 44 6 29 38 37 46 12 12 15 37 8 24 25 42 16 8 16 12 36 17 34 13 43 8 7
14 18 27 49 15 26 37 36 28 13 50 8 23 12 38
88 36 42 34 43 9 14 12 42 9 30 38 42 8 21 40 44 13 10 18 27 22 13 49 13 9 8 16 35 11 22 50 39 13 33 23 49 31 28 40 24 42 28 15 34 33 48 27 30 42 29 49 13 26 39 10 19 32 10 47 35 24 38 15 21 12 30 12 27 42 44 43 34 13 8 9 30 40 29 9 31 42 43 28 18 31 22 29 47
177 40 35 27 39 42 38 34 30 19 48 24 38 49 23 31 21 32 18 24 47 12 20 29 22 36 20 15 16 13 24 29 42 49 47 31 38 35 12 17 43 10 33 30 50 45 11 18 26 20 33 20 23 42 41 35 27 50 41 32 10 12 10 44 10 47 24 40 29 27 46 21 26 26 43 23 21 45 32 36 12 12 46 24 45 34 50 19 33 38 42 35 42 44 28 41 40 41 28 18 15 24 28 33 41 20 45 9 12 27 35 13 28 30 29 23 13 26 33 37 12 23 19 43 14 38 33 45 28 11 10 33 24 29 15 12 39 49 13 42 23 39 47 43 16 23 15 18 38 37 46 41 49 15 33 12 42 14 48 18 16 47 42 31 26 46 34 14 44 36 45 17 22 39 9 27 9 13
191 28 13 10 40 25 38 24 19 24 21 44 17 14 20 47 25 40 46 38 42 27 31 31 44 25 30 40 17 13 17 11 33 20 11 24 35 41 38 45 17 10 38 24 14 50 21 31 40 18 19 31 35 40 11 28 16 34 19 25 39 26 27 23 37 30 37 23 23 25 17 30 27 47 46 34 47 18 14 38 27 25 18 11 16 22 32 23 48 43 40 36 19 18 49 48 39 35 20 13 11 30 33 29 28 30 12 26 39 18 13 15 34 24 18 40 36 42 14 33 35 47 20 46 14 20 43 45 45 14 48 49 36 32 29 14 12 33 30 41 41 36 46 26 50 15 18 35 48 22 19 32 20 31 27 25 41 21 21 35 27 19 35 13 41 13 19 45 36 41 35 29 26 32 45 25 38 12 11 37 27 22 18 37 43 37 13 33 50 25 20 28
199 28 45 24 26 37 22 15 41 34 22 23 48 28 30 39 42 11 38 27 41 32 21 43 36 42 40 48 12 14 42 43 31 37 49 38 15 20 43 45 35 46 50 32 23 29 20 47 21 47 15 11 20 25 36 45 17 17 34 50 20 26 43 32 44 41 20 40 42 44 35 26 39 26 48 44 44 49 40 46 46 44 39 47 11 24 34 17 22 49 48 31 16 32 12 41 14 21 31 45 46 15 13 35 30 50 20 15 40 49 42 27 34 30 24 34 35 47 32 46 37 22 18 43 43 20 33 39 22 13 25 18 49 27 34 28 18 43 24 48 33 16 24 48 27 29 32 44 17 45 31 44 16 39 36 41 40 50 29 11 13 35 50 11 12 33 21 11 17 34 40 31 39 14 29 48 24 42 41 31 36 21 24 42 49 41 32 38 40 42 31 34 26 30 35 19 45 37 20 43
169 49 23 15 20 47 37 45 38 29 20 29 23 23 12 19 19 37 41 16 27 12 21 35 27 32 14 36 17 17 42 22 16 42 14 13 27 28 46 14 45 43 32 46 15 21 14 22 47 32 16 12 22 14 35 37 34 27 22 39 32 41 38 25 22 41 16 37 18 50 29 13 32 38 36 24 47 27 24 32 47 28 33 18 19 17 43 41 32 42 29 42 22 44 16 32 34 20 18 30 48 24 20 29 50 44 30 47 20 42 17 44 47 38 40 15 44 32 44 14 13 50 44 23 44 38 43 16 35 38 34 21 12 31 27 39 24 46 35 21 37 30 15 34 17 43 37 38 13 20 41 42 19 23 14 40 38 34 45 23 22 17 32 50 37 48 38 38 43 12
26 33 21 36 35 37 18 25 31 16 20 18 18 32 28 33 45 20 41 13 25 15 50 47 30 30 30
60 31 16 34 45 24 24 43 47 27 43 30 30 18 19 33 43 48 44 23 38 29 24 31 33 50 20 17 40 18 19 30 35 37 29 44 47 39 36 43 30 28 38 24 47 21 21 18 18 30 42 42 45 15 22 28 29 44 46 18 26
187 30 42 49 35 45 43 47 25 21 29 31 30 21 50 29 16 22 37 21 25 24 15 37 28 45 48 31 46 23 15 17 39 42 32 23 36 24 35 26 46 50 22 25 20 37 20 37 45 42 24 35 15 24 22 44 34 19 24 45 44 24 47 32 31 44 20 32 34 21 43 29 20 30 20 41 17 25 27 27 16 16 27 32 25 34 42 24 19 15 18 48 41 31 45 37 24 30 19 43 36 47 38 41 43 43 47 25 33 40 17 50 41 29 31 32 49 22 41 33 39 45 46 45 25 40 31 50 35 35 43 21 48 46 27 20 18 24 30 36 49 32 35 19 26 31 36 40 39 27 22 43 21 17 17 31 22 33 30 23 34 38 45 47 49 21 16 16 46 31 37 24 28 21 29 19 38 50 45 42 26 16 50 48 35 16 44 22
99 28 46 45 30 30 22 43 33 17 41 22 39 18 18 22 49 45 42 21 50 32 42 29 47 20 44 35 18 48 21 38 25 16 44 16 43 28 20 25 29 46 43 18 25 45 36 23 16 39 29 16 20 32 41 17 49 46 48 16 43 30 38 29 31 32 42 23 21 23 44 34 30 36 48 39 31 34 47 31 34 37 43 39 18 33 17 16 29 49 29 33 29 16 24 21 44 27 40 49
103 22 47 24 38 28 24 32 43 17 29 23 41 30 44 22 19 25 43 48 20 47 32 26 17 42 38 45 22 45 17 26 24 21 41 20 40 48 35 33 23 47 47 47 35 40 18 37 22 45 34 33 41 49 43 49 49 30 18 28 33 18 37 40 30 27 17 19 25 36 43 39 40 39 35 24 36 37 18 49 39 35 32 29 42 24 36 48 45 37 25 27 46 20 25 25 38 25 27 46 18 20 42 50
169 42 48 31 37 32 45 23 48 18 44 43 39 44 20 25 28 34 31 18 46 23 35 41 35 50 47 42 40 28 21 42 50 19 20 36 31 46 41 28 46 35 19 33 26 21 40 37 35 18 37 28 24 22 19 39 19 46 30 39 21 32 30 21 31 31 39 44 26 28 19 21 45 18 36 20 22 25 39 37 26 24 48 30 26 47 49 27 42 26 46 43 40 23 46 20 36 33 44 44 43 44 48 37 44 31 37 46 39 24 33 45 30 28 22 38 24 20 45 48 28 38 40 49 43 34 49 29 49 41 22 41 32 50 25 23 31 44 19 50 48 32 44 27 40 48 45 46 48 37 41 25 24 28 21 50 44 20 26 40 43 30 30 24 30 35 29 41 29 28
90 34 44 23 49 28 46 22 34 38 42 39 27 44 31 35 48 23 49 36 21 32 23 19 23 25 28 21 44 25 32 22 40 25 26 38 35 21 42 50 40 33 39 48 26 19 32 24 23 30 41 25 43 45 26 47 19 35 50 44 41 31 47 30 37 22 50 21 24 41 21 45 23 41 43 30 41 24 35 45 36 26 20 28 20 27 25 21 43 24 46
110 28 45 26 36 44 33 41 36 23 35 40 33 45 45 42 29 44 20 24 22 42 21 21 21 48 47 29 27 43 27 25 49 21 30 35 44 43 23 29 45 38 47 25 32 42 47 39 33 48 41 35 37 43 36 36 38 31 45 46 23 20 20 20 21 30 35 43 21 38 21 44 25 49 49 35 38 46 23 49 41 44 33 27 34 47 44 22 27 36 46 29 36 46 27 36 24 42 28 23 27 28 47 32 24 43 45 40 38 48 38
1 42
144 28 47 41 34 28 42 37 35 39 36 43 29 48 39 23 33 26 46 42 36 35 30 33 28 50 42 23 30 22 28 45 49 24 36 32 22 27 47 27 44 32 49 22 50 29 44 25 34 31 45 40 44 46 43 42 37 35 43 46 27 49 32 25 44 46 35 44 43 23 50 28 26 40 49 25 39 42 49 22 22 36 33 36 23 25 27 38 30 40 25 35 39 36 30 24 23 43 46 45 37 37 43 41 47 42 36 36 25 35 28 47 49 39 32 50 35 30 29 43 48 33 49 28 39 49 30 32 34 47 26 49 33 40 39 30 31 24 36 26 37 42 22 27 23
65 34 36 47 25 23 30 30 25 24 28 30 27 41 43 42 28 37 27 41 39 48 47 29 40 31 48 37 48 41 23 49 25 48 29 39 49 36 46 35 49 35 42 26 25 46 45 30 32 33 32 32 42 28 39 43 37 48 30 46 50 30 28 24 28 34
53 33 46 38 38 43 40 28 42 32 44 49 30 27 36 42 50 43 47 25 24 33 27 41 41 44 40 46 35 25 34 42 34 46 45 38 38 35 31 45 43 24 43 38 27 44 29 43 37 42 33 26 40 37
63 30 41 35 35 46 38 48 45 41 37 43 50 27 33 48 37 50 35 47 43 41 39 33 47 49 30 25 36 40 29 45 45 45 31 30 42 44 29 39 37 41 33 38 45 41 38 33 42 48 29 36 40 43 44 39 43 25 39 28 41 43 50 35
18 27 33 29 26 39 41 45 26 45 28 35 35 31 46 33 32 26 48
20 49 40 39 32 43 39 43 37 27 43 37 37 39 39 27 42 46 42 30 44
109 32 29 32 47 36 46 35 36 37 33 38 43 44 50 28 47 33 28 41 38 40 35 47 33 42 41 48 31 49 44 49 30 46 47 49 31 42 50 33 45 33 43 38 43 43 32 39 48 33 46 29 39 31 42 44 39 49 35 42 48 29 40 50 41 37 43 44 45 36 49 40 41 41 44 50 50 48 33 41 30 28 36 35 48 50 28 37 43 30 28 40 48 35 39 38 38 48 48 32 34 46 44 41 30 31 41 47 29 46
168 31 43 50 46 36 38 30 34 42 35 38 46 44 33 47 49 29 44 38 42 40 33 33 42 43 29 34 45 50 44 47 30 34 46 47 39 34 47 44 47 29 30 43 45 34 37 43 35 30 29 46 40 33 48 31 45 46 36 39 45 49 36 45 30 29 39 41 34 35 34 29 36 33 43 50 39 29 40 43 50 40 36 39 45 31 39 39 49 44 48 41 42 31 35 42 31 46 32 37 30 35 35 35 40 47 34 48 45 46 38 44 33 43 31 49 45 41 36 43 33 33 34 44 35 38 35 37 33 38 43 33 45 49 39 32 45 43 49 39 36 36 31 40 48 33 39 42 43 46 33 47 50 36 41 32 45 47 40 50 33 31 30 47 29 40 50 44 30
157 36 46 50 31 31 40 30 44 42 48 36 35 36 50 38 50 30 45 50 34 33 45 32 35 44 40 31 30 36 37 38 42 32 35 44 31 43 42 45 34 39 30 40 44 48 46 43 48 40 42 30 41 34 32 46 46 40 46 44 46 32 50 36 34 34 48 34 47 39 49 50 47 50 37 40 47 32 30 43 41 41 43 50 45 43 44 39 33 39 32 47 41 30 32 43 34 48 47 50 35 46 49 31 43 35 39 37 35 39 48 44 50 38 44 43 31 37 31 32 46 31 47 34 50 48 47 34 45 42 31 50 35 48 49 48 32 35 32 35 45 30 50 42 38 43 34 37 48 33 37 43 33 34 47 32 31 41
35 42 42 46 39 50 34 34 47 48 49 37 33 36 42 41 31 41 39 33 39 49 48 41 32 46 31 39 31 48 32 46 32 44 34 40
44 36 35 37 47 46 50 45 44 41 40 33 44 32 42 38 40 35 49 33 41 34 40 48 32 40 50 45 48 39 39 42 44 39 47 37 32 46 50 41 33 39 42 45 39
55 34 43 46 45 34 41 36 41 50 41 47 38 35 37 34 36 37 48 34 36 40 46 34 38 33 34 50 35 40 34 48 41 44 41 33 43 49 35 49 46 41 43 34 44 45 33 45 49 48 46 34 35 41 33 40
61 42 40 40 45 36 36 46 44 49 39 35 36 37 40 42 37 50 39 44 36 39 34 48 39 35 45 49 42 34 39 50 34 36 39 45 46 49 40 39 47 36 48 41 39 37 40 34 44 36 35 46 41 35 35 46 45 46 44 36 37 40
154 42 35 39 46 48 49 42 37 49 41 44 40 37 45 42 49 38 46 44 35 40 36 43 41 45 36 35 48 50 39 42 42 39 46 37 36 44 44 38 42 35 47 47 37 41 38 35 44 49 44 44 38 45 36 44 39 37 44 36 37 48 43 44 36 38 46 37 48 40 40 39 40 36 36 42 42 39 42 36 38 35 45 41 46 47 35 50 49 44 36 35 42 44 44 43 48 40 46 45 45 35 49 50 37 50 41 44 39 48 45 42 48 40 48 43 36 48 43 50 42 44 35 49 37 44 41 50 49 36 44 43 37 43 42 39 42 48 48 46 45 43 37 43 48 35 35 49 48 43 48 39 36 48 37
196 37 43 46 46 47 39 36 38 41 40 49 43 49 39 47 47 42 42 37 44 40 46 45 37 49 38 42 40 48 49 41 41 41 43 43 44 46 43 39 36 40 44 36 38 47 39 49 38 45 43 38 42 38 47 43 43 42 49 47 46 39 44 43 36 44 50 45 39 50 48 47 39 48 39 41 45 49 39 47 50 38 42 41 40 45 40 48 36 46 36 46 49 37 38 42 45 45 36 40 44 40 43 39 37 38 44 38 36 39 42 43 42 48 40 38 42 45 42 50 47 50 45 45 36 40 36 37 41 43 48 49 39 48 44 48 42 37 42 50 47 48 42 45 37 46 48 44 47 46 43 43 45 44 45 37 40 37 38 45 37 43 50 40 47 43 44 38 36 43 37 48 40 43 42 42 39 46 42 42 42 41 50 36 41 44 38 46 45 47 47 46 46 47 43 42 46
92 43 46 37 47 41 46 41 50 37 37 47 43 47 43 41 40 41 38 48 38 42 43 49 41 41 47 49 45 48 42 44 38 37 44 48 41 39 50 41 39 50 49 43 45 41 47 48 43 47 46 45 38 50 41 42 38 49 38 45 46 44 38 47 42 43 43 45 46 42 47 46 40 45 37 48 47 47 45 39 41 38 45 43 49 49 46 49 48 46 43 41 39
37 39 49 45 40 40 45 45 38 48 44 44 48 41 44 50 46 38 38 45 45 46 47 46 38 45 50 46 46 45 46 43 46 45 50 48 49 47
101 45 41 41 40 49 42 48 43 39 48 50 39 42 41 46 49 48 45 45 41 46 40 47 48 49 46 50 50 40 46 47 50 48 41 40 50 44 49 42 44 50 42 49 41 48 44 44 45 43 42 48 42 43 48 40 42 43 43 45 48 42 41 40 43 43 45 42 49 47 45 46 46 40 44 40 50 50 45 48 42 41 49 45 45 46 50 48 50 42 42 40 45 48 45 49 41 39 40 43 47 39
179 45 45 42 46 41 49 45 49 48 44 50 49 43 43 48 43 47 50 47 41 40 40 43 43 50 47 50 48 50 47 41 42 50 43 47 41 50 41 50 45 43 47 44 44 50 50 47 45 47 42 46 47 42 50 49 50 44 46 47 42 42 46 42 50 48 49 40 47 48 48 40 49 43 42 43 42 41 48 45 46 50 41 41 50 49 48 49 40 43 43 42 43 50 43 42 47 50 41 41 48 47 50 44 50 41 47 40 40 45 45 45 42 44 46 42 42 43 49 43 46 42 43 49 50 46 49 46 46 50 45 41 45 45 45 44 44 42 42 43 45 48 48 47 50 43 47 42 44 46 45 50 46 48 46 45 44 44 49 48 42 41 49 47 44 43 49 49 43 50 50 48 45 47 43 44 50 50 46 41
38 46 47 45 50 43 44 43 48 43 43 49 43 47 43 42 47 41 49 50 43 49 49 46 46 45 49 50 49 50 48 47 45 46 44 46 48 47 50
185 45 47 47 46 43 50 48 42 45 49 50 48 46 47 43 47 42 44 49 48 49 50 45 46 43 49 42 50 42 45 47 43 48 50 47 50 49 44 50 50 49 49 47 45 43 48 48 50 49 46 45 47 43 49 49 45 45 50 42 43 42 45 44 48 44 49 47 50 50 46 49 48 42 46 49 42 43 46 50 50 42 43 45 50 50 43 42 42 49 42 44 49 45 44 47 48 43 43 45 42 46 43 46 44 47 45 42 47 49 42 44 47 43 47 47 49 47 47 47 45 48 47 44 42 50 47 46 49 48 49 49 50 42 44 42 45 45 42 48 44 49 42 47 50 45 43 46 48 47 50 50 44 46 43 42 43 46 45 50 50 43 48 50 50 49 48 43 43 48 49 43 47 47 49 44 49 48 47 44 44 46 43 44 48 42
10 49 45 47 45 45 44 45 47 46 45
159 47 44 49 45 49 50 44 45 49 45 47 49 46 44 45 46 46 49 48 50 46 49 50 48 45 45 50 45 49 48 44 50 48 49 44 44 47 44 45 50 50 47 48 44 47 47 46 47 45 48 47 48 46 44 50 45 50 47 44 46 44 44 45 48 48 44 49 44 49 48 50 47 44 47 47 47 50 47 49 49 44 45 44 45 50 50 46 48 46 47 50 44 45 50 47 49 48 50 49 44 47 46 47 46 49 48 47 46 44 45 50 50 44 50 44 44 50 44 48 50 45 45 49 47 44 45 50 46 44 47 47 45 49 50 47 46 46 44 46 44 45 45 50 46 45 48 44 49 49 46 46 50 45 44 46 44 50 46 46
184 47 50 48 45 50 45 47 50 48 50 46 47 49 49 46 46 45 47 46 47 45 49 45 48 50 48 49 49 49 45 47 45 48 48 50 47 49 50 50 46 49 50 46 48 46 45 47 46 47 47 49 47 45 47 49 48 48 47 46 47 45 49 45 49 46 50 49 48 50 47 50 48 46 49 49 47 50 50 48 46 46 50 47 46 46 45 49 48 45 49 50 46 45 50 50 50 48 48 48 47 50 45 48 49 49 45 45 46 50 47 46 49 46 48 50 46 46 46 49 46 48 46 47 48 49 50 48 50 48 45 46 45 49 48 48 45 46 48 47 49 48 48 47 48 49 50 49 50 45 45 49 49 50 46 50 46 45 47 46 46 45 45 45 49 48 48 48 47 49 50 45 47 47 45 50 45 50 46 48 45 50 46 47 47
134 46 47 47 46 47 48 47 48 47 50 50 47 50 46 47 48 47 47 46 50 47 50 48 46 46 47 47 47 49 48 47 47 49 48 49 48 47 50 50 46 49 46 47 50 48 48 49 50 46 49 46 49 48 48 49 50 47 50 47 47 49 50 50 48 49 48 50 50 50 46 50 50 46 49 50 49 48 48 50 46 47 47 49 46 46 50 48 47 46 49 46 50 50 50 49 48 48 50 49 47 50 49 46 47 49 47 47 46 50 48 48 48 46 47 50 47 48 47 50 48 50 50 47 49 50 47 48 49 46 47 47 47 47 49
5 47 50 48 50 50
41 48 48 49 48 48 48 49 49 50 49 50 49 48 48 48 50 48 48 48 50 50 48 48 49 50 49 49 50 50 48 49 48 49 48 48 49 49 49 48 49 48
22 49 49 50 50 50 49 49 49 50 49 50 49 49 49 49 50 49 50 50 50 50 49
86 50 50 50 50 50 50 50 50 50 50 50 50 50 50 50 50 50 50 50 50 50 50 50 50 50 50 50 50 50 50 50 50 50 50 50 50 50 50 50 50 50 50 50 50 50 50 50 50 50 50 50 50 50 50 50 50 50 50 50 50 50 50 50 50 50 50 50 50 50 50 50 50 50 50 50 50 50 50 50 50 50 50 50 50 50 50
