1000 3000
1 0 852
2 0 44
3 1 1285
4 0 715
5 4 2490
6 5 1434
7 1 1222
8 7 2742
9 1 2389
10 8 1314
11 7 2517
12 2 2478
13 8 2186
14 10 1062
15 7 1901
16 12 2754
17 3 2368
18 7 90
19 8 287
20 19 2348
21 17 695
22 11 927
23 17 1792
24 14 641
25 6 510
26 24 1652
27 23 1740
28 13 514
29 10 746
30 1 1003
31 16 548
32 19 1132
33 14 776
34 5 2107
35 3 2371
36 28 2295
37 31 2481
38 9 1004
39 28 1041
40 34 2895
41 28 142
42 27 140
43 21 1716
44 22 1180
45 26 805
46 43 2638
47 45 2217
48 16 521
49 45 2584
50 27 1135
51 3 1109
52 22 1166
53 1 2110
54 48 2719
55 8 1388
56 28 2973
57 40 1078
58 52 1506
59 22 1896
60 25 1145
61 60 971
62 52 708
63 61 1937
64 19 2977
65 21 981
66 48 761
67 55 1945
68 42 1086
69 47 808
70 52 269
71 57 1923
72 3 1541
73 54 1541
74 9 415
75 34 2089
76 37 19
77 39 2178
78 53 867
79 5 1100
80 63 301
81 44 1851
82 46 1555
83 30 1614
84 36 2589
85 74 1796
86 61 381
87 39 1410
88 21 456
89 14 1935
90 43 1923
91 3 2244
92 59 167
93 64 2778
94 45 1735
95 22 2589
96 2 32
97 32 2423
98 77 2716
99 34 607
100 87 2131
101 83 1507
102 8 2872
103 68 1750
104 2 577
105 59 1733
106 8 1047
107 51 802
108 61 2075
109 78 2457
110 56 1617
111 22 2906
112 50 447
113 57 2860
114 60 2979
115 104 306
116 39 1952
117 106 2008
118 59 1653
119 101 2089
120 103 2408
121 78 2875
122 28 1224
123 17 1227
124 2 2753
125 68 793
126 15 1874
127 65 1445
128 16 2002
129 83 2283
130 34 2850
131 13 281
132 68 2969
133 10 2567
134 51 1548
135 115 2824
136 98 2027
137 74 1353
138 29 1797
139 88 150
140 20 1016
141 61 2154
142 90 2878
143 28 1216
144 22 1962
145 39 2175
146 131 2212
147 91 2216
148 89 832
149 66 2925
150 108 2436
151 35 237
152 139 2270
153 61 528
154 58 907
155 112 1541
156 95 2904
157 71 1827
158 48 1900
159 13 85
160 140 760
161 96 573
162 3 1586
163 22 924
164 118 936
165 115 952
166 23 2930
167 135 844
168 115 57
169 101 1680
170 53 2307
171 110 548
172 6 1933
173 85 2946
174 10 415
175 147 215
176 63 1252
177 110 1092
178 104 2440
179 63 339
180 56 851
181 87 2973
182 96 2551
183 136 1941
184 32 794
185 102 2207
186 37 2517
187 31 795
188 146 466
189 41 1073
190 105 2331
191 187 924
192 93 69
193 69 2707
194 18 1804
195 167 2107
196 18 1018
197 50 195
198 20 2147
199 61 2507
200 22 320
201 181 2008
202 132 2289
203 51 2521
204 166 741
205 107 1862
206 198 2082
207 110 744
208 41 713
209 91 2534
210 93 1691
211 86 1967
212 79 1892
213 148 328
214 64 1824
215 48 1269
216 164 2564
217 210 1192
218 134 2806
219 95 1112
220 93 2441
221 125 1446
222 139 2312
223 19 2317
224 37 588
225 19 2162
226 141 262
227 88 2780
228 63 2470
229 21 1343
230 50 2830
231 61 1115
232 3 2161
233 164 286
234 134 504
235 127 1387
236 203 1357
237 18 25
238 205 2356
239 121 1310
240 207 1882
241 57 1123
242 27 28
243 137 462
244 216 2434
245 178 359
246 74 718
247 61 2244
248 226 944
249 109 135
250 188 2677
251 142 174
252 46 2011
253 105 1535
254 26 1964
255 181 1014
256 196 2995
257 103 2336
258 35 2915
259 69 318
260 26 1468
261 218 2393
262 94 1310
263 79 637
264 27 864
265 127 2407
266 28 2196
267 4 490
268 248 1310
269 222 1634
270 244 443
271 42 1793
272 140 1155
273 115 2071
274 34 1874
275 201 1085
276 222 1053
277 19 1126
278 99 1988
279 109 1900
280 121 2520
281 170 678
282 50 11
283 280 1087
284 181 1151
285 99 2547
286 233 356
287 74 488
288 178 2989
289 254 280
290 170 2747
291 264 2406
292 90 981
293 91 1598
294 247 1010
295 58 2286
296 52 2079
297 34 2809
298 266 2481
299 36 2671
300 62 2283
301 3 2888
302 293 2258
303 145 2145
304 95 582
305 155 406
306 160 403
307 85 468
308 253 2406
309 28 2194
310 130 2158
311 32 2809
312 5 1956
313 273 2542
314 177 1608
315 298 2410
316 245 1836
317 193 1865
318 88 371
319 34 2730
320 73 1199
321 62 141
322 50 2773
323 277 1506
324 202 349
325 111 1904
326 74 916
327 68 825
328 82 2555
329 269 504
330 134 1359
331 196 2957
332 84 2409
333 265 274
334 224 2915
335 92 2188
336 236 2726
337 268 702
338 73 928
339 265 237
340 278 117
341 31 592
342 107 2156
343 76 2183
344 206 1615
345 115 238
346 320 421
347 119 644
348 196 1473
349 127 798
350 114 1276
351 213 54
352 31 2949
353 127 2393
354 254 1766
355 144 1638
356 276 2101
357 303 110
358 114 2412
359 197 1865
360 120 2292
361 251 1392
362 352 588
363 35 2598
364 304 2972
365 259 646
366 282 980
367 351 1218
368 221 2210
369 48 1960
370 169 2221
371 307 2304
372 358 372
373 343 98
374 138 438
375 361 853
376 208 537
377 22 2669
378 296 680
379 45 437
380 50 438
381 277 1615
382 69 337
383 360 2470
384 28 1279
385 5 1526
386 373 324
387 133 1554
388 107 755
389 380 2814
390 169 1957
391 371 1164
392 208 129
393 210 1831
394 265 1512
395 200 1444
396 303 2812
397 253 2029
398 236 1806
399 264 1885
400 366 1099
401 29 462
402 258 1124
403 302 1502
404 15 2489
405 357 1114
406 96 326
407 17 2798
408 276 2778
409 5 2546
410 291 1416
411 369 1111
412 299 1922
413 144 1059
414 58 330
415 221 415
416 363 837
417 262 100
418 83 1394
419 142 1761
420 392 117
421 188 2464
422 384 765
423 353 1075
424 366 2117
425 253 6
426 94 2207
427 282 1095
428 370 136
429 361 2262
430 274 675
431 348 2382
432 124 2017
433 397 1021
434 164 1083
435 113 1521
436 89 2902
437 290 2722
438 165 2825
439 60 1028
440 29 1556
441 198 1204
442 296 1065
443 41 2555
444 140 2997
445 256 979
446 376 2177
447 341 2359
448 42 1950
449 408 2987
450 36 1713
451 178 2722
452 84 2100
453 376 2726
454 414 377
455 104 57
456 446 1023
457 173 1192
458 84 1294
459 9 603
460 162 1065
461 167 1844
462 4 2895
463 360 1541
464 271 1532
465 399 2136
466 370 2898
467 205 65
468 368 1384
469 448 1245
470 256 1988
471 222 2878
472 108 2174
473 218 1493
474 361 595
475 327 779
476 471 2011
477 152 172
478 454 1370
479 194 1011
480 45 1985
481 413 953
482 243 1355
483 181 937
484 290 2433
485 150 1778
486 380 1999
487 299 2826
488 361 324
489 209 2604
490 271 2986
491 321 2388
492 393 2421
493 40 127
494 231 233
495 32 2534
496 458 2052
497 410 2617
498 348 1770
499 378 845
500 223 2841
501 68 2936
502 156 2901
503 454 574
504 456 1525
505 61 2117
506 162 1271
507 101 2927
508 40 840
509 412 1734
510 209 1887
511 50 1189
512 37 889
513 441 97
514 257 1176
515 286 909
516 363 615
517 38 1787
518 223 2898
519 78 9
520 411 2823
521 402 2296
522 138 361
523 163 323
524 511 969
525 350 1543
526 482 1667
527 149 2042
528 175 2418
529 23 2904
530 177 120
531 217 916
532 209 2081
533 490 508
534 76 95
535 487 344
536 137 1468
537 512 16
538 343 1085
539 45 1186
540 450 252
541 498 1872
542 57 2161
543 402 1397
544 306 1050
545 165 1140
546 256 2081
547 263 2063
548 381 1841
549 6 156
550 511 2245
551 274 1187
552 373 1587
553 105 1343
554 184 397
555 331 1666
556 434 2283
557 274 1075
558 57 1521
559 507 391
560 526 1678
561 499 1621
562 187 1761
563 354 2319
564 163 2973
565 80 809
566 4 2634
567 199 1076
568 291 1985
569 282 2271
570 277 952
571 138 176
572 229 717
573 383 2313
574 43 2257
575 443 1879
576 467 2418
577 329 252
578 336 2707
579 73 1611
580 4 2272
581 71 2168
582 426 798
583 541 2560
584 152 1185
585 512 165
586 256 870
587 407 801
588 311 1177
589 447 1728
590 340 2101
591 196 2350
592 560 1456
593 101 1465
594 465 2981
595 454 1680
596 409 374
597 179 2551
598 239 2874
599 245 2310
600 34 1499
601 535 678
602 51 1221
603 296 145
604 469 1342
605 553 2535
606 87 294
607 507 1270
608 25 1246
609 498 1352
610 271 2917
611 121 1370
612 604 1021
613 49 906
614 569 2493
615 159 879
616 280 2118
617 537 778
618 517 964
619 0 1090
620 9 114
621 506 276
622 347 1929
623 539 2353
624 266 1476
625 17 762
626 111 1322
627 583 2444
628 401 274
629 413 424
630 470 1540
631 226 2495
632 564 1137
633 273 2958
634 622 2225
635 274 381
636 330 109
637 228 2359
638 344 118
639 215 2964
640 624 1300
641 341 1867
642 124 2635
643 26 2443
644 143 577
645 571 765
646 263 2286
647 122 2743
648 215 857
649 346 851
650 129 2509
651 542 1155
652 4 1502
653 459 1540
654 504 713
655 26 1437
656 449 370
657 627 1407
658 72 741
659 507 2550
660 63 2638
661 614 2707
662 117 197
663 414 2962
664 218 2584
665 54 963
666 203 2286
667 411 642
668 181 22
669 425 270
670 299 1458
671 63 2796
672 569 130
673 293 1223
674 105 998
675 454 2197
676 389 2833
677 266 2166
678 424 757
679 626 574
680 414 1490
681 504 2449
682 494 1543
683 205 873
684 333 1987
685 395 1001
686 108 1327
687 135 2583
688 504 630
689 499 2343
690 482 2495
691 342 1503
692 64 2783
693 65 1549
694 574 276
695 188 957
696 448 812
697 327 2683
698 497 216
699 553 1239
700 84 370
701 42 160
702 164 2774
703 439 2728
704 301 1082
705 563 364
706 539 324
707 345 746
708 346 601
709 11 2318
710 630 1541
711 27 2776
712 184 78
713 11 1773
714 585 902
715 509 1394
716 594 546
717 613 2504
718 230 942
719 694 2557
720 346 2296
721 436 19
722 626 2389
723 196 2946
724 414 143
725 378 1039
726 299 1841
727 217 2829
728 422 1192
729 426 291
730 464 942
731 329 1903
732 647 1016
733 558 2849
734 36 1015
735 730 373
736 501 1268
737 542 27
738 32 1103
739 203 530
740 583 2544
741 235 969
742 31 189
743 262 1014
744 152 852
745 529 646
746 539 983
747 539 640
748 74 1099
749 230 1314
750 93 1923
751 530 2264
752 252 1807
753 608 2979
754 99 2755
755 699 688
756 76 2850
757 52 2994
758 516 2629
759 623 2030
760 29 1894
761 566 2258
762 528 2624
763 574 152
764 502 1820
765 366 51
766 545 1721
767 5 2153
768 433 2088
769 556 2674
770 576 1657
771 402 1435
772 607 2372
773 230 1044
774 499 2389
775 86 2300
776 538 1124
777 524 71
778 427 1084
779 14 2763
780 150 874
781 383 1842
782 338 2881
783 731 2193
784 608 1585
785 297 932
786 10 1489
787 266 144
788 220 245
789 439 334
790 107 2612
791 530 1071
792 10 2034
793 239 1351
794 645 2700
795 728 2451
796 183 118
797 245 327
798 501 2556
799 549 1573
800 319 1081
801 638 524
802 118 509
803 184 1427
804 128 1469
805 431 2695
806 323 2664
807 695 1553
808 244 1039
809 683 1011
810 58 1140
811 541 1469
812 478 1821
813 568 1649
814 313 837
815 480 1833
816 612 960
817 44 2157
818 494 2974
819 102 21
820 396 2740
821 725 2659
822 795 2216
823 713 1277
824 741 2541
825 501 2079
826 797 159
827 306 1253
828 287 1100
829 461 282
830 666 551
831 352 40
832 777 1465
833 31 898
834 456 557
835 704 13
836 182 2398
837 669 298
838 555 397
839 361 742
840 667 1843
841 677 2351
842 213 279
843 132 1786
844 300 2401
845 314 872
846 34 513
847 293 1603
848 200 1485
849 794 1877
850 290 2937
851 24 1734
852 222 1277
853 217 1120
854 425 892
855 307 2548
856 736 587
857 511 1471
858 490 1298
859 199 2312
860 423 99
861 187 2478
862 69 1227
863 789 1006
864 803 2353
865 468 104
866 8 2782
867 496 1519
868 632 220
869 360 2120
870 736 1800
871 92 1643
872 258 574
873 15 2522
874 172 127
875 637 1435
876 845 1033
877 784 785
878 595 2854
879 685 679
880 645 602
881 332 2927
882 559 104
883 229 2149
884 39 1877
885 849 1634
886 203 223
887 625 241
888 686 2068
889 281 777
890 115 254
891 259 1682
892 285 231
893 812 2320
894 417 4
895 485 2514
896 857 2774
897 681 713
898 492 1046
899 457 2043
900 730 1290
901 697 1153
902 820 329
903 556 1718
904 601 1922
905 415 628
906 301 1856
907 103 2154
908 406 1533
909 90 248
910 114 721
911 401 1291
912 774 2138
913 848 113
914 171 119
915 871 591
916 87 84
917 223 2842
918 207 1116
919 736 1155
920 116 287
921 658 436
922 690 507
923 324 482
924 332 1326
925 380 2028
926 524 402
927 306 1854
928 78 124
929 851 346
930 15 805
931 322 2721
932 167 1442
933 860 1764
934 559 476
935 532 344
936 515 450
937 838 1342
938 512 1769
939 242 2336
940 544 1777
941 827 546
942 419 2966
943 316 1517
944 519 1251
945 239 526
946 742 198
947 314 2964
948 39 384
949 911 220
950 819 94
951 887 1006
952 73 2691
953 525 1468
954 800 672
955 880 268
956 79 1212
957 3 1393
958 622 794
959 827 2165
960 641 1164
961 908 2923
962 898 1360
963 533 2681
964 459 2405
965 718 2866
966 54 2996
967 613 2544
968 323 766
969 671 159
970 588 2080
971 871 2556
972 325 2965
973 742 620
974 407 1604
975 98 8
976 102 1513
977 518 763
978 435 915
979 243 1435
980 845 1582
981 165 618
982 93 1794
983 713 1198
984 155 563
985 550 2333
986 486 1987
987 662 106
988 103 724
989 125 1035
990 147 1868
991 341 1972
992 14 2130
993 887 1630
994 860 1232
995 549 585
996 149 2373
997 994 2770
998 58 2877
999 252 643
411 985 1832
22 630 2186
194 615 776
359 586 2415
69 109 2199
385 780 2058
119 380 2679
712 860 580
471 820 2832
646 859 13
157 443 1747
364 809 416
364 792 107
224 968 2353
203 555 1229
355 388 2163
19 93 2341
32 555 2375
359 542 559
50 401 2036
229 672 977
207 960 220
12 348 1457
302 716 1946
541 942 2153
219 317 2849
649 667 1848
176 496 2601
65 238 2400
160 879 1773
464 958 156
2 674 1156
91 234 1965
181 645 379
806 830 2331
397 722 1318
563 950 2647
651 665 1869
373 814 1817
312 396 861
910 932 2728
446 986 1600
390 970 2686
116 747 2922
152 558 1628
649 847 823
657 705 495
5 809 1424
224 256 2200
204 576 693
931 974 1464
65 392 2663
381 761 876
604 840 1329
324 534 1436
484 786 1068
197 788 747
232 961 693
222 725 2256
33 166 2271
659 915 2632
860 945 1298
228 405 475
778 941 1922
65 542 2541
55 933 859
389 601 594
13 659 2509
164 531 1313
256 370 2491
494 607 2448
902 928 1945
813 853 1778
5 267 992
735 858 1107
263 763 2979
358 389 1224
844 986 2411
494 710 1033
19 593 1674
510 934 2306
618 675 172
819 862 2982
77 925 1771
470 982 2194
388 684 1879
185 934 2491
398 436 828
252 279 2067
42 291 794
242 726 1073
386 924 748
37 190 1867
744 747 1377
115 545 220
359 700 1198
1 354 2682
193 625 2186
479 746 226
48 134 2221
4 355 1744
207 777 1338
874 914 2638
862 935 1680
47 396 829
392 836 644
417 702 1344
512 789 1276
176 914 902
568 985 2757
167 622 2142
76 432 913
447 690 999
563 594 1158
143 513 440
410 790 2864
618 934 1440
412 663 1576
430 605 1564
792 894 1604
74 705 661
21 281 2434
185 234 697
510 533 1173
772 793 500
71 589 1049
117 676 2292
319 758 2879
1 487 220
341 420 316
486 962 1158
947 997 1939
20 659 581
192 970 1689
628 877 1526
203 559 202
943 979 1466
251 944 174
210 657 2229
183 855 751
29 119 2952
34 436 387
481 887 1910
19 809 1286
850 966 2683
42 142 235
381 616 2410
409 552 2354
100 220 2262
22 779 2919
157 989 335
50 459 508
352 614 2377
29 472 2319
57 605 788
370 940 1732
222 678 2579
352 863 1132
529 645 1001
462 893 2181
407 707 2805
458 753 2772
456 844 2761
190 854 171
774 996 278
517 950 1346
787 850 1696
76 251 524
610 798 1747
443 566 1735
666 717 2553
310 642 2420
519 625 1156
550 771 483
159 788 2325
102 638 2286
151 844 341
236 415 1495
184 507 827
597 793 607
514 589 2157
771 962 1023
65 855 588
22 93 1845
362 522 1517
26 285 1934
794 940 1400
252 888 1728
658 739 635
194 589 1851
637 967 699
512 845 321
221 588 541
746 926 1062
313 756 1289
713 809 1467
389 671 791
545 723 539
386 513 1081
206 558 1636
670 885 1353
378 681 851
119 424 2104
95 503 1880
331 903 1964
400 952 525
419 555 1154
336 403 639
269 542 2006
532 636 1860
347 663 437
66 623 1414
607 995 765
166 747 2786
396 672 416
119 963 2952
312 610 2202
354 886 844
309 498 2644
208 805 1875
144 864 334
238 943 3000
256 325 1166
669 981 1116
148 928 61
352 763 2352
782 856 192
283 759 2893
175 876 1999
664 783 1272
325 496 2433
334 706 1300
124 940 1539
205 532 215
927 946 1829
233 321 1324
498 558 2096
553 725 2662
88 689 1526
132 810 798
35 736 1119
225 450 1682
135 776 1620
350 960 1165
98 547 1507
0 426 2066
4 923 2086
37 727 1387
613 990 1243
26 857 1504
27 149 84
398 467 1808
61 867 268
258 554 2938
72 961 236
145 902 1282
262 310 1925
476 910 2616
312 978 727
660 825 2840
338 652 53
68 210 1902
301 334 631
329 534 2634
734 935 994
16 932 48
387 451 1261
43 794 984
600 902 1791
416 915 731
691 843 817
234 763 2777
194 490 658
289 736 2213
265 415 1684
366 842 788
161 543 1784
579 633 2407
40 379 697
724 740 1268
19 246 418
96 730 162
164 489 2648
210 507 961
31 300 1666
311 430 2825
238 420 1834
137 987 1203
273 760 1019
503 828 2520
347 893 1582
531 822 1017
23 545 1928
4 187 1616
303 957 103
603 849 2303
685 991 2818
308 741 2154
349 968 34
181 517 2797
572 807 2449
163 777 1033
589 656 67
1 563 2766
510 826 2619
742 831 2188
285 665 2627
42 507 2905
361 798 2189
900 944 1070
56 566 1646
120 235 1653
411 423 503
281 430 865
172 857 1069
72 296 1265
604 633 1729
292 681 1147
700 748 2316
510 935 1181
504 885 1422
1 66 779
613 851 383
466 600 1675
220 611 2557
391 570 621
298 499 1485
276 541 1911
18 319 2976
149 738 1752
543 650 1912
495 646 1507
216 693 1004
367 460 1964
150 341 1413
596 993 2553
937 998 608
43 666 2612
450 467 1119
116 908 2399
78 905 1337
712 868 1942
509 515 743
208 456 2199
55 629 1837
361 785 909
174 235 544
571 797 685
520 918 2073
179 753 2788
244 481 2069
365 496 641
344 991 119
268 296 2616
718 770 2639
75 585 2086
308 377 1446
253 450 2884
548 980 2596
727 897 1747
657 874 212
681 760 1755
760 846 667
59 473 957
83 991 269
112 193 315
219 640 1911
289 877 1913
130 512 85
124 778 2709
780 787 1911
670 818 1828
43 433 1282
634 665 2455
68 706 982
149 562 325
151 872 1783
273 586 942
784 980 2056
442 593 2392
411 540 2846
297 896 1680
12 560 1359
221 679 2694
535 585 2714
346 627 1875
306 588 175
132 641 1693
298 986 1081
716 722 2342
311 771 1995
316 643 848
338 509 453
210 885 198
492 614 1023
42 883 1845
451 533 280
249 755 2903
151 777 2099
181 833 982
291 334 1840
14 582 1131
186 250 668
521 983 119
301 538 1945
691 879 2035
264 861 2608
220 415 1748
214 556 2356
189 896 1876
194 222 1722
444 994 1769
640 706 349
244 619 617
32 894 398
604 754 1325
189 499 972
60 792 2936
64 311 1313
17 101 2312
476 703 1322
391 811 2143
272 474 560
69 945 2321
533 553 2954
216 439 1076
470 483 411
486 490 2305
360 941 2958
341 853 2724
674 757 749
117 945 352
840 949 1340
434 666 2314
32 507 147
698 834 338
930 946 238
547 640 1337
607 724 1127
282 722 2829
150 941 60
508 819 1948
159 631 1802
274 297 2179
230 670 426
288 667 1937
218 933 643
699 852 1876
291 986 409
732 741 306
66 612 2826
376 919 1891
658 788 931
270 853 1386
351 921 1665
57 152 2879
368 930 1238
575 885 870
394 422 2882
197 702 1080
63 637 264
244 406 2616
408 801 1365
353 991 924
511 787 2860
36 537 2104
52 698 2260
346 736 2563
410 720 2720
579 877 2884
352 757 1651
950 969 2974
679 750 2930
186 709 759
352 838 2619
275 302 1875
210 862 43
402 626 228
275 288 1079
569 777 2167
190 199 366
370 879 1254
139 454 1241
167 647 242
202 631 954
174 298 2000
370 936 170
916 950 616
362 781 2647
49 576 1357
37 688 935
56 735 745
92 903 2193
858 893 2199
763 954 1251
730 842 709
517 963 9
452 687 2691
304 864 1155
234 562 317
41 383 128
559 823 1789
125 810 371
207 460 1902
567 657 65
680 959 836
84 450 2402
80 527 1531
405 535 1996
260 747 1169
720 901 2233
628 958 2725
476 578 2511
43 790 2162
309 312 1132
482 846 421
576 888 2069
417 750 941
116 121 1848
609 982 2022
88 996 1335
833 835 2154
183 534 1686
802 863 629
635 991 779
838 980 111
324 451 2403
13 422 611
194 771 685
128 970 1323
413 429 1923
463 834 791
19 879 2969
373 686 1036
673 936 1432
806 953 549
164 212 101
2 847 261
351 507 1180
301 587 1341
112 375 1175
371 541 783
18 986 295
77 888 848
119 310 2005
38 116 1350
3 134 2148
571 844 1039
83 201 780
209 608 74
476 581 2889
751 857 2961
4 465 368
295 322 2608
225 824 753
96 882 1545
69 439 1259
326 650 2527
374 807 1351
385 712 1795
747 888 2652
420 977 1319
743 804 2569
876 945 2176
444 676 645
498 819 2606
299 778 901
753 853 1238
186 327 2505
275 334 2965
41 330 1986
72 343 909
234 623 2661
83 633 2681
857 894 2120
121 675 766
28 627 1829
52 530 947
235 558 1055
233 530 2039
223 302 1620
540 958 2905
401 618 1733
298 488 1497
328 452 1558
558 835 955
517 554 1222
15 151 706
134 718 2641
248 836 1331
665 889 1484
625 831 71
453 797 610
312 517 1815
331 852 1622
179 934 2055
168 664 337
179 803 353
439 641 503
71 170 1320
134 902 2482
68 324 90
810 935 2319
35 601 769
50 87 604
541 782 2945
262 340 430
114 963 1675
440 514 1329
462 929 1760
53 451 279
60 944 696
366 884 1345
809 873 830
466 832 1520
60 303 121
459 944 2873
339 605 2055
275 363 2323
8 845 1890
306 719 1888
635 679 82
362 984 1978
105 817 61
146 370 1973
873 923 1845
627 997 2824
455 669 584
160 161 1202
599 685 2664
67 685 17
401 637 774
2 476 719
428 494 1885
95 617 1436
406 647 291
159 871 712
134 222 1833
812 884 371
772 957 410
243 429 1602
267 671 1983
695 728 1925
485 930 1804
255 400 66
53 671 1846
165 721 2251
708 800 187
694 874 1469
87 280 666
589 751 1375
41 787 1233
26 289 2527
193 696 2467
467 605 2241
601 704 1193
583 585 2340
505 550 2663
182 967 2459
372 956 1516
136 508 499
336 985 2493
166 986 770
594 754 2215
205 581 2106
670 998 2917
646 894 933
87 152 1017
592 714 2933
385 943 1556
708 995 192
188 961 2200
797 834 2589
45 971 394
755 979 495
302 652 2511
641 660 2046
104 902 2779
165 564 2770
70 124 850
601 792 258
345 530 858
375 458 1239
581 656 1289
160 575 307
308 530 40
420 983 1501
257 676 1636
190 545 2761
146 267 1696
533 736 2115
497 839 1698
479 923 2946
63 348 81
576 696 809
727 773 2664
17 161 2345
97 649 2210
294 449 214
127 413 2856
373 535 80
293 816 2454
243 361 561
625 654 488
302 886 874
47 823 336
813 983 2437
71 827 972
756 968 1475
106 643 2636
674 944 1527
740 802 1641
643 881 2293
565 835 1980
78 388 2276
189 480 337
675 773 1746
62 211 596
345 571 2104
127 610 1320
174 191 2089
483 721 17
97 178 2827
92 130 1553
246 270 619
117 514 610
146 586 2424
197 228 283
765 922 1940
28 757 65
58 896 496
239 892 2753
255 598 871
87 508 150
63 322 491
70 92 2246
346 701 2273
83 834 925
626 989 1547
162 334 1714
453 932 84
342 862 2451
118 365 773
170 443 2524
270 651 1132
787 855 986
192 783 1102
161 349 2109
604 812 2569
636 914 2823
497 757 1098
23 733 919
117 926 627
134 178 2827
202 224 1851
392 844 2645
464 592 2977
336 384 2342
440 664 1340
677 867 1626
454 841 2473
826 832 514
26 915 2390
127 899 1617
536 667 294
6 280 1040
270 775 1140
335 498 1241
485 623 42
38 165 1998
520 602 1152
114 636 27
245 996 812
311 317 1026
612 902 2150
439 688 720
158 504 1758
630 720 1310
114 663 1818
430 529 2706
202 742 2356
222 718 2284
337 517 1232
683 740 327
70 689 2973
75 301 1088
591 698 659
80 148 819
262 935 2932
262 301 237
43 520 2623
319 859 2536
393 815 1741
652 771 793
739 986 2160
242 444 2391
261 377 1301
408 479 2041
475 566 929
443 501 244
260 912 1737
727 752 1096
459 906 1943
44 768 1672
588 828 660
207 483 2557
634 840 774
544 707 1284
683 749 900
258 651 2370
284 890 1489
208 239 2008
247 707 778
119 839 2629
117 287 874
423 729 911
120 921 1482
253 547 1876
16 819 2803
37 856 1659
907 945 2067
427 645 2697
43 570 1726
339 384 1968
120 659 2283
360 554 798
535 641 2145
565 744 1326
107 908 2054
125 298 1535
277 539 796
804 891 1294
296 723 1685
559 890 2995
222 467 1112
206 658 1848
48 792 2228
397 960 819
331 338 2320
623 863 1401
658 677 1488
299 866 2571
584 641 2827
820 859 2019
350 688 2985
553 632 1520
670 767 2398
677 765 227
708 919 2493
368 750 2908
97 875 415
360 796 1805
333 445 1999
476 786 1128
278 535 570
161 393 20
974 976 993
228 325 635
415 641 2981
199 675 461
11 838 1969
650 824 225
373 785 500
51 939 76
4 896 270
669 777 1717
86 848 2613
532 748 2085
49 801 1048
57 110 215
60 947 487
275 545 2901
139 492 2372
330 924 682
137 521 100
18 745 1830
435 943 1890
882 922 262
312 584 545
352 904 93
145 285 226
444 644 1067
55 102 130
276 660 6
484 885 1871
64 979 2522
163 682 558
61 339 1255
654 945 3000
175 674 2527
403 608 2943
369 455 720
560 586 21
12 24 2533
0 437 1434
409 453 1615
834 872 2933
184 810 835
569 800 315
275 362 1123
182 659 2120
383 885 283
590 609 1055
533 825 952
167 264 1245
128 413 1628
441 760 342
609 728 1674
394 698 1083
228 758 51
89 743 1911
454 746 1306
177 722 519
224 769 2422
51 986 2901
74 500 1677
687 707 43
237 886 2387
67 438 442
9 434 1979
318 713 1344
321 614 2033
251 915 2761
616 945 79
738 762 764
360 568 425
291 559 791
339 637 694
76 886 652
95 443 1402
364 905 1037
337 439 2089
363 924 1718
135 595 1482
694 708 631
724 807 2077
149 271 2735
121 614 575
271 577 985
795 797 2996
6 194 2134
480 618 38
751 851 1635
249 857 1941
114 778 2543
255 341 2563
754 790 2513
346 522 1512
633 911 806
905 912 1825
482 932 2563
345 777 1916
531 866 391
264 654 166
9 57 2184
589 860 1873
99 506 1027
514 885 237
226 556 1830
498 760 749
71 978 684
107 276 2790
486 584 1870
597 832 1493
128 809 2401
534 748 487
55 918 1573
456 628 755
92 179 564
336 661 2063
279 567 1384
71 393 201
658 961 363
61 226 321
76 579 2803
546 932 2555
105 911 720
50 434 203
666 818 1027
657 727 2103
294 662 2033
6 879 2541
414 502 629
531 944 2888
107 384 2625
53 893 853
84 794 2787
336 836 2190
670 927 2232
146 604 1299
216 455 2345
221 938 33
326 371 1295
478 952 1620
243 978 86
215 397 1495
276 401 1246
301 782 2344
508 850 2579
305 830 2643
2 122 1407
719 725 767
473 883 2704
171 539 2526
96 348 937
72 373 2659
67 296 2696
225 860 1419
193 238 1620
835 879 682
23 160 709
123 875 2394
892 979 2583
544 765 2026
141 985 1541
15 796 2989
142 714 2959
808 970 1750
159 764 2079
243 534 949
123 425 969
278 965 1661
277 488 2840
862 923 1143
274 798 1107
749 980 791
594 697 1325
722 728 203
299 821 2320
341 389 2006
419 669 1594
197 976 2191
376 771 2886
301 353 344
66 405 134
676 832 2888
7 549 2910
194 621 1314
326 528 2186
46 691 2403
14 249 406
7 912 2591
71 777 2295
235 569 2487
466 494 2302
229 892 2035
346 463 2262
780 830 1917
45 544 624
681 764 38
336 548 824
219 582 143
139 522 1951
860 983 1243
411 778 1796
231 955 622
739 927 308
699 992 1040
941 944 2912
591 865 2511
583 663 2496
526 910 523
636 946 2054
317 965 1380
589 596 833
4 716 2408
29 442 203
124 779 1670
10 956 2984
117 613 97
218 232 2346
142 197 5
473 949 2145
96 454 471
610 974 1390
0 246 1861
187 441 2402
138 160 1551
378 619 1743
221 471 2987
584 847 1991
666 990 1500
218 597 252
138 343 1464
78 300 2282
720 960 1017
492 836 2135
143 381 1560
220 369 764
237 955 496
314 733 2278
132 684 1297
240 718 1823
362 887 2042
458 733 1865
161 401 2018
27 398 1576
168 367 232
188 492 658
697 777 2233
83 912 2253
189 767 2908
262 513 822
500 963 2806
463 983 345
427 948 2444
598 604 2858
246 589 2293
155 305 2151
418 633 1393
193 437 247
717 893 2847
72 221 38
91 429 1130
250 381 2250
927 999 1658
101 416 1951
872 873 2407
31 991 1940
322 866 346
414 948 983
19 917 1356
470 575 451
203 939 1247
814 913 2247
19 342 1339
101 800 261
284 472 828
208 850 836
527 746 2084
120 766 1011
446 508 939
631 971 2202
284 485 1712
397 779 1346
827 852 460
601 657 2954
130 288 2305
316 892 2515
93 358 1689
118 562 1104
8 970 2
532 545 2684
526 733 579
735 857 92
203 377 1806
503 974 229
332 885 1627
424 612 1863
70 400 1974
74 282 483
185 221 2186
526 853 850
778 910 710
769 928 2298
368 681 774
147 788 1138
77 582 974
612 941 1012
388 390 856
628 910 31
662 855 1392
477 709 1163
227 426 2683
248 279 485
41 870 2764
221 491 762
627 754 194
111 791 2609
145 758 1553
29 355 2617
588 786 1463
861 944 2435
507 559 1393
592 987 1381
639 652 2134
276 442 206
50 362 2551
282 992 279
448 734 1904
801 820 1054
229 614 207
114 794 439
246 827 204
642 820 1646
188 521 1940
272 811 130
83 542 729
309 882 500
703 713 144
551 555 1858
379 393 520
469 611 1290
367 499 373
62 317 2224
101 398 390
295 868 1682
700 754 1992
43 375 1171
38 944 2213
19 241 2745
92 570 2659
163 950 991
528 555 1341
761 810 1047
21 381 2692
254 631 2980
724 970 2892
169 966 1422
178 244 40
30 269 1619
275 867 777
575 785 143
226 770 1655
125 906 1866
26 904 1677
742 856 731
259 808 2496
206 636 929
267 296 2389
158 858 2916
145 193 374
75 82 776
640 888 609
540 981 2805
447 702 1977
397 829 2633
283 474 2064
325 648 799
481 647 1706
274 652 2860
156 643 2368
201 701 1092
275 505 536
712 889 1817
804 930 385
368 427 2012
211 923 212
485 763 184
540 718 1570
378 861 780
71 820 552
227 917 2535
629 786 2348
243 879 2602
288 578 2010
930 959 2969
497 588 2013
225 432 2972
626 745 2449
13 526 1017
170 445 2861
83 950 1490
102 817 2484
78 423 92
70 655 2222
185 274 2618
239 757 2629
482 670 43
677 704 1897
294 614 99
389 891 2780
884 993 1682
208 751 1791
496 657 1862
286 413 355
220 925 2257
140 232 656
95 913 1159
38 200 643
124 397 355
566 668 614
419 618 77
613 818 1136
20 90 2722
274 987 1237
568 788 1255
201 989 2175
359 971 485
347 734 2026
694 709 175
658 842 841
85 654 2774
172 966 2359
18 307 2953
402 733 1359
205 283 1063
272 651 908
353 817 2900
339 509 416
526 812 1643
112 396 2429
301 903 876
628 857 2523
153 389 1199
577 708 1028
499 889 185
101 922 2308
60 498 957
45 427 1967
110 899 2324
102 555 1485
95 999 2
294 300 2517
504 762 1957
0 200 2728
124 751 109
170 398 2003
322 379 108
29 425 1704
273 762 1818
775 834 102
114 149 815
578 879 2900
298 742 642
96 796 173
49 110 2992
7 501 1018
456 583 1244
745 863 1703
517 976 1186
307 706 1444
95 304 1237
470 664 1360
182 344 894
339 671 2175
311 836 1227
480 579 817
553 765 2282
800 980 810
194 802 2757
35 926 2563
148 995 2500
328 354 2320
385 868 540
392 691 1940
38 650 1399
89 794 1485
585 731 1705
152 595 1884
389 830 2561
736 971 571
639 966 1385
171 780 198
220 602 582
468 633 2847
143 327 1729
96 343 659
64 635 2635
76 444 2310
115 898 2104
245 878 412
215 247 1773
170 603 1370
197 206 211
349 470 2985
159 910 1123
908 999 1139
107 312 2750
232 235 266
107 541 2461
207 761 2337
426 913 2859
649 678 833
14 919 1433
542 931 2308
255 829 551
46 857 1104
263 856 610
321 655 826
212 511 1869
354 879 2112
344 913 1121
169 485 1206
175 254 1682
403 523 66
752 776 353
852 999 2061
444 496 416
250 762 793
530 829 959
281 340 1277
203 387 1628
134 897 579
53 666 652
132 145 550
35 798 2845
569 754 2584
196 376 2733
553 960 1577
92 708 2782
192 195 451
76 829 209
46 507 2604
464 757 440
224 452 1167
647 710 568
307 627 1974
93 235 753
645 830 1240
294 333 520
421 520 633
407 688 2062
150 489 2544
196 593 2931
738 962 1794
227 819 639
48 715 2141
117 849 687
605 656 292
38 618 2150
357 875 1876
152 450 211
318 930 2930
533 949 1018
137 773 538
117 547 617
12 360 2138
498 983 2582
157 537 1191
258 850 2101
151 565 2313
54 190 2343
456 505 1788
313 587 498
94 118 578
298 779 646
664 961 1945
397 749 2653
113 740 2338
284 708 880
72 988 2432
556 793 1693
136 997 1210
317 776 1338
140 494 2984
350 796 1379
334 662 1743
64 546 1613
77 789 2649
9 945 1974
581 829 1265
64 849 61
247 907 2865
701 944 432
268 710 716
180 621 362
537 787 2891
432 688 2919
388 696 1465
408 503 441
751 915 1771
642 982 1763
130 181 142
338 851 2146
486 679 2650
28 683 2422
369 922 1972
462 766 211
431 532 323
658 797 638
120 934 2085
1 605 1597
529 917 674
656 658 2606
370 611 824
330 580 860
227 944 2503
253 363 2133
33 988 2582
486 737 2899
203 856 2421
180 982 589
551 794 1985
24 843 2113
662 963 2614
154 920 975
288 456 1588
143 684 2001
152 958 681
749 977 1893
678 730 313
425 970 1950
129 298 210
424 704 1758
316 580 2607
409 924 2942
868 963 722
17 295 1429
568 767 759
172 682 858
450 891 2897
704 812 2161
315 772 1069
561 612 996
131 965 45
389 793 3000
554 601 294
306 435 679
111 700 121
306 645 752
383 765 982
160 249 2591
132 503 2291
244 574 2498
762 962 745
858 952 1489
168 467 1543
23 892 1377
604 841 639
476 851 251
416 696 455
384 787 1446
501 851 483
361 799 2105
30 352 1101
7 961 2202
564 759 1110
17 971 2284
155 343 50
142 926 2984
183 807 2659
665 787 822
291 503 979
55 463 2977
280 296 348
303 597 2395
424 576 2746
98 926 2356
514 609 1771
406 989 2258
519 780 2867
403 557 2182
889 959 2125
277 882 2645
245 679 730
184 878 1432
9 358 402
282 319 1677
590 922 2202
505 873 2590
72 821 2223
379 386 839
182 530 2721
475 791 2831
380 949 337
660 763 2502
410 555 2449
111 274 1254
506 928 2350
38 878 1260
48 853 622
135 457 1619
134 794 1392
630 990 942
180 684 950
357 827 988
575 893 2659
36 289 1974
359 449 2473
774 808 1690
134 638 2459
349 512 1539
448 517 2893
848 931 137
279 469 842
806 898 698
153 941 815
458 752 2886
734 826 2406
10 13 2863
590 916 1210
708 759 1724
301 606 2788
256 751 1734
481 628 2753
220 443 309
88 942 2362
378 438 62
371 708 2192
578 787 1879
204 943 65
193 236 2615
725 782 2224
219 242 2810
210 310 561
66 964 1630
441 885 2235
11 340 785
100 398 2652
206 660 1031
176 220 354
147 433 987
758 973 1160
298 858 2181
468 996 1880
798 866 2085
282 365 1639
515 711 2633
28 441 158
328 512 1504
162 493 2682
364 964 1909
250 603 778
319 955 73
309 995 2481
274 947 2918
251 726 2128
590 926 2255
136 770 2139
753 956 107
673 934 2817
283 529 1628
488 595 1802
45 543 2895
612 649 2432
113 307 1438
853 898 920
533 543 1642
943 998 2497
164 376 104
871 879 1599
178 921 2956
43 977 1739
103 212 960
164 795 2849
295 758 615
26 651 1492
371 924 2758
554 847 2922
224 728 1532
158 318 188
699 750 680
193 887 2847
437 784 2473
651 693 1996
197 800 813
707 800 1517
199 659 581
66 844 2656
66 643 712
234 337 241
491 798 416
233 645 2668
41 124 1537
593 644 2373
196 350 2742
816 854 2857
259 941 1202
916 927 2801
311 829 2641
400 524 2807
192 690 682
228 302 910
596 739 341
470 526 2145
235 282 1976
538 541 809
156 703 2766
136 677 503
39 703 1051
203 686 551
368 805 2780
260 769 174
298 477 1324
201 874 1009
508 981 2602
298 407 2325
622 847 2538
213 707 2854
507 508 1347
555 897 1535
94 381 2647
58 935 2484
418 763 2111
275 691 75
125 559 2815
29 201 2438
331 655 967
715 790 1974
231 607 2152
10 679 1828
908 971 2995
300 344 582
76 670 2270
665 801 992
506 713 2943
205 427 2199
475 700 2738
42 840 76
222 971 1982
241 636 2223
49 189 1028
212 340 548
634 973 260
598 967 2566
902 944 322
142 611 2313
870 906 1606
233 795 2157
353 584 2648
68 700 2971
128 575 983
56 921 2425
644 988 1023
331 806 406
824 965 1960
304 919 2488
648 829 1582
99 398 2223
565 973 1618
30 810 294
150 342 1535
109 511 1570
142 541 1750
483 539 317
833 837 1647
158 446 898
855 873 264
573 675 2002
11 888 1723
326 554 2322
214 595 747
144 783 952
355 595 693
168 947 2165
908 948 57
779 886 2818
564 719 2980
101 880 1816
40 527 1345
149 591 1925
266 368 758
385 603 1331
470 612 1591
792 881 2024
229 406 1909
866 996 1235
345 700 2395
554 723 602
597 647 142
804 966 1102
348 349 1254
60 663 193
75 475 973
856 873 2688
84 470 108
476 645 1350
453 754 929
159 315 362
392 972 1688
161 507 812
747 770 1201
147 598 2389
826 953 493
95 700 1002
167 889 1740
508 923 955
353 394 2869
399 641 369
672 900 180
183 570 193
41 585 2008
228 237 2362
124 142 2213
134 852 65
285 335 2704
864 994 295
341 752 292
494 631 488
771 912 881
523 623 820
795 879 1254
138 416 2380
178 185 780
170 396 1186
465 864 1051
833 931 95
274 954 187
523 989 2817
474 507 348
711 840 1209
718 743 1900
316 484 1183
513 695 2218
62 932 2306
574 684 2981
333 798 2866
344 655 2512
75 311 2
802 882 2523
308 736 691
464 799 2169
141 489 1277
432 808 206
112 616 682
269 930 759
261 380 1324
321 777 1423
277 326 2422
485 628 1943
804 907 1005
396 898 755
25 791 2488
596 989 1991
245 955 4
416 626 2742
189 688 119
100 783 530
290 691 1245
441 573 1786
130 937 211
366 816 1902
207 868 1897
359 742 1182
105 705 2667
292 550 1780
58 499 86
17 269 1970
267 915 113
191 320 1564
52 191 1947
413 903 1704
117 453 2873
320 329 2398
338 523 2259
303 371 1940
609 734 1973
95 545 454
147 923 575
938 994 1083
523 952 2184
324 510 575
661 801 812
354 657 2754
36 515 1298
18 600 2265
15 780 884
181 629 361
218 610 1159
362 665 22
65 591 2003
35 787 1367
510 938 2270
62 774 82
14 92 1668
63 929 1771
194 904 633
107 948 20
835 995 2883
170 872 838
428 582 1829
330 875 1545
424 604 2146
303 523 2715
9 592 1573
792 899 1646
155 890 1705
161 650 1358
615 887 1294
598 911 2916
137 817 1
233 528 2433
120 620 2096
510 990 1529
60 989 361
21 326 1363
138 170 319
645 657 1759
255 382 804
846 928 2331
36 182 1881
202 363 1255
178 865 892
76 834 379
281 342 2392
630 693 1599
97 158 1080
106 866 1392
52 553 1372
135 554 2057
478 682 2398
119 581 676
121 875 114
305 964 878
628 995 1970
509 683 1
26 888 1838
91 710 2288
773 844 749
65 104 2226
56 390 400
436 811 1307
141 740 1698
147 740 1861
459 654 497
544 869 806
329 926 2740
82 846 1879
59 960 2169
64 869 1443
342 784 2680
227 293 943
526 738 1431
301 777 1874
616 870 804
372 947 1090
546 989 56
165 824 246
298 671 2225
417 935 121
691 967 1865
303 914 838
529 960 275
462 859 345
348 860 31
170 229 935
127 286 825
735 741 281
199 977 2820
23 276 1945
402 945 1856
212 847 2067
9 341 1434
111 516 1127
2 794 1570
168 368 1224
932 941 1866
151 845 971
395 999 433
545 892 83
156 742 2385
844 907 2203
91 296 1977
17 251 534
520 689 2961
145 316 2690
506 534 2729
537 567 665
175 851 2011
6 111 2541
570 794 2644
424 511 1907
252 484 798
501 834 213
305 474 416
160 625 2556
785 871 2600
142 515 2891
39 57 580
258 343 1435
927 948 2297
904 959 1991
205 207 2917
730 896 935
554 659 2630
33 921 921
321 477 2813
218 710 1135
715 811 1812
71 607 165
291 779 1940
645 850 464
137 617 1874
482 871 1651
256 639 2045
588 935 2653
469 522 320
84 731 85
360 621 1554
294 910 2399
250 862 1451
23 830 442
118 875 1523
228 691 299
506 837 562
371 638 2842
152 333 2889
706 924 9
209 660 890
453 873 1934
210 526 979
236 238 903
28 544 1304
6 735 340
760 842 2379
83 765 2093
184 919 2558
583 787 1486
410 447 501
7 739 1957
827 886 486
242 475 1478
140 302 790
788 930 661
102 864 2778
164 980 1639
465 682 2342
419 791 1311
128 286 1114
115 311 603
