1000 5000
1 0 743
2 1 2810
3 0 2481
4 3 2736
5 3 2065
6 5 527
7 5 93
8 7 254
9 2 910
10 6 3507
11 2 240
12 2 3548
13 12 739
14 4 4748
15 7 3847
16 12 3420
17 8 2021
18 5 2418
19 5 4925
20 13 3468
21 12 780
22 3 3166
23 2 1829
24 20 3842
25 5 314
26 19 2365
27 11 2322
28 8 887
29 11 1909
30 22 1600
31 2 4234
32 0 3994
33 18 133
34 10 1875
35 33 2108
36 10 1820
37 13 1830
38 22 3760
39 18 4433
40 7 988
41 29 3612
42 39 3770
43 34 2820
44 39 1111
45 1 1609
46 32 2992
47 11 2046
48 36 3786
49 45 2922
50 49 548
51 25 3364
52 11 897
53 24 4616
54 53 3891
55 49 2058
56 11 2428
57 20 3012
58 46 1510
59 19 4597
60 34 784
61 5 3046
62 56 2308
63 57 4537
64 39 4362
65 11 2922
66 13 864
67 0 1311
68 28 977
69 57 4302
70 33 983
71 12 2337
72 25 2570
73 18 2767
74 58 1122
75 69 491
76 25 2925
77 52 4258
78 25 4438
79 19 2400
80 22 3631
81 79 3285
82 27 4926
83 74 1068
84 78 4549
85 41 1195
86 72 3999
87 20 3966
88 41 1392
89 20 650
90 73 1690
91 58 1664
92 2 2553
93 60 2054
94 12 4060
95 37 1608
96 33 362
97 58 1272
98 67 1606
99 45 1237
100 29 301
101 53 1344
102 22 385
103 39 3881
104 61 434
105 25 2836
106 64 1489
107 43 4193
108 6 2545
109 52 171
110 102 4180
111 79 714
112 79 2011
113 38 2039
114 60 4771
115 24 2346
116 18 4135
117 78 4670
118 20 2473
119 28 2933
120 119 4840
121 116 1782
122 21 3979
123 3 4426
124 100 3570
125 21 2167
126 74 2864
127 62 232
128 82 3759
129 6 655
130 66 4852
131 3 1285
132 90 2125
133 50 1119
134 94 4974
135 123 1312
136 130 1395
137 103 3296
138 100 689
139 117 2426
140 64 1502
141 123 2549
142 27 189
143 48 1014
144 97 3243
145 9 4615
146 112 904
147 124 4191
148 119 1490
149 97 381
150 42 3741
151 129 3715
152 118 3766
153 4 2829
154 15 1941
155 52 254
156 86 3688
157 74 3513
158 2 875
159 63 4438
160 133 3219
161 44 3761
162 12 1722
163 5 2210
164 132 4711
165 93 2417
166 69 1591
167 85 2493
168 104 412
169 58 1980
170 159 1280
171 164 2001
172 97 431
173 110 1290
174 72 926
175 112 2578
176 133 2131
177 104 1278
178 58 1460
179 171 3436
180 160 1614
181 101 1370
182 138 1953
183 119 174
184 78 2167
185 79 2852
186 141 4491
187 90 611
188 9 4207
189 139 585
190 29 2469
191 17 4425
192 112 2402
193 190 3788
194 169 3893
195 42 989
196 17 714
197 195 2926
198 176 3258
199 168 3552
200 110 2021
201 188 736
202 16 2435
203 76 82
204 24 2031
205 147 981
206 50 277
207 83 1388
208 125 40
209 138 3811
210 63 2548
211 12 1646
212 203 689
213 110 756
214 81 3944
215 62 3716
216 98 910
217 168 2652
218 2 4590
219 34 921
220 161 1646
221 1 1636
222 181 1675
223 42 3448
224 76 4047
225 128 1695
226 2 2219
227 49 1519
228 213 2617
229 9 4888
230 32 386
231 89 4590
232 108 507
233 22 3287
234 127 3280
235 180 4953
236 217 1675
237 142 452
238 17 3257
239 199 3406
240 183 2554
241 18 2210
242 81 4157
243 5 2522
244 159 4017
245 238 3586
246 19 3602
247 97 3521
248 245 3053
249 41 751
250 178 3653
251 80 4949
252 146 1327
253 51 4193
254 202 4806
255 213 1164
256 37 4035
257 40 4124
258 255 2586
259 44 3137
260 52 1330
261 198 1794
262 48 4260
263 60 3348
264 43 323
265 85 1810
266 102 1513
267 43 2379
268 29 4613
269 202 2571
270 178 3342
271 206 4079
272 87 4254
273 82 4136
274 11 1975
275 261 2600
276 164 1002
277 152 1171
278 88 3927
279 47 267
280 233 1009
281 95 2918
282 53 3054
283 93 1520
284 167 981
285 27 444
286 207 3866
287 187 315
288 56 4472
289 286 1156
290 46 4199
291 49 4440
292 202 4889
293 82 4330
294 244 592
295 62 3605
296 88 4657
297 108 1215
298 266 4790
299 52 609
300 131 4310
301 279 1481
302 121 2860
303 269 2193
304 246 1225
305 258 1744
306 233 1114
307 5 2283
308 284 1502
309 307 1738
310 59 3631
311 255 2453
312 185 3841
313 73 4517
314 227 4446
315 268 4999
316 162 260
317 222 4425
318 50 1088
319 121 3155
320 114 1235
321 152 39
322 10 3001
323 140 306
324 36 2060
325 31 2089
326 96 375
327 34 2299
328 164 2372
329 308 2773
330 258 884
331 169 4259
332 106 283
333 111 4134
334 143 34
335 175 115
336 89 2464
337 3 4055
338 60 2790
339 47 4242
340 173 3451
341 204 2289
342 290 1849
343 37 4592
344 69 2670
345 27 3916
346 247 1942
347 268 1668
348 327 3881
349 307 4475
350 151 2630
351 231 3089
352 85 2215
353 337 3983
354 54 1718
355 148 2990
356 73 3691
357 174 3441
358 226 3108
359 35 4968
360 81 4594
361 229 148
362 150 2114
363 5 4900
364 190 317
365 116 129
366 338 723
367 311 4754
368 256 1848
369 357 658
370 360 4094
371 322 3892
372 294 2949
373 316 1739
374 338 3310
375 225 3676
376 22 2539
377 310 4247
378 198 4300
379 368 4887
380 285 3541
381 134 3487
382 310 2888
383 284 2804
384 328 876
385 107 608
386 163 4697
387 316 3816
388 108 18
389 16 4313
390 15 3248
391 222 4204
392 90 405
393 183 1368
394 231 3877
395 248 4242
396 229 189
397 83 3900
398 29 4474
399 330 4875
400 315 897
401 331 1149
402 347 773
403 389 4592
404 295 4160
405 214 4632
406 265 4146
407 377 4375
408 74 4444
409 156 3243
410 242 1598
411 332 4494
412 136 1067
413 108 1151
414 91 1514
415 390 3220
416 75 2915
417 92 2461
418 10 1717
419 369 2714
420 316 4799
421 413 2317
422 288 2177
423 187 490
424 151 3838
425 175 1643
426 242 1706
427 402 796
428 168 4376
429 399 3036
430 193 4570
431 242 35
432 291 1526
433 257 850
434 266 2027
435 160 2670
436 302 2748
437 83 2616
438 5 738
439 67 2980
440 392 3565
441 169 4359
442 276 3345
443 2 4894
444 168 3493
445 132 3897
446 235 2798
447 245 2167
448 84 495
449 89 4228
450 215 4326
451 274 4981
452 366 565
453 20 4800
454 103 3444
455 435 858
456 147 4133
457 380 1471
458 76 275
459 0 3898
460 111 3104
461 427 2231
462 347 2416
463 392 2766
464 207 3837
465 327 1825
466 238 51
467 324 1388
468 370 4655
469 89 101
470 400 1845
471 392 3040
472 35 2857
473 180 2382
474 396 2460
475 46 4075
476 2 1574
477 366 4983
478 106 4977
479 168 290
480 202 3286
481 356 4546
482 476 1021
483 421 4557
484 402 667
485 389 2801
486 137 1122
487 146 696
488 348 2584
489 166 3488
490 245 1537
491 43 4666
492 94 3993
493 399 1526
494 305 969
495 294 4250
496 431 1594
497 250 243
498 272 111
499 176 510
500 499 3460
501 432 462
502 385 3296
503 45 4476
504 180 1504
505 97 1756
506 302 2703
507 148 2667
508 39 1341
509 228 281
510 260 4796
511 497 1620
512 184 3831
513 274 4883
514 206 919
515 325 1238
516 279 535
517 152 2841
518 100 4934
519 209 527
520 490 4084
521 290 1105
522 342 1996
523 83 3107
524 129 2680
525 507 2384
526 76 2680
527 526 1245
528 352 4778
529 78 919
530 30 290
531 336 277
532 63 1405
533 474 4628
534 508 1446
535 257 599
536 199 3090
537 165 3777
538 272 1015
539 402 4468
540 28 3690
541 322 294
542 87 1298
543 461 3754
544 47 3228
545 220 1206
546 69 626
547 13 4775
548 67 1864
549 69 3956
550 132 806
551 322 3073
552 429 272
553 273 3346
554 226 2159
555 297 4722
556 157 1646
557 120 3771
558 112 3428
559 189 61
560 310 4247
561 516 516
562 321 3063
563 336 638
564 528 1549
565 311 3959
566 343 4310
567 77 4857
568 529 572
569 58 869
570 125 3743
571 10 1896
572 335 1989
573 350 3254
574 554 3710
575 200 1072
576 306 758
577 518 722
578 559 719
579 446 1690
580 303 1828
581 138 2304
582 221 4906
583 43 1683
584 460 296
585 394 631
586 433 554
587 140 1902
588 553 3169
589 405 2808
590 483 2271
591 259 4404
592 355 423
593 327 3740
594 359 1000
595 446 379
596 394 1809
597 10 636
598 134 2030
599 151 853
600 50 3971
601 212 4488
602 347 1579
603 147 2282
604 164 1060
605 507 728
606 405 3150
607 440 2429
608 589 4469
609 523 2460
610 295 2096
611 88 714
612 175 76
613 215 2819
614 391 2458
615 461 1896
616 403 3459
617 288 57
618 366 3539
619 322 2096
620 371 2532
621 57 3375
622 24 2474
623 521 1599
624 181 2941
625 615 2188
626 36 2931
627 553 904
628 116 3124
629 464 568
630 234 298
631 557 2122
632 368 1344
633 58 2002
634 554 2541
635 96 235
636 611 2754
637 82 3728
638 443 4343
639 560 396
640 536 3814
641 23 3559
642 269 520
643 409 2333
644 18 2575
645 79 209
646 632 848
647 41 4423
648 514 823
649 588 4316
650 128 3463
651 202 2700
652 489 3985
653 291 4671
654 286 3563
655 367 4124
656 305 2333
657 421 558
658 628 4878
659 215 1478
660 37 2819
661 96 3930
662 322 3493
663 392 431
664 123 1319
665 11 3238
666 408 4430
667 144 1611
668 311 659
669 500 181
670 412 2229
671 520 611
672 369 4553
673 570 3933
674 399 2379
675 399 2497
676 589 1898
677 180 2343
678 377 2977
679 8 4056
680 530 4784
681 610 3284
682 502 2242
683 304 2375
684 363 2615
685 83 1244
686 334 3756
687 390 3583
688 639 4751
689 78 2721
690 373 3012
691 47 4519
692 476 565
693 427 330
694 490 2831
695 172 568
696 556 4955
697 466 1579
698 353 3066
699 46 3174
700 84 2214
701 328 3847
702 199 1834
703 192 105
704 373 4904
705 397 2258
706 259 4241
707 182 1834
708 213 2387
709 23 1940
710 292 2104
711 74 342
712 316 3642
713 615 2203
714 154 3818
715 380 3195
716 669 2777
717 154 4626
718 407 1214
719 393 2122
720 137 110
721 399 3970
722 17 2145
723 515 2416
724 247 2924
725 510 1114
726 434 3105
727 96 3158
728 521 2877
729 366 3823
730 15 4869
731 250 666
732 380 3840
733 574 1627
734 107 2144
735 461 284
736 424 3604
737 477 2085
738 260 4325
739 194 4147
740 391 4002
741 15 3823
742 645 521
743 281 71
744 248 825
745 630 1745
746 402 999
747 265 1694
748 191 3988
749 114 4858
750 275 4616
751 71 3023
752 0 1656
753 480 867
754 636 73
755 469 4367
756 562 92
757 241 3113
758 304 3992
759 23 3307
760 369 2500
761 217 1259
762 149 739
763 758 2431
764 445 4788
765 501 575
766 458 1018
767 403 3671
768 679 3733
769 269 1218
770 536 3981
771 417 4637
772 404 1360
773 379 2882
774 334 107
775 121 4317
776 401 4565
777 77 2622
778 195 514
779 68 162
780 212 3469
781 628 3997
782 485 4581
783 25 1209
784 637 1477
785 733 1324
786 274 4582
787 281 2510
788 623 2605
789 271 343
790 115 4312
791 749 4768
792 27 2900
793 423 2598
794 791 2869
795 382 3054
796 543 4401
797 4 4191
798 66 1997
799 702 3602
800 548 4158
801 172 3392
802 427 1015
803 723 1724
804 586 3225
805 693 1842
806 192 4728
807 436 2473
808 622 4349
809 175 3643
810 549 231
811 780 2197
812 134 1902
813 736 465
814 110 4858
815 141 4936
816 92 385
817 487 4547
818 30 4341
819 17 4913
820 6 3390
821 641 4651
822 628 856
823 446 3873
824 216 4740
825 118 4370
826 225 4097
827 108 4497
828 521 2754
829 209 2692
830 219 1725
831 293 3334
832 226 2751
833 335 59
834 315 21
835 160 4726
836 113 2036
837 98 339
838 94 2089
839 823 3464
840 270 1381
841 329 2914
842 726 467
843 203 3809
844 816 2420
845 309 457
846 843 1631
847 131 4721
848 0 3999
849 834 343
850 397 2607
851 318 4873
852 406 2806
853 588 2483
854 255 2605
855 515 239
856 773 2461
857 627 3097
858 100 326
859 190 2113
860 161 2986
861 667 114
862 348 749
863 724 3022
864 42 3676
865 34 1610
866 315 1933
867 101 1152
868 859 3703
869 352 371
870 846 105
871 466 1365
872 203 2531
873 407 2084
874 452 705
875 519 1644
876 177 1556
877 526 2552
878 778 4454
879 459 1017
880 309 1746
881 688 1351
882 561 3692
883 280 2660
884 871 1507
885 857 2159
886 360 265
887 552 1774
888 316 3
889 339 1858
890 590 3812
891 22 3204
892 139 1423
893 220 781
894 815 3437
895 193 3193
896 501 4241
897 76 849
898 294 1403
899 494 2431
900 569 4952
901 882 2958
902 578 331
903 502 2262
904 499 4057
905 267 514
906 310 3795
907 349 386
908 866 1853
909 682 4381
910 636 655
911 860 532
912 663 2937
913 95 4314
914 301 3161
915 261 1715
916 785 2981
917 584 1666
918 592 3845
919 305 4572
920 706 2000
921 649 1965
922 748 3130
923 248 2173
924 872 2793
925 210 354
926 55 420
927 649 4840
928 686 4845
929 645 1977
930 704 492
931 541 350
932 482 2360
933 663 383
934 866 1239
935 438 4879
936 248 4716
937 695 1842
938 219 3311
939 545 2785
940 173 4738
941 687 1474
942 717 2000
943 62 2269
944 506 670
945 732 181
946 911 4036
947 537 374
948 899 1988
949 775 314
950 603 4178
951 167 3085
952 353 1481
953 29 2735
954 23 4684
955 405 1459
956 837 3605
957 801 1253
958 359 1288
959 214 2357
960 942 3301
961 685 3966
962 62 2390
963 167 3281
964 147 3089
965 454 2195
966 450 1037
967 40 628
968 857 3902
969 137 731
970 281 3148
971 837 408
972 485 4581
973 307 2478
974 798 897
975 415 2025
976 663 693
977 858 2389
978 618 3639
979 494 4091
980 791 532
981 476 4600
982 595 3981
983 727 940
984 723 886
985 869 1818
986 669 2280
987 955 2974
988 930 4178
989 363 4595
990 612 3427
991 134 603
992 250 623
993 819 3905
994 468 4864
995 470 313
996 973 4483
997 780 849
998 313 294
999 403 636
463 716 2530
381 788 3472
225 360 4708
158 322 4854
468 641 3290
205 663 2640
313 502 3375
54 732 2882
225 774 2947
393 650 511
38 82 3074
203 950 2049
120 681 1750
262 335 4096
215 905 815
297 301 3441
177 452 4166
508 839 3006
286 539 3726
435 905 1432
104 159 3468
792 937 3995
216 523 4831
254 458 2426
553 587 3136
323 626 3066
453 760 2224
332 644 4977
219 928 381
556 939 2622
96 996 1263
20 996 4386
270 521 2874
15 23 1684
156 684 4499
219 702 3784
177 465 4537
360 753 2147
123 872 1245
748 842 2249
756 792 2346
821 829 504
93 112 4136
499 648 2997
205 229 2091
14 106 4478
203 871 4008
339 409 4192
19 220 1759
344 833 4634
141 260 3716
365 662 4526
717 753 2584
31 496 2816
198 225 4401
42 488 2336
339 615 3142
246 263 4771
442 534 1632
328 776 4606
626 775 2783
75 228 1336
281 848 4798
74 431 2238
697 801 2716
164 411 1988
92 496 2150
71 790 1770
313 954 1685
202 440 177
164 673 1110
12 944 3969
662 941 1736
149 638 704
392 653 1755
252 444 2903
936 970 175
122 477 1333
250 427 849
22 477 1373
266 455 158
419 896 4876
183 407 1240
207 605 1244
720 943 3225
537 842 4153
146 585 1980
59 249 3130
563 697 1840
289 752 1799
225 630 2123
410 502 3177
586 907 3658
71 506 718
334 704 384
118 429 4443
783 851 3318
30 419 2639
659 694 2188
27 363 4254
127 791 4716
422 820 4786
886 956 3678
108 153 2796
421 990 4691
488 647 2649
265 345 4791
571 910 4025
50 311 404
123 510 4526
78 439 2580
350 805 3890
311 624 2431
464 781 1594
691 992 2946
569 965 2846
483 914 1255
516 684 54
594 735 4060
42 486 1089
104 293 1909
804 990 862
128 491 1049
528 922 1829
87 146 4510
377 485 4999
555 743 1547
40 77 1276
79 581 4199
84 386 3481
47 692 2384
450 794 4004
43 990 3195
265 317 4268
795 868 4039
353 730 169
386 676 3285
210 676 192
124 577 4257
286 673 4135
146 494 4502
445 801 3452
613 877 1824
171 569 4166
748 978 3596
409 968 2724
890 905 2353
520 636 2536
37 881 434
511 565 793
65 180 1888
512 958 2897
466 507 3241
525 804 2675
802 934 1179
353 975 389
494 939 619
71 418 3091
555 966 778
40 857 4641
73 148 1383
936 963 478
115 785 2943
270 841 2945
256 519 1877
126 209 434
8 134 2907
612 905 3541
258 758 1445
183 563 2019
330 531 922
488 823 3943
278 510 4146
52 734 795
414 799 1725
70 394 6
689 947 1194
441 654 4334
526 837 391
437 957 623
606 752 1270
21 689 186
745 906 2467
102 291 4828
604 864 4693
277 382 3056
172 792 4600
189 748 1873
285 588 4277
51 116 3067
411 438 3640
209 956 3782
231 369 4714
127 290 578
331 566 4987
131 834 2748
611 662 3766
284 608 3025
671 937 1709
765 861 1913
304 350 2130
586 839 73
442 671 2599
702 842 2865
704 744 2720
356 780 396
633 741 3299
238 841 4442
238 993 3023
467 523 1909
624 733 2458
349 495 1621
25 48 4922
34 857 3160
293 688 4520
253 441 593
106 586 4937
91 493 3641
88 754 4491
312 435 3021
245 481 3448
55 361 3813
707 735 95
497 629 2555
85 951 1496
128 232 4326
569 687 1343
676 753 4157
706 717 4921
673 924 4000
574 849 35
698 964 4832
524 604 1894
154 212 4041
458 481 3822
60 300 4877
1 690 4188
340 872 3261
754 792 3081
79 532 612
299 531 144
116 597 2362
762 801 436
266 636 2887
330 406 2935
549 556 1979
545 979 3270
263 970 954
392 518 1895
32 287 1207
661 892 249
357 662 77
170 708 3622
49 761 2229
97 614 3689
139 667 3495
261 828 4105
251 587 3867
757 768 4245
171 770 882
281 653 3605
208 736 2872
13 762 3516
622 823 1805
740 801 2821
415 496 2989
714 925 4072
426 802 4073
284 469 1452
28 839 1006
468 946 60
351 973 1477
498 932 277
602 660 4125
29 761 2800
812 834 1149
324 999 3175
43 310 2325
540 719 111
195 545 3490
455 973 3679
626 746 270
178 920 4838
86 639 4681
412 438 4525
683 863 3248
12 121 2781
756 952 758
773 872 4851
634 922 1451
530 795 4697
5 41 1811
261 305 4871
367 742 1942
189 685 4352
266 472 3333
137 749 1442
54 307 4144
340 709 491
306 647 3721
369 550 479
742 843 3054
320 756 4272
573 620 2363
253 262 3795
523 768 3371
56 427 999
225 580 978
0 379 4547
212 502 4110
130 864 64
549 964 4290
303 655 147
209 268 291
794 933 912
346 941 350
133 263 519
31 107 435
611 856 3780
260 917 4832
908 935 4009
180 324 3379
438 575 3369
270 890 2814
143 163 4039
280 617 2780
785 814 3733
186 221 1963
656 664 2239
82 778 3873
171 233 1269
483 706 2582
157 944 2079
544 804 1340
2 708 2075
335 473 2070
690 935 3420
397 458 4847
490 986 11
518 524 2774
578 782 2281
15 403 2856
351 563 911
436 839 3666
327 568 3214
423 890 2306
391 410 665
333 510 4115
12 387 2217
155 192 2059
794 998 4738
111 493 3299
228 576 3807
799 929 4201
203 367 611
588 703 1035
695 927 1494
96 952 1760
29 392 596
867 927 2629
337 985 413
218 375 3248
495 876 2816
327 817 4758
203 853 3247
575 578 3068
260 878 156
116 458 3226
556 726 1884
311 607 321
114 824 3224
180 286 2122
222 278 376
537 756 2710
23 826 2193
10 645 3652
604 672 4073
278 871 1188
197 527 1560
465 736 112
584 671 4719
38 986 2093
85 534 2649
298 647 1313
104 956 732
245 806 4044
390 548 2497
70 967 4633
14 740 3070
30 164 2595
266 361 3756
890 983 853
154 647 2766
177 216 2638
78 643 4881
420 834 255
596 642 891
863 976 3793
574 748 4944
240 337 992
522 567 2427
442 939 1132
178 760 4117
554 717 4181
478 660 127
618 826 741
143 455 49
223 739 4180
60 938 2463
43 408 630
111 907 1498
826 994 4555
130 710 1842
25 458 4832
143 284 2862
39 440 3506
299 657 3856
284 638 2834
534 957 263
584 839 2751
329 698 4636
1 687 447
347 479 4691
161 180 2437
316 724 887
479 850 733
54 125 4544
785 936 4306
147 594 4997
733 929 4807
541 620 3524
465 979 3016
840 868 2198
252 986 4006
651 905 1519
232 637 3455
268 539 201
141 183 4314
2 31 1113
563 681 112
170 768 4642
334 369 501
784 933 713
348 840 3046
338 437 2751
618 797 1538
175 626 3920
515 605 2300
553 590 2212
522 655 2322
278 883 1802
760 783 3036
23 492 3538
163 470 1511
681 891 3904
371 985 1968
27 72 1396
634 942 3486
84 745 585
503 711 1825
25 146 2156
498 693 4225
141 180 158
209 938 4355
477 480 953
429 518 1374
642 897 1072
368 729 1442
57 191 1542
665 727 1874
630 805 293
30 379 2756
125 492 3960
36 408 3807
308 994 1350
232 879 601
181 470 3067
298 495 2494
62 116 202
100 885 4796
300 787 4932
768 913 545
286 395 4019
268 822 3581
380 490 467
468 858 2472
762 871 784
160 338 4350
115 659 1407
118 848 704
37 857 1854
594 944 527
110 219 4505
701 964 2493
329 558 2138
9 608 2137
858 901 4646
486 491 3611
416 897 4586
343 853 470
780 862 176
54 613 4444
724 774 1842
40 219 277
580 751 3987
69 924 3359
252 669 311
205 699 1308
501 612 1241
506 890 2867
232 690 4727
98 824 2010
562 839 3415
365 949 3351
101 658 2024
235 642 3427
298 713 2138
692 953 512
67 520 3818
98 902 1553
220 961 2074
575 602 2565
232 536 362
195 905 621
417 821 1501
340 928 242
486 569 3127
634 692 1656
104 557 4779
529 755 822
47 943 1558
132 840 1041
619 819 1480
157 879 3950
147 764 2361
397 423 4206
701 923 1031
141 472 2360
287 931 930
63 274 2256
93 357 733
703 882 4423
65 649 3589
60 439 2427
473 552 3450
269 275 3933
311 619 489
388 589 1101
778 999 2168
650 997 602
399 654 2501
234 769 3175
412 535 252
109 526 4712
18 839 3700
104 591 2657
668 952 4012
12 338 4944
842 862 3049
43 866 3867
432 916 1049
460 863 29
450 850 2304
212 553 2932
539 687 3915
421 922 3639
473 543 1676
613 692 2690
72 881 4562
459 973 515
680 967 1083
89 675 3311
29 597 2419
283 953 2391
39 44 1695
34 402 2570
330 703 4129
76 579 4059
305 900 599
246 260 4230
623 667 3119
242 341 340
544 855 526
460 532 3325
393 855 3292
88 947 3295
354 409 369
758 962 3339
539 827 2322
309 409 237
395 884 1866
470 559 3046
184 983 3171
128 247 2159
21 559 3866
75 304 147
680 797 2175
97 402 2310
452 819 188
0 63 2393
411 874 3623
631 850 733
83 877 2772
44 286 4699
99 561 3815
601 856 92
740 994 2484
7 415 3388
400 581 278
828 870 4247
540 940 2923
410 483 3144
57 298 2162
447 980 2560
418 717 3770
46 117 705
14 119 4906
209 820 3731
435 493 2022
384 716 4242
362 695 3386
56 220 142
240 260 2171
89 890 714
305 671 1678
256 501 4093
400 577 656
629 651 1269
307 985 1288
179 650 537
989 995 3084
283 318 3302
649 854 3340
526 998 4278
824 895 4346
230 769 598
552 947 2168
362 898 3608
343 626 1731
561 855 678
664 991 4797
888 906 2435
171 219 3181
196 648 634
560 889 3671
576 918 3902
194 597 3885
572 653 2587
295 699 4297
940 993 2066
367 815 2879
677 701 1616
546 554 3064
344 939 2169
554 960 2631
147 844 2729
290 447 4683
152 999 4163
45 883 1522
373 819 3535
578 805 4542
222 893 2664
491 702 76
206 738 2809
116 212 2890
225 241 4515
85 698 1036
474 636 452
543 793 3136
418 958 2289
301 489 3699
41 154 1133
164 974 3166
310 921 2972
893 911 4
341 666 4191
327 873 4409
619 864 1622
215 790 3929
150 402 2440
187 365 2178
157 199 1353
462 485 175
367 733 1863
237 336 4914
46 511 2017
185 683 1800
738 805 759
343 586 2571
23 244 4095
95 926 2922
68 691 944
140 645 2196
119 276 3610
495 793 3753
404 778 3342
17 81 4501
95 827 4264
228 307 2609
567 754 2695
389 453 2734
471 530 4727
330 671 390
735 744 877
497 712 4224
868 933 2714
440 518 3319
208 373 3554
885 974 4830
480 587 863
150 589 1436
237 811 2404
654 898 3719
631 861 4091
219 585 1036
297 574 3121
241 706 2363
1 354 3202
15 582 285
296 904 1757
191 867 1432
371 570 3652
620 730 3415
259 740 4598
702 818 3033
569 920 2016
213 508 1947
250 431 3111
413 676 4426
165 299 2240
54 349 2437
646 879 91
246 667 2733
102 811 1019
389 500 3265
91 351 3392
491 768 2849
802 855 99
474 855 2194
186 805 603
161 220 1924
51 926 3675
814 868 4603
581 743 2068
322 710 11
536 943 1952
36 49 1828
279 867 200
98 883 682
66 187 2315
386 854 2309
545 976 2199
400 548 2987
549 967 1029
274 414 2549
334 813 3001
189 654 3004
16 580 2975
39 838 2470
171 596 528
402 505 4177
100 552 1761
449 923 1138
769 848 102
627 874 4186
418 966 2985
481 961 2545
122 295 4916
41 726 346
727 938 1723
247 990 1633
651 684 2337
163 751 223
481 484 2681
474 685 1617
277 413 3011
262 408 2554
676 908 3798
70 839 404
15 682 4732
870 908 2755
379 813 4119
246 596 129
65 684 902
12 579 2289
365 712 698
421 573 3939
18 849 2571
563 572 1490
168 595 966
191 538 4986
2 195 19
285 557 4232
42 914 3364
473 502 4105
396 438 230
752 802 4889
147 456 507
625 665 4903
826 964 4008
806 913 206
890 970 1270
252 995 2188
147 286 2862
424 600 4543
236 995 436
419 711 3825
893 962 1828
484 748 3230
50 449 611
673 760 633
532 788 1607
371 662 3301
244 351 3656
362 636 4714
146 572 4341
385 887 1774
148 271 540
36 358 3244
300 424 1542
195 657 3635
267 957 824
362 546 4875
697 836 4076
164 817 3275
7 339 1409
162 524 2765
221 319 931
398 653 4501
626 951 2397
684 869 1121
706 827 515
157 234 2752
176 441 2660
452 534 3193
34 800 154
543 544 3187
654 861 4697
528 921 4813
492 513 4504
307 659 1781
85 767 4715
281 940 1264
132 548 2104
628 960 291
233 883 2647
117 726 1689
496 663 3548
423 574 1730
458 748 1739
638 698 93
772 857 231
709 796 1186
458 911 2347
126 434 1211
170 183 2343
896 974 4681
60 72 2469
92 460 3009
118 276 2664
167 512 2192
54 899 2859
433 631 4219
298 414 721
313 441 2511
281 485 4704
243 508 1386
375 850 2195
48 513 1126
667 969 3013
570 909 3710
619 910 2561
318 722 1087
654 926 3335
113 577 609
716 787 4563
82 732 2429
60 386 4789
145 832 4016
343 900 747
345 567 1137
554 602 686
125 257 3141
422 998 481
115 522 550
231 527 84
103 711 647
200 623 3195
287 592 595
600 616 3775
582 670 920
563 689 4865
147 262 4203
71 148 4924
480 711 3045
177 971 3906
20 844 437
23 355 308
171 894 2725
15 283 709
589 879 3288
351 811 3739
437 463 1300
162 834 2176
311 351 248
570 946 626
310 852 4050
167 536 1399
201 648 3644
196 197 2352
124 315 4592
797 997 3224
27 556 1721
226 531 498
326 801 2798
219 512 1488
29 735 1173
519 893 4544
318 869 1442
183 510 3773
251 923 1045
361 973 149
82 770 3083
837 844 749
805 973 688
450 456 4764
64 65 1312
571 730 3977
297 779 2122
59 423 2143
520 659 3859
526 824 962
354 799 1912
617 858 4997
203 260 1174
121 221 4478
292 851 639
491 501 3388
97 157 4429
481 595 2848
286 830 4881
989 996 837
121 829 2987
123 430 2009
0 671 1289
166 473 1182
633 950 495
25 108 255
153 213 4345
131 483 647
571 686 1819
615 887 3295
383 953 2625
184 344 1935
446 678 313
317 769 4288
96 272 600
819 972 2234
71 512 755
161 796 3678
98 404 307
292 934 4828
267 395 3933
299 706 4095
271 392 3126
90 526 706
237 683 4447
271 787 2740
102 794 222
890 926 1262
245 401 3239
331 448 3716
604 987 1368
124 734 3143
99 644 3
291 809 1748
135 679 1922
637 748 1315
652 946 3099
272 556 4183
36 549 163
286 812 3793
170 483 1353
641 890 4535
543 561 2389
222 940 625
150 719 3604
518 607 566
261 618 2570
354 901 2535
144 868 3198
280 307 2606
838 897 4686
131 691 4985
705 995 1882
166 316 2331
753 769 4499
650 730 4467
409 744 1077
629 888 3152
343 699 860
416 423 4511
77 290 1613
424 933 614
276 810 1597
681 711 166
314 338 3373
365 440 81
757 879 4079
173 178 2862
510 749 3825
802 906 551
195 834 264
225 267 4440
786 927 2612
359 428 3478
25 477 3032
69 404 1880
462 693 3555
613 617 819
224 358 475
76 600 1017
144 756 1400
473 780 227
516 959 4352
21 608 3462
78 344 1879
335 877 3027
342 998 2196
77 570 1205
191 253 1950
333 435 2881
46 582 3152
407 815 3732
141 899 1290
908 982 3385
124 409 1083
226 527 1014
153 763 3270
134 810 4708
437 747 4607
256 945 1819
100 775 4598
783 937 3981
692 916 658
187 456 3282
923 984 949
693 994 4896
333 858 2592
409 643 201
194 718 2348
831 962 1716
626 866 1700
178 328 2761
530 758 2474
457 955 2539
224 909 1793
617 892 4288
182 974 2349
237 407 789
765 969 3676
484 805 3579
422 691 709
651 710 204
662 916 2165
227 965 291
153 875 4255
84 884 4825
258 443 646
52 317 2177
440 776 2986
9 514 4478
151 348 4210
340 810 338
140 601 4498
53 607 4491
78 259 3916
537 637 4904
98 311 3991
78 400 4432
151 299 4431
127 176 2453
389 514 1510
18 273 3095
365 977 1033
300 830 2246
133 607 4362
572 637 3010
683 750 4111
25 54 1790
392 646 553
102 902 3790
61 248 273
335 550 2764
110 738 3878
751 963 1862
327 624 3066
433 710 2262
160 541 3574
433 598 788
126 443 824
300 603 2818
435 597 105
504 878 698
119 555 3716
129 447 1872
251 668 2679
277 605 3437
249 414 4927
249 729 2430
346 517 4409
583 694 1950
15 594 1642
97 962 3236
40 476 3773
284 703 1313
628 875 650
640 675 1436
12 506 4326
479 510 2539
332 517 4728
175 649 4111
554 899 1366
137 414 3331
135 162 1195
387 875 862
493 905 3263
485 900 1799
526 766 1869
459 721 899
214 771 1705
885 962 2599
308 492 1792
279 828 4347
237 692 3713
132 165 2181
554 876 4917
427 505 3888
245 388 222
613 975 4028
309 857 3634
132 782 4026
204 301 2975
176 776 3369
848 990 4900
529 956 2108
830 954 949
170 760 513
196 736 820
511 949 1188
115 857 469
47 99 4471
74 145 1679
15 352 929
53 621 3591
177 628 4414
323 725 3111
395 821 285
29 547 1170
318 884 467
248 677 1884
428 764 1829
764 922 451
161 757 2525
544 907 155
154 495 2432
60 196 3751
633 673 364
196 604 3389
529 548 4128
88 92 1183
146 362 1657
533 717 785
46 998 4903
494 549 1065
290 585 3362
109 935 3334
578 714 4994
237 602 146
335 898 1519
81 610 1522
130 857 2895
471 685 1589
771 945 2863
283 461 2778
333 827 2797
347 746 684
53 806 2119
191 217 2561
102 288 2087
967 984 3005
393 698 153
217 338 1530
497 740 2720
189 777 4022
214 545 4719
733 847 2148
16 196 3596
109 575 3781
249 812 4946
872 876 284
704 819 3560
281 520 3131
422 765 539
298 925 2879
197 806 1391
158 351 2671
391 972 1869
36 47 4257
744 896 3369
103 356 2100
181 360 3855
254 494 3436
275 720 4231
43 134 1574
509 572 1498
104 383 2527
219 992 2685
758 839 4529
301 627 4418
731 948 2272
446 650 605
631 891 3217
201 503 3002
445 854 575
55 731 4998
297 611 86
206 430 3472
121 501 3427
505 925 2292
47 731 1706
336 851 2015
76 931 1071
164 559 4089
471 940 2552
570 706 2701
130 901 1392
327 914 62
754 906 3962
164 280 542
814 850 1629
220 540 1256
661 738 2692
91 757 2112
480 539 884
206 500 3546
349 545 4811
497 678 3365
366 751 2902
5 910 2931
215 492 2765
391 648 2119
643 729 4055
22 720 4918
237 861 4403
431 806 4548
618 724 1144
261 948 3425
81 183 4199
171 224 2986
268 659 1205
265 688 3036
376 872 3047
629 989 2443
465 566 3320
112 586 3455
363 570 4734
462 811 2853
39 548 2188
231 305 1198
69 894 2727
437 666 3884
235 499 1634
68 330 2886
304 438 722
187 469 3479
108 474 1658
280 467 3389
711 784 4232
166 638 1784
154 764 4261
371 440 1366
97 833 4879
300 436 941
425 486 2514
86 873 1835
301 785 171
330 913 4753
470 522 3345
208 970 3174
114 185 1036
74 653 2932
574 770 746
391 474 4926
17 994 2988
38 675 195
1 999 120
816 874 543
738 818 4664
156 354 3195
785 917 4083
170 894 1618
155 178 2728
827 922 1539
446 753 325
61 718 2374
480 921 2258
328 647 1583
757 987 1076
108 657 422
345 582 1170
478 851 3674
145 664 293
487 623 2021
447 977 4167
466 797 2699
322 429 4178
291 821 4994
212 753 2857
647 684 2994
485 742 4384
553 755 886
31 246 2259
87 751 819
344 670 559
446 505 3132
310 848 1810
589 975 4541
673 957 1712
294 318 3234
162 207 2760
541 800 3367
131 471 2608
204 976 1365
748 889 4810
493 582 3717
434 983 4123
165 246 3804
486 536 3258
640 668 4590
2 7 739
417 570 868
199 234 1701
126 891 2834
436 874 2381
352 514 2143
362 616 2436
311 740 3839
98 378 4441
176 395 4728
47 465 4716
537 928 1091
687 890 2564
22 158 2899
686 901 3140
91 354 1060
461 886 934
318 349 293
52 583 3087
37 555 4113
64 666 4293
126 307 2008
182 345 4817
591 856 4501
121 492 2629
392 514 3233
497 976 1837
44 83 1649
560 583 2495
97 190 1905
397 795 3121
726 816 3982
660 781 2981
70 719 2196
437 608 339
47 89 2396
54 807 3119
104 745 256
150 956 4808
333 507 4693
88 983 4947
291 835 2491
854 956 3782
802 903 3254
154 871 1440
312 912 899
515 555 2003
302 653 2063
179 926 4086
136 765 4215
424 502 3333
571 642 4468
248 691 425
55 337 4675
246 302 2214
352 564 2646
15 959 2823
390 692 4690
308 780 2338
747 799 2332
404 605 3458
881 907 2061
448 911 4347
101 961 2965
16 896 1676
758 933 4688
136 622 4707
836 868 1768
365 570 2222
23 223 2505
383 445 1479
447 508 2436
13 492 2630
197 298 2999
857 904 2486
251 944 2605
487 849 3158
148 454 4594
905 915 913
151 971 2960
164 973 2464
153 560 3338
297 549 2598
44 120 3383
43 375 2643
803 843 1563
683 781 1056
258 313 1378
37 656 4700
323 929 195
129 424 411
329 980 9
749 921 3829
449 728 4922
103 675 3065
284 690 2091
487 738 4544
380 801 4206
245 260 21
332 850 4439
65 320 1018
422 830 4082
406 559 4500
231 814 4111
440 896 921
549 966 4784
275 450 3564
433 493 901
660 857 4804
17 589 2689
597 797 4235
281 387 4477
228 519 2361
295 498 4385
31 789 131
254 594 817
0 919 1261
576 788 2812
336 365 2027
741 956 905
358 963 1359
636 947 580
548 815 4077
698 708 1612
620 664 1813
287 616 2141
202 779 1610
541 995 494
580 894 3861
491 569 268
223 470 4385
121 718 2713
216 974 369
182 746 820
583 670 1163
523 617 3521
609 664 1381
384 707 3586
564 826 4233
190 225 3053
647 760 4071
669 863 4930
360 593 1363
600 628 1573
132 217 960
531 756 1719
363 568 4719
214 980 287
176 311 2263
460 643 1127
403 645 667
157 563 2589
569 882 3176
29 767 2876
403 716 1515
788 970 4853
440 946 4522
281 999 982
789 875 3672
161 440 4320
76 581 2290
387 416 125
394 657 1364
469 935 3104
557 868 4835
499 584 3143
198 202 3797
708 954 2686
216 853 1786
545 864 3278
16 647 4083
22 970 1518
421 605 333
159 429 3005
777 789 4786
180 480 4514
306 926 317
349 524 2220
148 622 2725
214 741 317
393 690 4391
341 416 4605
593 980 417
74 992 3728
424 451 46
22 204 3014
628 983 1519
47 181 1456
225 357 2804
217 362 4518
139 752 4541
63 334 1785
514 962 2772
353 918 1546
388 790 2973
231 596 3913
369 479 4952
622 735 4907
64 584 4895
8 732 1801
590 825 4984
463 719 3315
800 848 1884
538 875 730
168 683 4239
8 860 1708
365 904 1630
299 334 1796
378 782 1021
539 650 3369
64 67 2644
851 942 1670
208 814 1751
74 412 1763
41 999 736
97 911 1704
169 481 2642
419 442 4570
469 604 4649
353 849 3660
365 864 1453
939 958 340
45 209 577
364 736 2571
106 925 2794
250 569 4785
93 303 2167
372 791 2468
564 763 462
342 409 1293
388 745 1236
410 566 1447
290 689 1889
153 743 2241
477 947 4998
323 331 4944
258 884 169
409 763 4702
564 625 815
124 186 882
665 887 1867
606 615 4180
979 997 3005
948 992 4517
535 724 330
221 852 4664
300 579 85
479 864 3252
563 584 2045
40 45 4391
589 775 3093
510 917 2912
9 240 639
519 931 4740
484 819 1277
87 392 3301
143 889 1129
509 543 2509
680 785 351
536 710 4240
15 64 4678
485 760 1404
675 712 2334
252 844 3477
186 527 2059
234 477 4424
299 704 3758
48 581 1299
821 974 81
855 957 2113
500 939 3348
2 315 1533
115 841 597
661 920 4932
536 830 2902
638 681 3573
190 631 4134
73 414 2468
184 249 3967
569 632 711
399 992 285
150 497 68
315 334 592
487 853 1320
46 747 4215
478 502 3889
468 864 741
679 758 4074
227 254 651
378 508 2664
669 769 1577
258 527 2292
72 283 34
494 495 487
84 95 1800
855 927 3051
797 853 3358
90 800 3303
75 172 2402
354 478 248
903 973 2900
661 672 2377
413 864 2365
175 725 3944
452 930 2188
925 946 2809
966 997 4127
76 410 3416
717 850 1434
118 609 1469
316 788 1442
393 875 1213
126 134 2732
208 213 4941
178 704 4976
597 842 4829
166 718 234
15 477 3589
75 612 2746
96 617 4492
619 682 2614
209 589 2116
860 985 3550
210 871 2953
70 629 609
683 838 633
68 612 4187
831 857 3716
64 69 2084
427 760 2205
351 588 2208
643 938 2293
568 971 556
173 897 3704
562 590 2092
142 564 1830
388 900 1144
792 990 4050
337 369 3687
43 344 2571
66 989 280
21 158 1558
173 352 318
466 768 2564
269 927 2117
290 311 4029
482 566 3910
394 544 3026
458 906 170
650 961 700
524 971 3539
584 845 474
627 977 2702
829 927 3260
631 726 1438
37 240 3422
2 964 524
922 965 1357
97 789 699
6 422 4955
30 247 1710
336 343 3118
42 404 4647
173 431 1702
250 421 2802
224 863 2886
44 280 941
762 847 2520
748 859 1536
395 510 4711
429 469 4577
216 988 4989
561 987 3388
604 962 1139
386 491 1030
146 802 3952
102 222 1182
371 677 1211
307 400 4191
937 972 105
200 483 1146
340 964 1547
45 216 2120
436 596 2840
69 190 57
609 923 2739
215 774 2677
534 594 3823
804 908 3226
58 186 1551
453 982 1161
761 780 938
392 460 4640
39 304 901
82 699 1884
780 899 1324
76 989 3649
555 968 1909
555 841 4103
21 366 2836
170 953 3467
245 387 4140
366 420 3696
672 759 2675
544 658 4399
31 554 3694
672 881 3137
121 402 2307
27 231 3571
259 853 4960
433 501 4204
263 464 2089
285 841 930
139 428 2976
90 942 4583
13 383 1852
385 528 3356
456 561 2851
759 843 493
546 714 3072
220 580 3230
350 498 2978
758 797 1205
330 509 3932
291 816 3048
49 579 4576
255 401 2736
537 733 918
433 581 1771
290 772 2719
603 680 1674
90 166 504
496 893 2526
237 588 2740
332 863 1048
387 994 3310
161 730 2911
346 805 3613
199 909 2818
374 660 1961
626 764 3399
396 629 1619
562 763 376
192 640 2379
248 921 985
174 841 286
44 324 677
301 569 1933
500 669 421
252 353 3191
606 977 3630
167 456 4640
404 984 1357
99 107 2358
343 435 3474
145 234 1903
83 884 3553
363 831 3638
32 922 4440
497 615 2700
186 260 553
52 382 3811
205 317 3651
42 779 1734
229 392 4146
106 478 694
237 283 3969
778 955 2123
394 756 2605
273 842 3823
469 596 279
95 212 4197
266 523 4213
750 926 4338
217 791 3334
90 774 852
402 548 4223
37 458 2902
23 722 1474
140 797 3340
595 991 3626
403 850 974
370 948 4028
367 904 4401
70 186 4649
674 799 841
497 625 2201
19 139 1587
130 705 4720
223 991 4645
143 269 3681
471 542 2520
232 578 4942
364 581 131
690 860 1863
126 751 1592
283 804 2309
535 808 908
403 772 2387
720 739 3173
53 214 365
492 999 2464
131 282 3470
365 478 3236
609 941 1180
286 722 3608
165 396 4126
312 698 4217
425 997 2764
714 790 2752
748 946 287
385 469 4079
361 877 1428
118 896 808
308 464 3709
223 717 1969
72 771 595
94 576 1164
607 640 2470
261 519 2599
38 971 943
33 601 1289
177 691 1922
150 154 1499
332 428 3452
62 668 1463
163 542 1245
55 208 166
573 970 2821
384 779 4074
267 899 9
154 485 3104
519 956 4769
383 651 1198
11 660 1633
477 974 367
182 909 4559
396 809 742
312 706 2
256 630 2018
574 831 588
256 952 3259
709 719 1126
285 314 1398
338 655 4125
218 998 2260
43 457 4121
159 455 4119
34 913 2656
254 523 1547
673 722 2355
177 886 1455
222 889 4897
165 625 300
463 695 2487
592 597 4976
126 708 187
225 812 71
773 850 1945
78 887 3000
323 966 1699
598 873 2376
47 726 1949
126 675 4396
959 967 3542
318 337 3048
243 623 2092
265 427 2439
392 555 686
602 809 4795
163 697 1891
656 958 4549
69 572 3250
404 870 4846
89 300 1803
476 860 1422
703 977 2649
198 977 1504
872 910 3632
619 904 3728
322 584 3616
246 897 3805
402 509 4704
295 748 4223
66 423 275
538 952 1759
38 510 161
17 972 4731
105 501 2701
158 862 599
38 443 3899
204 974 3679
560 983 4304
485 875 2136
826 961 2074
253 261 2077
89 93 3614
438 805 3329
837 916 4550
5 536 501
413 653 164
217 946 102
67 440 1173
130 298 538
672 735 4218
650 720 3477
6 204 2609
635 808 4281
239 459 2066
66 893 2224
511 537 93
242 423 1533
9 191 3483
468 485 2432
257 492 668
596 616 1341
578 643 3627
7 512 1035
418 759 2557
628 750 3889
511 751 338
878 997 2052
410 498 1688
45 455 2723
402 979 4700
242 779 2587
131 286 2946
119 558 455
74 471 4163
249 607 1635
625 717 562
56 486 3178
508 662 4249
118 466 3069
413 465 558
51 651 2913
282 628 4985
612 701 4424
186 580 1874
426 461 4320
651 923 3115
762 794 903
242 682 3789
244 692 409
11 53 89
794 924 2290
137 296 282
396 986 3525
792 829 2326
248 516 2575
804 993 470
58 554 3747
781 995 4572
549 668 3834
31 438 1090
34 315 4176
762 957 4728
349 824 2497
161 853 4768
329 732 558
414 723 4428
138 885 1892
375 609 495
6 217 47
711 969 4854
697 744 566
99 986 2793
29 58 2667
432 491 669
219 989 2645
79 435 1076
385 743 3658
384 764 1875
543 706 4255
567 987 324
598 649 1054
261 467 3285
363 900 3078
331 548 2044
290 957 1295
524 685 1021
222 281 3126
226 839 4690
412 609 4854
628 648 4110
87 103 205
336 865 1543
72 638 1589
5 266 3304
158 826 3606
133 201 2144
315 912 2970
341 443 1600
278 881 1264
794 992 1875
833 872 1737
274 785 2051
100 992 559
42 790 3777
502 543 2667
592 754 2164
585 861 3152
436 774 129
639 914 3799
371 833 1802
399 632 4814
33 947 3866
155 521 4905
288 765 3237
322 446 851
270 592 3284
62 130 4873
182 832 3170
0 548 849
544 622 1132
8 748 1809
761 821 2173
128 589 3298
23 359 3096
268 534 1963
524 721 148
155 617 4951
682 979 1819
147 780 945
644 691 2353
403 686 3642
559 645 4593
581 772 106
175 912 2406
541 941 1101
660 663 1839
203 277 3628
513 670 22
443 505 2727
281 714 1123
2 447 2236
639 676 214
520 933 4221
41 831 1657
0 530 3801
396 911 2905
273 830 4204
267 642 2764
162 998 1045
93 892 2971
228 568 1236
588 719 4181
583 828 3507
254 307 362
823 972 2037
66 415 1027
147 184 4285
429 948 4130
827 906 1932
547 634 958
191 986 939
171 938 1907
136 664 2198
30 561 294
110 518 3911
257 734 3152
551 630 982
593 638 28
312 760 2318
282 568 3006
385 692 734
189 458 1074
189 475 4825
632 644 2979
608 922 3382
159 402 2550
100 196 2056
181 948 3800
5 973 3505
286 831 3422
734 779 2355
315 965 4534
251 364 4777
70 430 3425
373 898 3983
365 594 1340
94 795 754
88 417 4180
273 984 524
47 770 427
47 665 360
408 870 79
22 350 1431
683 773 1526
709 850 4561
697 919 2717
651 810 1741
481 487 1476
448 619 537
10 305 2201
507 739 1771
354 574 3480
51 361 2311
14 623 1982
344 852 3105
482 952 304
771 920 941
41 103 3226
156 298 1213
633 635 3563
237 976 1912
776 836 4617
156 596 4067
239 315 3538
401 423 4003
291 479 4819
586 958 1925
594 796 2261
118 641 2332
639 664 3008
622 757 4463
134 638 2617
618 790 4614
89 632 749
353 921 44
72 278 223
198 892 4477
7 413 4679
263 802 1334
121 662 4042
483 622 4944
162 165 2147
33 354 642
108 861 304
631 840 3538
675 818 673
508 638 1806
547 644 1831
337 537 4037
563 645 3648
473 941 2058
401 500 2172
126 254 3021
67 978 4449
272 748 4212
44 732 60
83 677 2620
303 524 1918
130 481 2940
182 635 1158
597 813 4192
94 759 3677
91 575 1313
408 539 4947
186 497 4520
552 955 3167
597 861 1442
99 256 4726
107 782 1139
131 627 3575
273 507 3872
37 909 4281
17 243 3615
50 347 170
194 998 3677
361 842 704
537 843 1576
391 562 2226
376 952 1721
585 993 4780
227 282 1317
881 951 4212
406 942 4825
73 598 1121
117 430 1286
125 182 438
189 565 2780
306 675 425
218 814 3193
141 679 4765
350 822 3028
32 566 1569
916 980 2898
507 706 1610
232 867 3484
450 707 2212
831 981 540
83 600 471
667 728 3812
521 538 4763
283 433 1850
576 862 3506
348 848 2109
912 974 58
122 285 3962
461 813 4478
824 944 475
405 476 4443
340 523 1018
92 116 2432
13 753 2580
537 951 615
633 757 4362
254 501 3830
127 709 572
9 476 625
271 956 4242
237 649 358
763 947 4408
362 821 2094
199 273 3784
107 187 4193
82 871 3504
20 836 1306
312 844 45
297 552 4087
244 411 137
591 852 3503
175 967 3486
352 916 170
722 999 1823
62 112 1402
613 624 2544
26 847 2677
472 777 4170
36 744 629
776 986 475
324 917 924
753 940 1361
584 977 787
199 480 2299
171 862 2867
476 695 3157
266 368 2121
137 859 80
322 923 765
102 770 345
761 990 2617
96 187 871
101 854 4717
447 713 1081
860 958 2340
627 760 3036
507 748 3742
439 657 212
80 99 1957
63 944 1205
321 634 4633
201 330 1940
31 528 4424
327 996 4097
648 925 2241
786 790 4958
400 611 2946
318 365 2791
182 273 4927
480 520 933
220 395 3698
47 300 1631
215 448 4117
66 468 1338
296 561 3644
838 870 1285
85 286 1122
52 373 2836
116 615 2013
512 872 3114
621 725 1849
645 695 4525
338 608 3023
380 690 2531
487 784 1991
273 705 2600
758 820 413
114 841 4896
226 674 4775
647 989 4887
539 590 2444
297 840 2901
365 764 1200
250 269 3492
256 578 982
196 687 1454
431 453 1808
44 442 4513
44 497 3577
134 618 2229
939 952 151
227 694 740
591 877 1524
99 916 3982
296 665 2396
389 550 658
469 583 3005
522 788 3826
718 985 2823
511 983 1870
210 891 3268
19 209 2284
178 979 1289
801 987 2742
573 832 3250
507 972 4115
891 983 3291
865 973 549
86 843 2246
247 798 2618
274 814 4051
466 661 1467
181 894 1656
32 787 2713
100 857 1074
34 307 531
577 591 4669
280 549 1434
334 591 1550
222 844 3816
112 810 543
58 743 2127
440 828 139
537 938 1758
946 995 1390
932 980 1774
62 381 2731
433 607 4955
77 775 3907
174 763 2312
21 850 3134
11 590 1521
703 722 1997
432 683 1506
189 405 1382
574 727 2964
28 983 2055
441 475 684
129 751 1687
9 302 58
76 517 4498
11 679 941
278 486 379
297 714 785
118 852 3559
387 657 4981
859 948 1938
574 694 565
78 701 2432
73 866 936
317 435 162
946 970 1965
21 860 1066
116 528 512
390 824 2434
191 869 2559
227 438 864
54 884 199
237 606 651
694 695 3242
393 976 285
150 595 4751
166 963 2831
85 667 1816
206 766 3801
54 931 696
815 833 2114
65 832 2862
227 834 1600
455 733 674
193 977 1839
167 703 1299
114 373 4858
327 692 151
68 850 2765
453 468 879
602 666 226
138 394 1975
546 713 519
108 845 2773
19 164 3917
549 839 1579
108 228 2210
226 866 562
170 577 3434
179 971 4306
564 799 207
299 926 3298
63 379 2075
494 993 3663
88 910 1132
431 981 837
212 653 2109
421 666 2238
671 955 2061
460 848 1104
462 678 3270
344 762 2376
397 399 1958
697 827 4504
19 415 3640
449 586 3141
476 851 4674
321 850 1531
117 582 2695
240 861 188
184 784 3666
173 667 958
222 726 1175
341 760 787
447 708 864
832 940 1433
705 713 1201
300 581 3509
373 435 944
144 262 835
93 275 2863
68 325 885
589 872 3832
404 570 4047
917 929 475
162 632 1983
625 931 3925
373 532 2548
250 721 1642
593 752 570
251 448 2027
306 874 4878
46 385 3581
597 762 3418
182 239 3476
864 898 20
138 797 1134
107 322 1833
575 905 627
24 508 1501
204 531 628
566 671 2221
432 868 4832
210 936 3107
772 864 4969
311 353 2753
74 288 274
792 896 3127
4 476 460
29 843 434
147 608 261
300 732 70
290 543 550
366 511 1182
548 592 1182
523 829 4168
128 676 4210
237 596 4543
59 776 4392
140 491 1299
95 487 4717
209 376 3300
124 929 2466
38 401 4641
140 232 1210
35 688 2461
210 984 748
133 221 2924
4 976 4457
499 730 1108
322 416 4801
109 411 866
356 879 2070
305 686 2377
408 982 3082
185 473 824
225 523 1096
25 165 4449
642 846 4294
45 873 153
272 421 4106
74 926 4283
417 550 2374
791 890 2113
469 481 3074
134 284 1061
471 712 3886
461 607 1232
514 557 3315
34 870 3298
382 640 4050
129 417 1964
529 692 5
29 742 4131
779 836 1001
154 403 3991
355 966 4604
453 501 1886
45 807 4325
184 513 2653
156 372 1475
398 730 3878
161 509 591
192 805 2122
38 66 2658
558 992 3575
48 159 1910
27 368 517
376 968 2843
286 387 4794
693 724 1195
872 891 4047
463 884 3348
488 911 2183
639 854 1669
22 623 3550
582 776 1140
84 794 4407
385 715 4997
252 520 249
287 801 1457
555 895 1720
659 801 4075
88 262 4885
247 324 265
169 856 4046
212 531 3453
363 750 1980
236 300 1216
257 998 2872
191 756 307
394 829 4691
201 297 1133
67 314 1881
228 434 64
70 397 778
767 788 2495
438 501 792
80 283 3963
283 866 3588
72 687 4717
609 949 4614
35 501 4078
795 940 719
387 750 271
559 724 4159
477 805 1295
264 370 2182
224 658 2381
51 418 2126
233 871 4287
586 727 3565
74 958 3050
597 750 3437
328 854 4837
495 665 1632
325 449 797
555 734 393
29 209 3398
248 335 1654
474 747 1946
79 885 73
96 478 2094
79 236 4842
169 407 2570
180 439 3765
11 256 2842
768 939 1899
364 784 3583
431 507 1905
410 829 1090
399 809 216
674 707 4203
647 759 2822
28 273 4769
100 116 1263
644 750 3312
607 714 3692
314 656 4351
747 929 1893
237 476 3213
64 101 3119
677 786 428
366 518 3282
135 703 3860
217 549 4800
417 599 294
220 671 3969
586 642 3050
10 871 4047
583 950 3102
203 691 2824
58 134 4394
132 377 1969
673 882 1086
578 743 4618
78 142 113
284 973 1136
1 295 524
190 374 149
72 370 2242
704 910 3937
713 726 3616
472 786 429
872 960 2665
667 777 4631
244 859 2240
422 989 2383
581 585 1677
240 316 4374
312 562 3356
70 344 3713
137 780 3278
175 198 2624
272 823 1720
251 412 4520
664 681 4269
162 630 2258
16 200 3040
173 484 35
913 983 3505
699 959 1788
250 707 68
359 444 2989
6 18 763
564 816 2483
93 148 3509
569 895 3556
38 891 2266
171 199 2388
41 464 3473
481 676 152
300 502 170
642 803 4316
66 925 3065
414 817 698
974 987 1060
159 580 4586
80 989 597
376 472 687
230 911 3666
109 494 3672
372 906 2573
568 729 1269
839 946 1642
298 708 4661
671 833 813
24 955 4708
591 605 3651
181 680 4154
201 335 41
26 269 1870
414 708 2568
238 455 182
180 866 2649
441 980 1705
265 934 2467
454 577 1567
324 377 1797
212 655 4780
234 305 1056
879 936 3674
66 450 4408
145 918 2266
279 349 249
576 677 238
587 812 602
868 886 1973
243 551 3574
4 965 3741
778 834 1332
228 687 1559
76 284 420
273 667 1758
277 929 284
312 932 220
267 293 4288
262 410 1885
90 474 3148
597 943 526
304 775 3593
39 112 4169
468 493 1655
440 471 3984
659 916 2509
275 656 2162
856 974 2662
220 394 2868
588 990 1517
642 820 4957
249 514 3551
111 500 4288
132 357 1510
707 809 1711
48 127 4872
612 939 4683
112 141 1998
585 830 4523
491 573 1579
372 979 3149
490 949 903
195 311 1449
214 357 2940
568 910 221
182 774 1713
640 969 1659
425 869 3728
408 459 2313
86 601 1825
374 942 924
97 597 3903
145 425 4316
265 968 3814
404 943 1666
47 433 2346
9 171 1891
507 745 1973
2 815 3750
787 820 3410
535 840 4355
387 606 1586
393 966 2733
291 576 3633
401 633 891
23 383 173
348 807 4409
78 202 4588
192 232 167
365 448 2191
553 902 1532
107 249 1095
457 635 2443
680 758 4296
20 247 3424
77 699 1580
156 649 2142
238 701 2102
607 642 402
60 298 2028
66 720 2129
24 456 2709
370 493 3101
188 481 3280
466 647 3835
38 303 4359
57 718 3069
176 216 484
104 391 2424
81 516 4297
354 682 862
435 499 1143
248 901 4612
279 566 557
34 369 96
210 303 2398
167 644 2224
369 438 727
219 330 3517
6 650 3235
457 475 4954
411 599 956
284 590 2979
655 938 3340
36 124 1406
189 928 1684
440 558 4042
340 365 555
76 709 81
683 969 1941
118 189 1794
27 161 4439
423 540 666
99 697 1139
148 300 2594
496 515 4021
49 117 42
655 680 4762
322 694 354
210 962 3131
526 822 4092
152 852 3883
189 813 769
75 423 3892
116 582 3317
124 338 3067
151 208 1968
402 832 1770
812 990 1918
575 907 1959
541 550 3843
656 818 3504
392 719 540
228 782 330
599 679 75
415 874 3742
102 846 1139
0 532 2887
357 542 2922
253 993 2028
453 700 4418
547 713 2477
297 989 4401
226 343 4697
142 211 4367
123 149 195
330 641 1438
414 437 1198
211 316 4290
961 999 962
191 625 2090
132 545 3919
8 46 2769
263 701 3508
132 279 1307
132 903 2205
162 559 780
122 502 4206
60 223 2963
189 603 2924
647 798 4144
425 798 2346
106 501 530
181 897 4461
421 518 149
608 958 4497
164 533 1673
848 900 414
697 879 221
395 503 4990
807 980 1189
418 574 1125
61 551 525
100 158 1498
172 834 3335
519 855 4806
214 834 197
484 969 4578
264 336 32
282 352 4753
316 625 2442
800 986 145
577 729 2215
489 825 3099
60 935 2661
90 480 1324
197 533 2175
360 675 4127
608 662 2096
766 921 603
657 895 3021
76 277 4532
339 459 272
717 781 1576
404 787 2795
152 435 1739
677 826 3630
428 987 3651
587 673 1733
232 277 3279
10 309 4101
253 414 2153
234 489 591
16 957 1771
235 723 1756
280 587 3034
200 695 2442
591 693 1295
194 382 4594
175 838 1226
86 608 4093
220 295 714
315 729 75
453 534 3671
578 955 2254
419 578 3958
395 512 108
350 811 2858
222 852 273
270 550 4118
24 767 4290
86 222 400
56 92 2411
5 272 387
147 217 1331
70 358 4054
495 748 4801
309 615 870
528 841 3033
332 744 3545
6 783 3420
177 308 3727
498 850 4038
713 765 1427
630 861 373
298 733 3376
496 721 2664
502 830 4601
23 992 4062
581 907 4423
456 596 2526
11 266 88
47 107 3497
113 773 2016
457 487 1644
23 860 342
822 855 2410
458 484 2347
87 154 4289
161 591 1409
820 987 4076
521 943 3275
219 598 2512
432 746 4323
484 928 2154
150 380 2313
376 467 2502
120 208 3853
149 389 899
358 948 4265
566 941 2730
261 426 4263
274 905 3648
541 875 2000
675 702 1929
72 125 591
330 926 3887
224 919 732
324 842 2387
893 937 4805
3 972 4049
352 593 580
498 551 4149
22 138 331
365 378 1129
211 727 837
602 912 1820
96 437 4846
238 525 2452
776 909 2212
148 501 673
451 908 4758
893 895 488
808 843 1317
129 239 2500
94 583 168
863 996 391
558 663 1180
647 993 523
86 197 1444
738 821 427
180 928 2347
798 817 2504
410 559 1204
857 944 3295
5 690 3747
249 311 2708
314 559 1242
429 559 3066
9 866 2384
385 857 4069
30 271 618
73 931 4044
317 661 1136
819 842 3647
4 457 2596
549 795 4169
843 977 3611
327 419 4180
398 893 1491
555 923 3807
684 798 1037
446 816 171
129 932 4080
309 723 217
158 828 2869
724 739 3511
638 705 2985
209 459 2855
187 537 1238
539 756 3553
264 712 1085
10 556 4400
394 893 4156
250 413 2941
116 770 4394
270 281 999
698 867 283
133 621 2003
121 744 1838
409 856 2565
35 965 3101
814 871 1906
601 611 1935
48 75 3320
98 658 1360
342 743 3204
44 198 1708
6 489 4144
202 571 1526
897 903 3605
139 524 3271
594 835 3504
464 481 809
389 944 3335
9 680 1370
277 455 3726
678 795 4399
269 681 356
52 821 1403
379 881 454
69 626 3083
12 623 432
400 433 4611
225 993 2987
725 795 2648
266 779 2742
127 273 2321
731 927 1931
526 741 2214
296 742 2696
313 662 1769
101 476 3580
117 146 1293
315 831 4892
323 546 4204
271 459 4186
63 917 586
8 545 3499
132 887 4884
458 677 1628
626 657 1864
383 617 3140
56 453 53
538 971 2865
46 943 2788
308 537 3226
290 602 3490
370 979 1514
377 992 2158
203 751 4140
464 846 4497
262 828 541
741 758 970
323 674 1964
749 754 3491
140 949 244
54 815 88
10 397 4937
787 964 3902
467 570 3367
24 901 124
603 970 2423
528 969 1661
302 391 2749
419 608 2132
140 891 2855
798 845 3069
5 391 4196
446 577 4948
902 958 4350
140 646 3050
356 896 1805
203 586 1850
69 231 1703
362 691 957
569 995 2255
108 110 4092
401 761 4281
318 373 3517
99 171 143
556 574 4717
299 468 4713
681 875 4004
536 769 4385
542 748 311
373 934 2125
31 138 3447
368 643 685
194 672 4187
437 850 4898
19 469 4363
418 572 573
361 531 114
297 384 3943
521 617 3502
407 981 3063
20 622 4298
32 790 844
278 974 3479
703 972 629
73 367 2698
280 870 4789
729 806 4125
852 955 4524
470 549 3645
356 443 3485
372 735 2175
8 478 3010
118 430 3127
564 697 1040
423 773 1216
253 796 2094
306 566 600
30 263 4272
720 797 4609
637 898 1965
176 759 4556
237 676 1309
14 537 357
333 914 4863
172 448 3477
224 368 4875
126 973 3878
476 611 4247
8 49 2865
152 760 1326
172 370 876
153 741 1517
410 562 3590
136 262 4804
39 913 1790
825 886 3811
141 368 2058
218 535 759
463 899 961
472 870 1397
313 407 1335
322 648 4773
264 601 1670
284 367 173
344 867 660
132 956 1460
415 867 4239
6 437 1609
225 391 609
207 652 2919
256 354 2411
159 427 283
25 798 3079
560 922 4146
444 716 3421
453 729 3543
509 652 1794
180 802 4997
11 111 1855
85 566 2556
27 88 3623
368 515 3208
750 884 4037
230 924 2982
364 426 2701
258 830 4
565 702 692
279 614 2433
197 525 4201
846 969 2413
149 366 1135
77 145 1161
590 683 3919
14 675 4753
224 957 4490
683 888 2087
56 964 3161
725 836 2699
573 981 2492
440 976 4496
491 924 3723
568 862 1167
87 429 2236
472 699 836
350 515 4563
270 687 1807
34 345 2375
108 600 1558
380 995 2970
287 663 3433
124 369 3350
308 710 4042
318 793 3227
189 989 4903
278 966 1035
174 390 771
152 217 12
3 51 555
549 999 1646
474 540 287
49 508 2478
532 642 2469
495 685 1256
645 675 111
334 565 3013
411 521 610
369 412 2893
101 325 2922
910 969 3581
342 549 4103
216 743 1495
712 927 2978
647 965 883
385 920 2935
223 921 3920
255 376 3157
556 708 478
497 702 2478
513 614 3089
516 882 3258
411 955 155
433 987 4353
91 341 3466
686 949 3706
145 999 1595
575 784 540
0 301 3467
16 564 3015
651 741 3860
766 960 1724
511 901 2122
223 548 2792
694 931 1946
567 843 2075
245 327 2495
785 791 2014
346 800 1533
638 688 700
174 872 1574
271 621 1782
283 925 2502
237 623 4742
289 351 700
688 711 1808
282 290 4922
900 987 2999
110 785 1639
674 877 4762
168 277 3531
5 205 795
101 415 4459
485 717 3467
360 364 1793
262 854 4690
332 674 4884
376 519 3914
362 766 2095
304 308 865
31 135 4619
1 718 987
418 979 1714
264 579 507
101 104 4410
8 388 3742
96 425 3878
383 463 4084
658 750 4458
627 740 395
112 563 163
311 631 3820
71 322 295
342 937 2906
10 703 405
118 436 4339
358 472 703
507 914 111
199 987 3232
431 662 1132
617 851 893
802 885 789
143 932 2047
346 789 4568
435 446 4972
354 840 3779
766 881 4666
1 248 4253
629 731 1302
336 734 4593
36 784 3105
196 464 2424
250 738 1529
105 435 2402
690 957 2192
140 471 2684
38 566 1395
197 957 1819
249 437 105
14 118 1600
704 948 1134
325 673 2318
121 195 3110
99 616 3473
400 532 4019
8 690 3948
273 342 3733
453 726 2593
256 998 2204
876 946 2500
31 103 3571
292 808 4825
79 863 4577
149 348 4793
67 86 2304
299 604 4086
644 803 4712
500 931 514
239 962 4199
303 326 4832
442 496 2406
700 934 4799
732 860 1691
285 734 4769
89 568 3655
531 785 4902
535 624 3039
718 966 1779
630 896 2457
105 540 530
38 275 2447
596 850 408
417 560 3930
171 568 1227
339 741 2438
127 502 1703
822 932 1082
472 592 922
539 542 1662
90 720 850
417 444 4890
587 993 3670
37 249 2410
217 279 4734
287 522 1366
173 596 2135
809 931 1174
120 273 4896
34 468 2731
90 863 4074
73 306 1509
142 362 4642
523 787 1574
502 974 3010
120 593 3927
535 676 2949
605 689 3299
8 67 4761
536 962 4678
393 563 1174
10 832 920
384 759 1454
63 526 3330
370 875 3698
35 689 4140
228 936 3517
223 289 677
85 240 1811
101 172 3569
220 321 4958
596 808 57
5 710 68
799 808 1374
131 736 4221
264 339 188
404 774 2017
9 790 2197
565 961 2837
408 607 2259
760 764 3868
100 265 3076
27 109 3070
77 292 2067
417 497 698
525 556 4628
399 894 1965
360 925 1748
363 918 1367
717 764 1743
359 841 231
273 968 1920
522 683 1452
685 974 4325
829 918 3060
51 732 364
726 738 269
21 869 1985
259 973 1528
749 934 1712
259 933 2563
124 707 4670
668 972 450
288 362 1843
662 982 4061
879 974 1472
706 887 4648
134 748 2517
173 791 2314
698 969 1582
703 764 2906
424 720 4899
716 724 2615
374 730 4786
315 734 610
274 838 1594
161 814 502
426 567 24
77 527 982
241 350 2034
654 675 3372
1 601 4625
133 767 1815
367 829 1744
578 787 3979
455 714 865
164 339 4422
466 898 3377
180 204 4473
153 681 4953
560 892 3101
28 750 4495
544 551 3277
130 484 205
324 544 4274
335 486 4873
50 998 1184
85 496 3989
141 526 1723
388 970 905
264 439 183
350 679 1987
821 911 4606
794 795 2913
320 823 1925
14 892 290
68 719 4100
229 801 3674
625 879 4023
304 774 2995
376 574 4754
348 965 971
233 916 2600
451 558 3833
453 682 3717
112 565 3524
572 599 189
230 303 2609
400 790 625
455 573 188
439 665 636
289 784 2107
372 461 4978
733 931 719
73 149 1408
582 944 1881
339 599 753
3 791 1071
266 352 21
298 448 3548
129 663 1017
628 733 1882
378 877 3636
313 992 2541
455 705 3876
506 686 2892
693 695 4531
336 576 1648
98 808 1159
315 871 4721
71 743 4568
251 950 1327
47 979 1385
107 126 2767
385 982 929
33 375 4942
640 878 1598
444 518 2591
182 254 3424
263 917 2252
183 353 2919
1 115 699
217 442 373
265 480 383
897 905 3586
173 258 3383
844 914 4972
127 350 2190
613 837 1852
90 951 2333
521 926 847
161 774 195
58 103 2803
537 823 1170
203 662 1503
183 700 4198
218 415 737
631 675 2457
742 956 1968
13 62 3805
160 219 21
88 201 2276
655 820 659
341 430 1714
391 633 1725
356 492 4738
927 966 4039
30 88 3295
259 708 4920
589 820 163
328 357 2448
215 544 3171
271 376 2156
3 812 944
875 886 3099
29 641 4707
140 637 3283
826 884 3992
345 819 3749
11 105 2507
389 543 1985
136 421 3941
61 472 373
544 672 2044
451 699 4100
714 856 2991
25 904 3801
17 28 2686
684 891 3859
139 439 3339
35 120 2529
142 363 786
57 289 3647
654 873 1516
131 830 4456
20 866 1435
919 932 387
423 527 2403
463 475 3855
556 616 4531
125 572 4580
206 996 3879
159 950 1003
551 704 4216
904 938 595
251 854 2724
591 628 3194
365 721 3065
613 822 806
266 306 3789
546 786 108
396 827 4339
185 337 3798
712 729 1721
134 872 3978
373 637 3534
413 788 3345
168 208 4552
40 731 4644
307 356 3354
335 365 408
147 891 2414
455 702 3421
67 994 4184
358 546 4254
48 549 4305
260 697 4112
44 311 466
429 891 3599
187 354 2153
3 923 4156
16 179 3218
521 652 3187
551 810 3785
19 952 1114
68 90 1030
159 600 440
201 365 3078
575 825 1798
249 257 1385
79 224 1946
458 467 3192
87 315 3152
676 807 4298
32 985 1030
417 802 3370
549 841 1719
103 238 4825
18 872 1542
298 877 3982
16 224 2931
357 472 585
119 495 1694
385 823 4891
475 512 612
503 553 1904
727 732 3008
117 229 1143
264 676 3268
212 949 856
409 952 4836
235 934 4319
495 612 1160
582 677 3480
675 753 2516
27 246 4111
254 325 1725
408 461 4536
565 907 1465
374 680 413
251 612 2022
453 793 1106
202 603 3716
406 733 1352
640 716 3258
727 977 611
373 753 2737
370 959 4925
756 994 288
104 177 4595
738 833 4087
148 779 1952
538 772 2402
196 486 448
362 834 4490
254 676 2282
703 798 2447
837 957 4220
361 466 4470
157 758 4391
92 639 2542
61 406 826
18 112 3143
506 797 303
251 464 4398
284 596 690
182 640 820
22 995 4380
403 828 2822
510 543 4877
178 693 4466
222 273 988
379 546 4090
554 957 1504
786 957 4003
657 827 789
33 111 4056
327 525 4636
122 404 3610
350 481 3047
213 426 3804
262 316 3401
255 732 2908
719 885 1946
365 830 4258
32 795 3144
398 976 3336
228 672 3342
229 962 3814
306 924 3246
202 864 3796
722 728 327
466 560 4944
350 935 2582
413 867 2280
758 904 2266
114 367 821
884 986 2128
471 966 254
400 826 4962
183 731 2965
589 719 2435
156 907 2279
389 734 288
136 826 4437
171 860 4307
83 249 3314
244 738 1946
80 695 3240
20 806 3911
520 609 2929
104 147 1828
635 915 3291
258 393 4
530 656 374
499 837 861
212 693 3693
607 647 220
451 812 3920
3 502 3403
38 338 4930
64 206 1228
197 774 3280
276 403 4224
502 657 4465
254 622 4584
59 828 4192
504 527 3829
461 923 4573
441 557 2152
329 733 1790
146 629 4610
407 755 3144
0 734 3347
368 474 1415
43 210 4941
335 908 3744
223 358 2138
378 862 129
826 924 4112
24 152 1304
589 992 1727
255 894 836
473 973 1894
218 600 2902
427 758 1186
25 184 4823
676 972 2512
8 981 111
378 836 4589
49 435 1401
5 373 82
9 652 4351
389 598 3504
637 678 3066
513 919 1806
23 519 4912
799 942 1829
208 442 2368
166 597 3817
423 630 1946
237 399 1740
267 558 3984
46 329 2688
540 619 736
708 841 1625
389 572 621
256 800 1070
540 548 3128
177 900 4381
614 913 1551
409 418 1010
307 770 1872
359 511 3248
427 680 4401
432 843 1127
734 803 2812
391 658 4102
138 991 2058
642 980 4370
40 222 1684
180 977 2612
68 842 2360
135 572 4902
76 291 1499
615 977 1793
191 453 4491
489 655 4689
621 906 2671
588 699 2761
46 451 3672
290 597 1828
484 677 2681
66 246 3532
531 766 273
199 206 309
299 992 322
134 950 4967
125 554 417
120 613 341
159 734 181
191 302 4083
524 881 955
743 759 1083
353 439 2572
691 985 2804
335 390 3299
5 22 1831
187 484 4828
222 716 3228
313 472 2356
523 650 3060
166 584 1408
102 983 1007
586 587 1186
380 647 219
11 722 1586
768 860 2798
265 763 730
510 974 3160
523 670 3447
592 708 4480
116 946 4446
463 677 3611
286 875 1890
861 998 44
188 959 2677
165 796 276
382 609 396
205 571 2801
508 695 1313
605 888 2178
282 764 84
42 521 3617
163 782 3209
652 961 2605
497 509 721
630 818 3314
197 645 1515
471 943 3178
200 300 4482
29 900 779
383 931 3482
18 501 1266
515 768 1964
632 796 4789
540 834 2728
766 958 4741
535 749 3611
362 466 3236
447 802 322
82 239 562
377 770 3799
159 640 1437
632 710 4877
464 794 823
226 799 1105
106 493 3632
801 812 2964
379 577 795
291 392 4298
616 645 4376
469 732 1760
571 952 844
748 951 3497
271 502 4966
22 243 4421
98 572 1200
404 684 2601
48 804 1177
888 912 2888
244 478 2974
495 564 1313
644 763 286
643 979 1135
393 786 4522
51 238 4288
522 645 715
495 967 2102
334 416 3578
327 835 963
196 435 668
363 847 3694
94 95 2042
166 391 2311
861 975 948
172 946 498
470 747 1213
328 748 2432
371 813 1112
360 651 3955
124 917 4739
73 787 4678
573 772 2216
189 578 3011
570 576 2059
8 142 1809
644 668 1133
550 876 1867
217 432 4753
684 685 4469
149 976 4672
660 980 2604
154 616 4832
478 648 2500
106 320 3381
389 421 4008
279 743 47
365 559 1220
497 801 2994
623 807 4399
319 357 3321
455 847 713
35 708 884
381 530 3370
451 641 561
283 334 652
708 904 3452
464 646 599
387 806 3820
896 951 1836
101 347 4642
296 542 2831
665 825 2701
240 969 1565
364 623 3040
25 653 475
393 785 4045
792 844 949
717 974 2063
440 851 4125
229 978 4754
49 622 893
52 718 4993
207 589 4345
97 459 4468
300 756 792
498 580 3559
94 226 3346
408 822 355
256 455 955
938 961 2748
444 577 3827
160 990 4120
355 836 1204
80 171 1282
345 910 2661
131 853 555
554 849 3988
361 638 4388
280 905 2995
279 389 1294
619 761 1869
412 492 242
324 934 3406
135 486 1481
221 670 1726
542 997 1133
514 738 1865
180 810 2092
92 337 3043
210 323 4072
964 981 2284
59 974 1561
203 404 1918
155 515 332
292 630 994
236 362 3791
314 742 1319
277 586 4251
517 857 1407
179 771 381
432 863 2350
415 768 1174
28 332 2292
243 502 2579
719 784 3600
241 963 2092
217 964 799
126 442 3998
213 742 4981
299 483 2415
707 750 4106
180 260 883
483 838 957
218 921 1590
100 746 3543
171 909 2811
434 748 2637
107 428 2034
43 800 2696
269 792 378
891 973 4136
66 309 2706
21 756 2708
47 753 1441
127 987 14
32 707 498
162 190 4569
101 261 1680
79 981 3826
147 694 2992
318 878 759
409 462 1801
70 406 104
669 791 2731
418 721 3945
406 783 1857
277 398 2590
367 489 58
