1000 5000
1 0 1001
2 1 1001
3 1 1001
4 0 1001
5 3 1001
6 3 1001
7 6 1001
8 1 1001
9 8 1001
10 0 1001
11 10 1001
12 7 1001
13 4 1001
14 3 1001
15 10 1001
16 8 1001
17 9 1001
18 14 1001
19 3 1001
20 12 1001
21 8 1001
22 10 1001
23 8 1001
24 12 1001
25 17 1001
26 9 1001
27 8 1001
28 20 1001
29 6 1001
30 28 1001
31 5 1001
32 31 1001
33 26 1001
34 17 1001
35 21 1001
36 27 1001
37 2 1001
38 0 1001
39 24 1001
40 7 1001
41 16 1001
42 25 1001
43 39 1001
44 28 1001
45 2 1001
46 13 1001
47 32 1001
48 14 1001
49 18 1001
50 29 1001
51 39 1001
52 5 1001
53 10 1001
54 8 1001
55 35 1001
56 18 1001
57 1 1001
58 31 1001
59 17 1001
60 52 1001
61 58 1001
62 1 1001
63 24 1001
64 56 1001
65 31 1001
66 2 1001
67 44 1001
68 56 1001
69 13 1001
70 13 1001
71 13 1001
72 45 1001
73 38 1001
74 46 1001
75 50 1001
76 23 1001
77 69 1001
78 55 1001
79 71 1001
80 62 1001
81 58 1001
82 16 1001
83 2 1001
84 73 1001
85 58 1001
86 85 1001
87 23 1001
88 83 1001
89 61 1001
90 25 1001
91 70 1001
92 78 1001
93 28 1001
94 4 1001
95 61 1001
96 33 1001
97 73 1001
98 27 1001
99 14 1001
100 48 1001
101 87 1001
102 99 1001
103 62 1001
104 33 1001
105 15 1001
106 22 1001
107 24 1001
108 8 1001
109 99 1001
110 47 1001
111 42 1001
112 52 1001
113 81 1001
114 54 1001
115 89 1001
116 26 1001
117 51 1001
118 24 1001
119 71 1001
120 26 1001
121 46 1001
122 68 1001
123 5 1001
124 69 1001
125 72 1001
126 57 1001
127 26 1001
128 21 1001
129 99 1001
130 96 1001
131 4 1001
132 76 1001
133 129 1001
134 127 1001
135 121 1001
136 81 1001
137 30 1001
138 73 1001
139 11 1001
140 74 1001
141 121 1001
142 65 1001
143 68 1001
144 71 1001
145 1 1001
146 139 1001
147 134 1001
148 134 1001
149 117 1001
150 62 1001
151 25 1001
152 87 1001
153 107 1001
154 118 1001
155 116 1001
156 53 1001
157 65 1001
158 110 1001
159 114 1001
160 47 1001
161 74 1001
162 107 1001
163 132 1001
164 64 1001
165 32 1001
166 107 1001
167 138 1001
168 167 1001
169 41 1001
170 79 1001
171 66 1001
172 42 1001
173 17 1001
174 147 1001
175 67 1001
176 34 1001
177 59 1001
178 70 1001
179 130 1001
180 9 1001
181 177 1001
182 104 1001
183 151 1001
184 124 1001
185 6 1001
186 50 1001
187 125 1001
188 184 1001
189 110 1001
190 150 1001
191 153 1001
192 149 1001
193 52 1001
194 24 1001
195 32 1001
196 142 1001
197 130 1001
198 87 1001
199 15 1001
200 117 1001
201 78 1001
202 41 1001
203 161 1001
204 137 1001
205 159 1001
206 98 1001
207 134 1001
208 150 1001
209 30 1001
210 20 1001
211 98 1001
212 167 1001
213 147 1001
214 192 1001
215 61 1001
216 28 1001
217 199 1001
218 32 1001
219 140 1001
220 95 1001
221 212 1001
222 132 1001
223 59 1001
224 166 1001
225 140 1001
226 4 1001
227 139 1001
228 30 1001
229 122 1001
230 69 1001
231 103 1001
232 92 1001
233 191 1001
234 140 1001
235 230 1001
236 99 1001
237 64 1001
238 145 1001
239 120 1001
240 197 1001
241 167 1001
242 173 1001
243 50 1001
244 157 1001
245 163 1001
246 85 1001
247 86 1001
248 21 1001
249 161 1001
250 194 1001
251 191 1001
252 208 1001
253 25 1001
254 202 1001
255 6 1001
256 134 1001
257 63 1001
258 144 1001
259 180 1001
260 89 1001
261 174 1001
262 236 1001
263 140 1001
264 161 1001
265 41 1001
266 168 1001
267 30 1001
268 23 1001
269 53 1001
270 113 1001
271 110 1001
272 213 1001
273 110 1001
274 123 1001
275 165 1001
276 188 1001
277 268 1001
278 134 1001
279 214 1001
280 171 1001
281 99 1001
282 149 1001
283 175 1001
284 100 1001
285 120 1001
286 275 1001
287 109 1001
288 122 1001
289 0 1001
290 243 1001
291 49 1001
292 107 1001
293 156 1001
294 292 1001
295 80 1001
296 159 1001
297 120 1001
298 121 1001
299 109 1001
300 267 1001
301 150 1001
302 23 1001
303 299 1001
304 45 1001
305 208 1001
306 60 1001
307 266 1001
308 286 1001
309 136 1001
310 73 1001
311 267 1001
312 205 1001
313 183 1001
314 97 1001
315 187 1001
316 47 1001
317 248 1001
318 226 1001
319 121 1001
320 149 1001
321 273 1001
322 230 1001
323 211 1001
324 238 1001
325 207 1001
326 302 1001
327 243 1001
328 208 1001
329 5 1001
330 19 1001
331 144 1001
332 219 1001
333 121 1001
334 53 1001
335 36 1001
336 270 1001
337 178 1001
338 259 1001
339 268 1001
340 295 1001
341 83 1001
342 15 1001
343 170 1001
344 45 1001
345 54 1001
346 139 1001
347 307 1001
348 46 1001
349 91 1001
350 121 1001
351 85 1001
352 236 1001
353 107 1001
354 11 1001
355 102 1001
356 6 1001
357 210 1001
358 90 1001
359 228 1001
360 51 1001
361 30 1001
362 327 1001
363 306 1001
364 109 1001
365 6 1001
366 160 1001
367 230 1001
368 194 1001
369 112 1001
370 96 1001
371 330 1001
372 32 1001
373 128 1001
374 246 1001
375 223 1001
376 352 1001
377 356 1001
378 177 1001
379 250 1001
380 297 1001
381 237 1001
382 317 1001
383 177 1001
384 323 1001
385 306 1001
386 134 1001
387 345 1001
388 232 1001
389 207 1001
390 74 1001
391 256 1001
392 60 1001
393 201 1001
394 315 1001
395 283 1001
396 42 1001
397 22 1001
398 387 1001
399 330 1001
400 102 1001
401 89 1001
402 343 1001
403 397 1001
404 95 1001
405 88 1001
406 163 1001
407 374 1001
408 323 1001
409 310 1001
410 92 1001
411 33 1001
412 360 1001
413 57 1001
414 119 1001
415 64 1001
416 5 1001
417 333 1001
418 268 1001
419 100 1001
420 87 1001
421 408 1001
422 65 1001
423 417 1001
424 283 1001
425 257 1001
426 4 1001
427 262 1001
428 102 1001
429 124 1001
430 106 1001
431 398 1001
432 130 1001
433 407 1001
434 307 1001
435 323 1001
436 80 1001
437 66 1001
438 425 1001
439 335 1001
440 158 1001
441 277 1001
442 403 1001
443 28 1001
444 123 1001
445 102 1001
446 315 1001
447 132 1001
448 386 1001
449 382 1001
450 136 1001
451 352 1001
452 35 1001
453 445 1001
454 404 1001
455 108 1001
456 81 1001
457 326 1001
458 319 1001
459 95 1001
460 123 1001
461 128 1001
462 402 1001
463 141 1001
464 28 1001
465 330 1001
466 319 1001
467 108 1001
468 119 1001
469 149 1001
470 268 1001
471 277 1001
472 263 1001
473 8 1001
474 45 1001
475 0 1001
476 183 1001
477 389 1001
478 143 1001
479 216 1001
480 31 1001
481 49 1001
482 446 1001
483 38 1001
484 454 1001
485 36 1001
486 292 1001
487 361 1001
488 204 1001
489 92 1001
490 77 1001
491 41 1001
492 126 1001
493 266 1001
494 219 1001
495 0 1001
496 247 1001
497 398 1001
498 175 1001
499 314 1001
500 214 1001
501 468 1001
502 202 1001
503 224 1001
504 205 1001
505 319 1001
506 482 1001
507 472 1001
508 125 1001
509 380 1001
510 461 1001
511 377 1001
512 55 1001
513 470 1001
514 90 1001
515 272 1001
516 74 1001
517 355 1001
518 468 1001
519 283 1001
520 435 1001
521 305 1001
522 185 1001
523 363 1001
524 278 1001
525 382 1001
526 96 1001
527 443 1001
528 314 1001
529 429 1001
530 130 1001
531 527 1001
532 117 1001
533 381 1001
534 97 1001
535 440 1001
536 138 1001
537 419 1001
538 368 1001
539 320 1001
540 446 1001
541 461 1001
542 89 1001
543 165 1001
544 102 1001
545 446 1001
546 289 1001
547 237 1001
548 234 1001
549 107 1001
550 159 1001
551 506 1001
552 139 1001
553 486 1001
554 2 1001
555 33 1001
556 333 1001
557 347 1001
558 345 1001
559 252 1001
560 290 1001
561 110 1001
562 187 1001
563 281 1001
564 445 1001
565 359 1001
566 269 1001
567 101 1001
568 508 1001
569 312 1001
570 30 1001
571 490 1001
572 228 1001
573 418 1001
574 515 1001
575 103 1001
576 112 1001
577 191 1001
578 415 1001
579 8 1001
580 401 1001
581 144 1001
582 65 1001
583 75 1001
584 77 1001
585 474 1001
586 179 1001
587 349 1001
588 490 1001
589 437 1001
590 70 1001
591 112 1001
592 489 1001
593 269 1001
594 256 1001
595 75 1001
596 31 1001
597 150 1001
598 88 1001
599 47 1001
600 598 1001
601 321 1001
602 450 1001
603 223 1001
604 388 1001
605 559 1001
606 52 1001
607 325 1001
608 74 1001
609 33 1001
610 48 1001
611 271 1001
612 497 1001
613 542 1001
614 266 1001
615 361 1001
616 226 1001
617 4 1001
618 599 1001
619 62 1001
620 10 1001
621 218 1001
622 164 1001
623 314 1001
624 420 1001
625 420 1001
626 75 1001
627 542 1001
628 244 1001
629 99 1001
630 414 1001
631 383 1001
632 8 1001
633 598 1001
634 308 1001
635 103 1001
636 473 1001
637 463 1001
638 301 1001
639 603 1001
640 97 1001
641 326 1001
642 82 1001
643 377 1001
644 268 1001
645 283 1001
646 68 1001
647 34 1001
648 7 1001
649 29 1001
650 80 1001
651 248 1001
652 276 1001
653 16 1001
654 318 1001
655 645 1001
656 640 1001
657 137 1001
658 428 1001
659 410 1001
660 80 1001
661 489 1001
662 9 1001
663 222 1001
664 68 1001
665 418 1001
666 71 1001
667 45 1001
668 78 1001
669 205 1001
670 59 1001
671 213 1001
672 657 1001
673 531 1001
674 349 1001
675 457 1001
676 181 1001
677 34 1001
678 473 1001
679 422 1001
680 339 1001
681 430 1001
682 14 1001
683 340 1001
684 109 1001
685 437 1001
686 502 1001
687 338 1001
688 450 1001
689 622 1001
690 426 1001
691 418 1001
692 311 1001
693 143 1001
694 49 1001
695 139 1001
696 491 1001
697 437 1001
698 668 1001
699 322 1001
700 688 1001
701 365 1001
702 560 1001
703 314 1001
704 79 1001
705 64 1001
706 450 1001
707 91 1001
708 355 1001
709 291 1001
710 323 1001
711 460 1001
712 6 1001
713 677 1001
714 323 1001
715 86 1001
716 649 1001
717 565 1001
718 32 1001
719 329 1001
720 169 1001
721 491 1001
722 377 1001
723 44 1001
724 152 1001
725 242 1001
726 185 1001
727 162 1001
728 568 1001
729 471 1001
730 34 1001
731 726 1001
732 117 1001
733 34 1001
734 483 1001
735 703 1001
736 716 1001
737 119 1001
738 687 1001
739 644 1001
740 538 1001
741 566 1001
742 663 1001
743 147 1001
744 711 1001
745 613 1001
746 296 1001
747 44 1001
748 405 1001
749 409 1001
750 343 1001
751 496 1001
752 262 1001
753 508 1001
754 552 1001
755 283 1001
756 204 1001
757 620 1001
758 411 1001
759 137 1001
760 63 1001
761 452 1001
762 293 1001
763 595 1001
764 553 1001
765 308 1001
766 243 1001
767 109 1001
768 553 1001
769 426 1001
770 238 1001
771 194 1001
772 498 1001
773 506 1001
774 640 1001
775 570 1001
776 226 1001
777 78 1001
778 91 1001
779 453 1001
780 714 1001
781 620 1001
782 261 1001
783 258 1001
784 123 1001
785 541 1001
786 436 1001
787 669 1001
788 282 1001
789 65 1001
790 491 1001
791 261 1001
792 554 1001
793 577 1001
794 273 1001
795 395 1001
796 685 1001
797 81 1001
798 359 1001
799 636 1001
800 201 1001
801 506 1001
802 703 1001
803 301 1001
804 454 1001
805 671 1001
806 594 1001
807 322 1001
808 78 1001
809 328 1001
810 360 1001
811 407 1001
812 393 1001
813 687 1001
814 771 1001
815 259 1001
816 148 1001
817 159 1001
818 331 1001
819 70 1001
820 56 1001
821 235 1001
822 35 1001
823 326 1001
824 493 1001
825 204 1001
826 613 1001
827 677 1001
828 438 1001
829 611 1001
830 152 1001
831 446 1001
832 374 1001
833 21 1001
834 447 1001
835 24 1001
836 446 1001
837 288 1001
838 414 1001
839 755 1001
840 58 1001
841 455 1001
842 538 1001
843 786 1001
844 156 1001
845 308 1001
846 319 1001
847 496 1001
848 474 1001
849 533 1001
850 703 1001
851 288 1001
852 565 1001
853 308 1001
854 114 1001
855 508 1001
856 828 1001
857 448 1001
858 55 1001
859 779 1001
860 530 1001
861 679 1001
862 613 1001
863 253 1001
864 673 1001
865 186 1001
866 570 1001
867 832 1001
868 284 1001
869 185 1001
870 395 1001
871 664 1001
872 227 1001
873 138 1001
874 519 1001
875 602 1001
876 371 1001
877 666 1001
878 65 1001
879 55 1001
880 308 1001
881 719 1001
882 20 1001
883 295 1001
884 288 1001
885 634 1000
886 840 1001
887 438 1001
888 95 1001
889 191 1001
890 749 1001
891 663 1001
892 390 1001
893 854 1001
894 443 1001
895 401 1001
896 786 1001
897 794 1001
898 46 1001
899 461 1001
900 173 1001
901 423 1001
902 817 1001
903 640 1001
904 783 1001
905 792 1001
906 781 1001
907 570 1001
908 533 1001
909 894 1001
910 474 1001
911 217 1001
912 387 1001
913 756 1001
914 252 1001
915 86 1001
916 562 1001
917 365 1001
918 581 1001
919 660 1001
920 231 1001
921 618 1001
922 634 1001
923 122 1001
924 58 1001
925 259 1001
926 802 1001
927 911 1001
928 544 1001
929 407 1001
930 8 1001
931 707 1001
932 763 1001
933 565 1001
934 736 1001
935 223 1001
936 859 1001
937 176 1001
938 680 1001
939 419 1001
940 564 1001
941 801 1001
942 343 1001
943 692 1001
944 250 1001
945 559 1001
946 77 1001
947 697 1001
948 923 1001
949 297 1001
950 642 1001
951 390 1001
952 506 1001
953 654 1001
954 866 1001
955 75 1001
956 699 1001
957 798 1001
958 906 1001
959 15 1001
960 752 1001
961 355 1001
962 238 1001
963 262 1001
964 25 1001
965 503 1001
966 342 1001
967 215 1001
968 576 1001
969 914 1001
970 645 1001
971 959 1001
972 268 1001
973 395 1001
974 531 1001
975 862 1001
976 55 1001
977 848 1001
978 0 1001
979 564 1001
980 101 1001
981 197 1001
982 515 1001
983 784 1001
984 498 1001
985 831 1001
986 611 1001
987 487 1001
988 510 1001
989 520 1001
990 45 1001
991 552 1001
992 903 1001
993 965 1001
994 523 1001
995 828 1001
996 225 1001
997 324 1001
998 818 1001
999 792 1001
971 995 1000
671 837 1000
373 404 1000
509 673 1000
816 966 1000
418 733 1000
202 911 1000
166 329 1000
210 364 1000
11 169 1000
496 664 1000
177 977 1000
293 418 1000
308 753 1000
57 530 1000
12 90 1000
252 576 1000
58 125 1000
206 507 1000
384 617 1000
368 756 1000
146 666 1000
73 213 1000
644 736 1000
231 766 1000
747 849 1000
342 630 1000
161 729 1000
58 820 1001
380 445 1000
513 995 1000
199 412 1000
574 582 1000
139 578 1000
186 364 1001
139 477 1000
582 590 1000
203 826 1000
362 835 1000
26 446 1000
115 464 1000
28 408 1000
248 871 1000
298 735 1000
748 896 1000
643 888 1000
92 992 1000
465 700 1000
32 380 1000
466 783 1000
516 994 1000
253 911 1001
612 858 1000
307 468 1000
412 534 1001
589 642 1000
93 298 1000
149 802 1000
195 694 1000
516 914 1000
199 968 1000
100 504 1000
867 986 1000
594 647 1000
203 888 1001
596 701 1000
774 866 1000
16 679 1000
473 556 1000
789 872 1000
639 828 1000
291 826 1001
2 869 1000
889 951 1000
473 690 1001
551 883 1000
256 275 1000
12 725 1000
505 948 1000
765 843 1000
201 903 1000
334 443 1000
756 893 1000
72 215 1000
148 297 1000
287 927 1000
450 943 1000
378 990 1000
299 759 1000
50 595 1000
404 455 1000
808 821 1000
277 278 1000
440 458 1000
178 851 1000
455 870 1000
564 649 1000
109 928 1000
741 745 1000
942 962 1000
531 666 1001
857 994 1000
211 757 1000
527 673 1001
593 901 1000
28 935 1000
403 728 1000
169 756 1001
565 693 1000
320 767 1000
309 543 1000
411 477 1001
169 281 1000
10 939 1000
335 341 1000
733 749 1000
346 704 1000
592 868 1000
239 797 1000
442 819 1000
152 300 1000
627 844 1000
90 911 1000
234 724 1000
412 475 1000
121 259 1000
311 312 1000
833 844 1001
326 800 1000
429 930 1000
506 519 1000
63 718 1000
879 934 1000
357 866 1001
676 947 1000
783 986 1001
352 958 1000
229 944 1000
40 112 1000
43 194 1000
536 632 1000
23 821 1000
706 780 1000
483 595 1000
397 670 1000
229 585 1000
313 983 1000
621 629 1000
209 632 1000
343 933 1000
276 482 1000
492 630 1000
390 475 1000
195 342 1000
54 734 1000
58 132 1000
237 821 1001
182 961 1000
148 370 1000
10 915 1000
98 505 1001
866 919 1000
202 479 1000
131 670 1001
427 548 1000
541 864 1000
365 697 1000
66 415 1000
547 792 1000
394 785 1000
144 155 1000
51 932 1000
34 742 1000
109 142 1000
485 712 1000
231 862 1000
285 683 1000
137 150 1000
3 273 1000
103 322 1000
399 665 1000
338 776 1000
105 364 1001
552 733 1001
194 824 1000
252 975 1000
317 888 1001
625 881 1000
150 168 1000
418 497 1001
661 668 1000
295 368 1000
314 600 1000
455 938 1001
276 959 1000
358 775 1000
582 965 1001
73 409 1000
816 824 1001
618 665 1001
138 676 1001
31 705 1000
836 874 1000
295 598 1001
550 823 1000
188 785 1000
666 787 1000
851 973 1000
42 933 1001
427 795 1001
291 737 1000
751 829 1000
288 483 1000
124 877 1000
15 997 1000
170 311 1000
462 779 1000
911 939 1001
744 918 1000
97 892 1000
423 615 1000
293 737 1001
124 156 1000
867 964 1000
67 119 1000
280 710 1000
637 770 1000
16 447 1001
316 430 1000
305 905 1000
473 525 1000
79 660 1000
488 814 1000
349 366 1000
5 547 1000
507 644 1001
11 511 1000
80 735 1001
509 841 1000
523 629 1000
426 826 1001
159 999 1000
434 799 1000
227 668 1000
506 979 1000
262 640 1000
124 281 1001
852 886 1000
203 238 1000
107 205 1000
816 845 1000
470 637 1001
111 619 1000
93 670 1000
628 914 1000
169 879 1001
282 644 1000
409 708 1000
196 373 1000
34 256 1000
312 333 1000
235 810 1000
268 553 1000
134 826 1001
80 607 1000
101 677 1000
472 499 1000
28 681 1001
250 802 1001
881 934 1001
333 941 1000
290 522 1000
345 400 1000
603 796 1000
351 415 1000
379 400 1000
275 379 1000
5 90 1001
954 964 1000
56 925 1000
101 196 1000
484 858 1001
684 838 1000
222 814 1000
193 581 1000
198 727 1000
830 886 1000
358 612 1001
208 650 1000
91 679 1000
602 978 1000
297 449 1000
839 969 1000
1 881 1000
966 987 1000
433 686 1000
93 587 1001
630 830 1001
166 343 1001
301 933 1000
662 834 1000
525 917 1001
121 123 1001
95 310 1000
168 460 1000
365 584 1000
435 443 1000
139 478 1001
153 179 1000
435 618 1001
129 261 1000
9 306 1000
303 306 1000
326 961 1001
481 667 1000
77 888 1001
283 649 1000
354 947 1000
2 943 1001
129 287 1000
83 426 1000
382 872 1001
35 390 1000
432 624 1000
61 127 1000
526 872 1001
371 669 1000
244 909 1000
392 637 1001
375 693 1000
497 865 1000
3 358 1000
219 899 1000
205 826 1000
145 579 1000
96 994 1001
500 989 1000
396 840 1000
23 242 1000
132 930 1001
210 675 1000
559 590 1001
576 586 1001
725 906 1001
340 675 1000
163 368 1001
634 785 1001
467 950 1000
216 941 1000
300 505 1001
11 465 1001
406 672 1000
281 977 1001
106 734 1000
227 897 1001
216 620 1000
107 862 1001
290 523 1000
368 888 1001
184 859 1000
395 886 1001
812 961 1001
286 679 1001
70 856 1000
793 961 1000
36 802 1001
877 912 1000
53 410 1000
484 693 1001
370 950 1000
66 986 1000
30 183 1000
281 593 1001
308 635 1000
44 100 1001
523 976 1001
423 735 1001
82 394 1000
86 560 1000
463 826 1001
180 637 1001
294 823 1000
266 471 1000
184 390 1001
566 745 1001
435 764 1001
177 630 1001
371 426 1001
280 878 1000
433 902 1000
910 993 1000
525 962 1001
297 618 1001
643 706 1000
404 970 1001
61 578 1000
729 865 1000
23 552 1001
707 827 1000
456 660 1000
122 200 1000
19 798 1000
213 786 1001
140 711 1000
19 63 1000
263 872 1000
68 706 1001
248 469 1000
397 815 1000
126 805 1000
316 587 1000
148 740 1001
229 643 1001
190 549 1000
348 769 1000
22 878 1000
529 699 1000
604 929 1000
698 912 1000
707 846 1000
467 799 1001
774 833 1000
35 91 1000
164 849 1000
413 579 1000
191 767 1000
358 447 1001
310 788 1000
85 670 1001
12 959 1001
486 959 1000
591 888 1000
81 397 1001
247 756 1001
66 487 1001
312 981 1001
167 830 1001
232 702 1000
901 923 1001
243 874 1000
278 963 1001
359 378 1000
637 657 1000
45 839 1000
505 752 1000
159 416 1000
583 755 1000
109 729 1001
586 866 1001
154 826 1001
266 956 1001
754 995 1001
94 264 1000
255 654 1000
775 920 1000
72 646 1000
101 667 1001
311 791 1001
243 582 1001
12 745 1001
298 795 1001
635 899 1001
211 856 1000
602 722 1000
550 901 1000
352 619 1000
495 883 1000
614 704 1000
708 925 1001
514 651 1000
72 252 1001
567 599 1000
146 994 1001
379 442 1001
651 855 1001
304 728 1000
99 739 1000
613 823 1001
580 587 1000
110 752 1000
164 236 1000
144 891 1001
53 282 1000
91 768 1001
683 745 1000
175 435 1000
356 381 1000
472 643 1001
13 780 1000
77 402 1000
773 790 1000
187 872 1001
848 914 1001
65 312 1001
802 915 1000
809 933 1000
615 632 1001
554 863 1000
200 913 1000
24 525 1000
579 747 1001
36 264 1001
376 677 1000
22 529 1001
670 958 1001
487 542 1000
169 808 1001
214 534 1000
788 993 1001
329 697 1000
463 485 1000
25 425 1000
711 942 1000
445 496 1000
8 410 1001
228 663 1000
246 682 1000
118 715 1000
286 404 1001
557 655 1000
280 827 1001
114 648 1000
243 710 1001
718 795 1000
776 926 1001
669 807 1000
568 878 1001
508 563 1000
281 346 1001
598 756 1001
366 735 1001
214 222 1001
136 148 1001
21 748 1000
52 805 1000
298 960 1001
607 878 1001
66 143 1001
143 927 1001
883 911 1001
364 871 1000
311 787 1001
176 720 1000
597 642 1000
314 897 1000
31 479 1000
486 559 1001
651 889 1000
70 431 1001
732 772 1000
26 591 1001
169 255 1001
197 335 1000
630 809 1001
44 157 1000
467 652 1000
283 734 1001
108 664 1000
262 939 1000
658 928 1000
145 764 1000
569 977 1000
229 784 1000
397 679 1001
141 313 1000
161 394 1001
765 987 1001
259 335 1001
496 568 1001
351 815 1000
782 909 1000
99 275 1001
655 984 1000
491 847 1000
393 950 1001
627 834 1000
133 407 1000
337 863 1001
214 368 1001
263 732 1000
635 636 1001
175 967 1001
601 618 1000
71 291 1000
126 278 1001
133 298 1001
109 321 1001
198 946 1001
36 405 1000
97 425 1000
331 336 1000
357 942 1001
360 918 1000
166 726 1000
809 966 1001
156 292 1000
200 280 1001
29 394 1001
233 238 1000
540 544 1000
26 103 1000
807 844 1000
221 837 1000
656 889 1001
173 840 1001
598 703 1000
641 779 1000
47 472 1000
579 641 1001
160 603 1000
176 611 1001
465 652 1001
272 920 1000
243 674 1000
198 383 1001
126 831 1000
331 917 1001
47 807 1001
614 816 1001
8 91 1001
46 212 1000
224 859 1000
170 824 1000
577 840 1001
526 671 1000
319 342 1001
460 472 1001
701 726 1001
389 585 1000
104 740 1000
96 147 1000
414 471 1000
899 940 1000
210 474 1001
23 269 1001
339 914 1001
239 336 1000
309 312 1001
131 133 1001
590 743 1000
774 818 1001
423 876 1000
97 415 1001
396 440 1000
42 700 1001
285 612 1001
338 834 1001
419 682 1001
656 667 1001
490 949 1000
101 972 1000
252 545 1001
394 515 1001
250 927 1001
25 184 1000
485 658 1001
678 971 1000
921 941 1001
392 678 1000
107 153 1001
206 641 1000
105 110 1001
40 396 1001
542 985 1000
139 574 1001
593 849 1001
672 928 1001
15 146 1000
202 666 1001
240 691 1000
650 988 1001
195 680 1001
51 413 1000
511 620 1000
597 673 1001
633 700 1001
11 145 1001
62 371 1000
187 270 1000
141 323 1000
162 652 1000
432 747 1000
572 922 1000
59 176 1000
623 782 1000
446 686 1000
725 770 1001
389 428 1000
187 395 1000
146 830 1001
667 969 1000
408 479 1001
772 793 1001
9 609 1000
619 931 1001
78 207 1000
393 412 1001
115 227 1001
140 226 1000
179 615 1000
593 811 1000
773 835 1000
483 933 1001
90 472 1001
857 948 1000
46 871 1001
114 574 1000
723 735 1001
34 983 1001
422 476 1000
211 351 1001
4 499 1000
487 990 1000
210 621 1001
91 792 1001
196 572 1001
549 753 1000
303 983 1000
162 699 1000
129 935 1001
27 810 1001
107 315 1001
271 557 1001
38 876 1000
206 868 1001
367 813 1000
41 327 1000
329 496 1001
185 755 1000
41 817 1000
307 939 1001
499 532 1001
213 981 1000
118 363 1001
369 999 1001
303 431 1001
28 330 1000
488 637 1001
21 490 1001
422 859 1001
108 723 1000
207 917 1000
79 410 1000
154 212 1000
452 946 1000
142 704 1001
29 407 1000
179 317 1001
492 575 1001
488 657 1001
481 725 1000
372 733 1001
208 847 1001
426 738 1000
281 964 1001
47 412 1001
469 522 1001
64 973 1000
239 608 1001
22 357 1000
663 987 1000
126 564 1000
294 647 1001
621 921 1001
413 599 1001
656 692 1000
696 957 1000
597 723 1000
191 843 1000
249 877 1001
404 899 1001
333 621 1001
326 441 1001
685 788 1000
7 376 1000
368 373 1001
345 359 1000
87 548 1000
727 847 1000
135 234 1000
650 969 1001
248 391 1001
376 453 1001
592 922 1000
191 939 1001
365 368 1001
195 458 1001
809 911 1001
4 144 1000
425 969 1001
389 920 1001
125 332 1000
507 701 1001
93 835 1001
64 242 1000
15 765 1001
645 900 1000
364 422 1001
351 758 1001
294 875 1001
200 977 1001
421 643 1001
246 333 1001
363 440 1001
201 962 1001
72 145 1001
127 880 1000
220 265 1000
278 884 1000
209 223 1000
716 800 1000
227 874 1001
160 250 1001
150 497 1000
699 783 1001
417 876 1001
352 891 1001
232 815 1001
548 889 1001
627 818 1001
322 811 1000
400 676 1001
53 781 1001
33 282 1001
321 681 1000
93 683 1001
371 738 1001
460 853 1001
784 883 1001
309 680 1001
614 631 1001
406 974 1000
356 494 1000
233 774 1001
543 933 1001
688 732 1001
10 232 1001
634 885 1000
46 435 1001
218 776 1001
523 994 1001
115 964 1001
339 647 1000
381 462 1000
48 248 1001
29 118 1000
173 329 1001
55 436 1000
299 771 1000
79 809 1001
306 885 1001
414 844 1001
185 923 1000
148 828 1001
417 826 1001
288 863 1001
194 833 1001
26 33 1001
400 980 1001
295 384 1001
20 628 1000
642 823 1001
124 307 1000
338 859 1001
908 988 1000
384 573 1000
464 930 1001
25 452 1001
491 765 1000
39 697 1001
198 233 1000
117 153 1000
298 409 1001
64 263 1001
91 189 1001
361 640 1000
592 750 1000
153 365 1001
81 669 1001
203 405 1001
525 589 1001
18 999 1000
272 952 1000
471 517 1001
172 992 1000
627 779 1001
812 970 1000
200 413 1001
135 673 1001
210 646 1001
228 493 1000
328 806 1000
7 719 1000
545 759 1000
256 643 1001
122 327 1000
71 781 1001
447 904 1000
111 952 1000
264 465 1000
441 956 1000
458 891 1000
142 351 1001
241 726 1001
369 793 1000
927 974 1000
470 796 1000
243 824 1001
462 706 1001
201 824 1001
415 727 1001
368 829 1001
14 244 1000
217 230 1000
106 829 1000
119 423 1001
98 206 1001
150 708 1001
107 475 1001
140 539 1001
677 969 1001
327 489 1001
262 717 1001
104 176 1001
152 428 1000
311 411 1001
149 892 1000
165 696 1000
833 851 1001
203 417 1001
679 688 1001
232 908 1000
624 812 1001
10 441 1001
25 560 1001
155 617 1000
46 483 1001
174 249 1000
459 731 1000
289 893 1000
674 688 1000
37 845 1000
670 914 1001
26 70 1001
595 848 1001
59 962 1001
772 902 1000
21 297 1001
7 747 1001
42 70 1001
62 308 1001
741 905 1000
429 706 1001
113 346 1000
277 361 1000
385 449 1000
35 156 1001
470 964 1001
71 403 1000
596 777 1000
100 538 1000
85 111 1001
62 841 1000
532 651 1001
475 755 1001
372 431 1000
621 811 1001
243 942 1001
880 955 1000
222 564 1001
103 301 1001
406 843 1001
92 913 1000
545 595 1001
606 642 1001
37 350 1001
507 850 1000
318 585 1001
25 181 1001
322 709 1001
466 846 1000
246 572 1000
489 900 1000
226 643 1001
521 826 1001
634 657 1001
772 872 1001
388 603 1001
810 819 1001
228 774 1001
255 639 1001
127 468 1001
405 449 1001
770 897 1000
732 840 1001
14 286 1001
26 899 1001
290 969 1001
52 819 1000
173 884 1001
615 824 1001
594 866 1001
259 469 1000
27 380 1001
16 955 1000
467 807 1001
439 753 1001
908 925 1001
794 826 1001
334 818 1000
204 957 1000
47 654 1000
534 574 1001
166 465 1001
751 843 1001
260 769 1001
475 751 1001
848 886 1001
101 527 1001
93 634 1001
899 976 1000
326 478 1000
365 830 1001
125 483 1001
22 909 1001
51 906 1000
166 496 1001
541 799 1000
102 572 1000
172 288 1000
65 243 1001
269 838 1000
539 769 1001
860 928 1001
346 746 1001
40 280 1001
56 676 1000
160 590 1001
15 364 1001
377 564 1000
163 643 1001
294 317 1000
977 993 1000
514 761 1000
8 485 1001
688 854 1000
297 522 1001
335 745 1001
41 431 1001
201 485 1001
1 130 1001
360 646 1000
321 370 1001
27 395 1000
78 211 1001
240 349 1000
292 664 1001
108 522 1001
538 764 1001
443 688 1001
187 272 1001
547 963 1001
321 826 1001
286 439 1000
332 782 1001
544 657 1000
67 718 1001
167 706 1001
475 962 1001
525 952 1001
134 324 1000
303 785 1001
561 680 1000
204 652 1001
86 995 1001
700 882 1000
66 762 1001
59 290 1001
861 937 1000
302 761 1000
150 989 1001
480 861 1000
788 820 1001
499 649 1001
203 683 1001
384 914 1001
21 951 1001
202 385 1001
752 762 1001
8 550 1001
55 103 1001
220 428 1001
349 553 1001
102 333 1001
759 855 1001
416 672 1000
209 495 1001
643 792 1001
239 777 1001
110 789 1000
83 145 1001
551 900 1001
566 906 1001
210 353 1001
405 922 1000
445 848 1001
533 990 1001
357 751 1001
355 388 1000
10 864 1001
943 975 1000
378 518 1001
214 745 1001
341 399 1000
378 578 1001
755 969 1001
481 797 1001
271 595 1001
37 736 1000
546 902 1001
172 934 1001
80 479 1001
492 756 1001
316 710 1001
11 203 1001
66 531 1001
216 315 1001
493 983 1001
646 902 1001
243 410 1001
396 509 1001
232 416 1001
310 997 1001
713 727 1001
171 635 1001
439 748 1001
320 418 1001
218 745 1001
146 477 1001
241 358 1001
637 965 1001
570 735 1001
600 744 1000
109 851 1001
138 503 1000
756 888 1001
45 758 1000
402 513 1000
604 808 1001
743 973 1001
387 757 1000
130 834 1001
477 954 1000
673 985 1000
92 243 1001
19 726 1001
608 995 1001
334 823 1001
598 960 1000
261 509 1001
65 711 1001
660 965 1001
127 130 1001
293 573 1000
711 765 1001
248 884 1001
107 339 1001
436 729 1001
199 469 1001
255 376 1001
92 205 1001
118 633 1001
936 983 1001
145 647 1001
117 396 1001
165 620 1001
150 642 1001
753 841 1001
884 947 1001
474 809 1000
272 278 1001
267 612 1000
152 828 1001
455 777 1001
667 911 1001
14 151 1000
450 841 1001
66 257 1001
166 282 1001
808 998 1000
265 303 1001
85 254 1000
89 161 1000
395 448 1000
577 631 1000
152 838 1001
86 941 1001
529 601 1001
185 871 1001
92 529 1001
307 725 1001
225 352 1000
463 953 1000
178 876 1001
403 445 1001
353 693 1001
121 783 1000
59 210 1001
158 711 1001
123 924 1000
111 853 1001
99 387 1000
969 978 1001
155 254 1001
499 932 1001
43 884 1000
222 487 1001
31 486 1001
26 746 1001
381 989 1001
422 759 1001
314 695 1001
202 879 1001
439 911 1001
603 676 1001
609 968 1000
134 575 1000
273 946 1000
311 331 1001
249 395 1000
314 903 1001
390 989 1001
8 479 1001
444 882 1000
29 367 1001
156 614 1001
436 657 1001
264 744 1001
41 425 1001
482 776 1000
0 591 1000
32 478 1000
583 851 1001
636 908 1000
282 293 1001
75 429 1000
669 743 1001
76 151 1000
390 599 1001
302 930 1000
720 909 1001
221 765 1001
270 561 1001
295 504 1000
236 824 1001
223 627 1001
282 889 1001
180 644 1001
252 361 1001
68 600 1001
756 775 1001
668 769 1001
208 542 1001
289 421 1000
99 180 1001
702 760 1001
250 683 1001
324 926 1001
862 942 1001
443 914 1001
328 484 1000
170 879 1001
313 690 1001
326 390 1001
212 596 1001
216 302 1001
13 735 1000
93 735 1001
88 399 1001
356 877 1001
117 616 1000
167 203 1001
72 472 1001
80 351 1001
496 730 1001
363 689 1000
155 623 1001
316 409 1001
407 463 1001
153 804 1001
659 780 1001
114 416 1001
110 428 1001
266 289 1000
176 663 1001
326 416 1001
147 843 1001
147 587 1001
190 529 1000
589 743 1001
458 796 1001
270 872 1001
560 913 1001
559 809 1001
111 889 1001
230 582 1001
318 612 1001
273 526 1001
457 669 1001
812 856 1001
363 399 1001
175 683 1001
36 968 1001
13 425 1001
637 692 1001
184 555 1001
822 864 1001
206 290 1001
195 950 1001
423 896 1001
58 921 1001
181 552 1000
374 959 1000
309 442 1000
330 905 1001
317 870 1000
355 571 1000
415 914 1001
175 626 1001
518 795 1001
155 685 1001
570 629 1001
322 649 1001
217 271 1000
275 369 1001
127 241 1001
520 589 1001
136 220 1001
687 983 1001
209 786 1000
388 659 1001
263 632 1001
413 951 1001
95 638 1000
312 908 1001
243 747 1001
335 969 1001
159 483 1001
275 565 1001
518 934 1001
342 373 1001
375 647 1001
501 615 1001
276 582 1001
397 454 1001
12 833 1001
88 894 1000
162 493 1001
290 382 1000
46 763 1000
82 422 1000
236 925 1000
127 339 1001
594 598 1000
25 765 1001
616 880 1001
589 909 1001
453 905 1001
523 973 1001
178 643 1001
502 523 1001
212 453 1001
158 329 1001
91 124 1001
352 589 1001
30 534 1001
469 620 1001
768 852 1000
437 584 1000
391 493 1000
253 275 1001
240 991 1001
218 331 1001
241 327 1001
153 347 1001
169 983 1001
148 896 1001
254 790 1000
621 703 1000
1 215 1000
391 491 1001
92 218 1001
30 500 1000
115 698 1001
46 654 1001
386 896 1001
158 636 1000
544 929 1001
42 319 1000
300 624 1001
34 119 1001
246 944 1001
213 684 1000
81 656 1001
55 484 1000
201 312 1001
299 517 1000
549 780 1001
30 832 1001
178 624 1000
371 587 1001
813 950 1001
334 971 1001
189 217 1000
332 693 1001
611 940 1001
85 476 1000
507 929 1001
586 908 1001
170 771 1001
193 654 1001
283 470 1000
369 948 1001
604 993 1001
506 733 1001
64 696 1001
357 670 1001
883 981 1001
457 743 1001
504 724 1001
23 618 1001
486 527 1000
333 977 1001
353 906 1001
275 769 1001
582 868 1001
324 431 1000
525 830 1001
142 885 1000
214 516 1001
188 410 1001
265 408 1000
426 805 1001
515 816 1001
476 806 1001
512 614 1000
167 953 1001
920 960 1001
214 579 1001
111 500 1001
54 898 1000
143 657 1001
210 875 1001
462 534 1001
684 853 1001
469 734 1001
252 338 1001
174 703 1001
16 995 1001
825 857 1001
620 890 1001
42 253 1000
284 662 1000
326 611 1001
409 810 1000
203 326 1001
542 660 1001
151 682 1001
584 968 1001
670 688 1001
55 697 1001
728 828 1001
169 199 1001
782 934 1001
1 711 1001
55 341 1001
194 793 1001
211 944 1001
472 754 1001
193 646 1001
94 410 1001
210 544 1001
121 286 1001
49 535 1000
106 526 1000
233 781 1001
455 493 1001
73 455 1001
523 696 1001
360 444 1001
462 760 1001
5 313 1001
317 610 1001
548 762 1001
164 578 1001
171 332 1000
305 693 1001
569 939 1001
890 966 1001
89 761 1001
133 382 1000
249 680 1000
685 939 1001
604 639 1000
424 910 1000
112 964 1001
398 740 1000
309 988 1001
450 803 1000
13 566 1001
685 976 1001
191 720 1001
717 724 1001
227 437 1000
165 304 1001
85 371 1001
561 915 1001
205 295 1001
17 200 1000
59 803 1000
27 596 1001
228 489 1001
132 887 1001
322 666 1001
136 900 1001
497 617 1001
51 618 1001
34 631 1001
82 898 1001
25 914 1001
185 188 1001
556 726 1001
306 316 1001
130 601 1001
7 998 1001
204 817 1001
692 878 1001
666 679 1001
858 991 1000
142 240 1001
581 642 1001
16 242 1001
291 735 1001
259 363 1001
82 437 1001
671 722 1000
286 289 1001
306 938 1001
16 183 1001
35 445 1001
252 814 1001
531 550 1001
203 585 1001
440 584 1001
589 948 1001
874 953 1001
464 877 1001
22 148 1001
212 415 1001
106 455 1001
933 946 1001
42 145 1001
414 665 1000
395 858 1001
89 452 1001
12 36 1001
556 916 1000
302 850 1001
69 982 1000
149 937 1001
158 525 1000
605 825 1000
803 863 1001
846 897 1001
63 862 1001
315 494 1000
310 965 1001
47 737 1001
493 757 1001
186 486 1001
141 649 1001
381 494 1001
107 606 1001
64 160 1001
3 644 1001
288 378 1001
360 864 1001
66 377 1001
272 593 1001
458 988 1001
68 183 1000
357 712 1000
891 896 1000
499 912 1001
16 119 1001
458 633 1001
884 885 1001
24 994 1001
186 484 1000
115 584 1001
595 660 1001
216 235 1001
783 828 1001
635 829 1001
614 963 1001
579 947 1001
152 425 1001
622 742 1001
569 871 1001
10 235 1001
27 590 1001
194 661 1001
447 852 1001
87 954 1001
321 561 1001
94 834 1001
158 730 1001
175 647 1001
643 832 1001
250 476 1001
583 618 1000
825 920 1001
632 673 1001
394 483 1001
210 974 1001
492 645 1001
12 277 1001
711 908 1001
492 818 1000
247 582 1000
483 924 1001
299 333 1001
528 742 1000
159 243 1001
124 669 1001
13 524 1001
281 949 1000
443 862 1001
603 894 1001
495 763 1000
53 463 1001
557 709 1001
120 152 1000
553 934 1001
135 388 1000
407 708 1001
736 957 1001
220 965 1001
90 755 1001
343 854 1000
139 145 1001
315 455 1001
543 738 1000
315 371 1001
34 406 1001
240 956 1001
64 302 1001
96 695 1000
244 595 1001
86 175 1001
137 826 1001
480 710 1000
814 839 1001
14 556 1001
490 705 1000
612 690 1001
96 267 1000
107 261 1000
628 965 1001
96 283 1001
415 472 1001
690 962 1001
306 585 1001
554 687 1000
450 684 1001
40 468 1000
367 844 1001
575 682 1000
573 821 1001
49 736 1001
43 654 1001
35 158 1001
116 651 1001
131 243 1001
190 871 1001
173 950 1001
80 677 1001
72 730 1001
442 808 1001
37 178 1001
10 347 1001
41 843 1001
235 878 1001
264 677 1001
215 721 1001
383 925 1001
149 155 1001
696 921 1000
148 394 1001
148 197 1001
343 345 1001
326 395 1001
435 495 1001
699 887 1001
338 547 1000
227 667 1001
290 490 1001
739 839 1001
423 868 1001
182 285 1000
110 924 1001
76 569 1001
192 953 1001
246 345 1001
520 698 1000
188 847 1001
366 685 1000
145 781 1001
331 976 1001
115 890 1000
173 313 1001
451 938 1000
634 682 1001
338 471 1001
494 591 1001
107 946 1001
513 861 1001
879 890 1000
4 650 1001
301 985 1001
2 650 1001
14 652 1001
873 976 1000
777 839 1001
106 283 1001
430 720 1000
218 911 1001
125 369 1001
356 358 1001
331 563 1001
301 310 1001
156 334 1001
438 635 1000
153 241 1001
184 857 1001
403 433 1001
165 411 1000
442 947 1001
514 635 1001
514 916 1001
72 427 1001
108 218 1001
271 606 1000
15 984 1001
324 595 1001
807 969 1001
114 121 1001
806 894 1000
137 460 1001
252 651 1001
378 933 1001
104 827 1001
201 878 1001
828 926 1000
564 815 1001
413 830 1001
649 998 1001
447 803 1001
310 696 1001
197 998 1000
369 808 1001
96 840 1001
196 792 1001
62 453 1001
277 585 1001
1 682 1001
191 724 1001
96 485 1001
559 924 1000
325 339 1000
512 778 1001
396 941 1001
9 276 1001
61 810 1001
271 906 1001
375 451 1001
446 507 1001
455 779 1001
450 666 1001
488 903 1000
688 783 1001
90 984 1001
677 764 1001
98 970 1000
354 589 1000
553 558 1000
21 867 1001
726 850 1001
317 605 1001
33 931 1000
793 872 1001
280 567 1001
241 893 1001
793 875 1001
897 940 1001
317 852 1001
58 573 1001
33 995 1001
336 979 1001
11 984 1001
86 705 1001
747 996 1001
151 454 1000
84 178 1001
372 982 1000
19 376 1001
174 178 1001
98 875 1000
375 385 1000
521 688 1001
198 840 1001
294 390 1001
111 324 1001
474 580 1000
492 936 1001
677 712 1001
204 586 1000
96 148 1001
110 624 1001
549 770 1001
409 719 1001
628 663 1001
76 226 1000
259 984 1001
400 562 1001
749 827 1000
789 813 1001
113 415 1001
96 702 1001
340 962 1000
689 828 1000
649 782 1001
420 565 1000
190 888 1001
535 951 1000
427 651 1001
307 456 1001
258 282 1001
869 991 1000
228 279 1001
946 963 1001
43 317 1001
50 654 1001
664 714 1001
655 835 1001
201 863 1000
472 700 1001
462 614 1001
237 572 1000
16 929 1001
58 194 1001
382 851 1001
864 958 1000
82 258 1001
290 640 1001
16 146 1001
507 995 1001
235 964 1001
490 799 1001
160 391 1000
544 750 1001
69 258 1001
235 545 1000
315 325 1000
215 860 1001
736 789 1001
269 463 1001
12 302 1001
56 770 1001
228 467 1001
14 434 1001
218 282 1001
377 830 1001
296 361 1001
269 418 1001
625 719 1000
747 899 1001
61 397 1001
525 875 1001
350 546 1000
282 382 1001
136 852 1001
217 992 1001
144 572 1001
459 520 1000
360 994 1001
891 950 1001
416 787 1001
165 516 1001
565 947 1001
43 881 1001
327 648 1001
728 991 1001
812 826 1001
48 222 1001
453 622 1000
222 935 1000
490 532 1001
302 840 1001
231 461 1001
675 755 1001
206 930 1001
642 671 1001
310 397 1001
493 743 1001
307 510 1000
157 955 1001
635 972 1001
700 852 1001
25 623 1001
191 485 1001
123 727 1001
65 441 1000
106 399 1001
350 414 1001
304 478 1001
429 953 1000
597 694 1001
127 898 1001
279 322 1001
258 579 1001
307 791 1001
272 972 1001
639 958 1001
792 854 1001
269 347 1001
255 768 1001
140 397 1001
263 930 1001
404 984 1001
117 414 1001
346 882 1001
332 820 1001
794 869 1001
471 997 1001
83 427 1000
777 984 1000
208 438 1001
739 939 1001
489 648 1000
570 943 1001
15 153 1001
504 944 1001
611 862 1001
886 948 1001
88 649 1001
434 540 1000
490 814 1001
464 756 1001
147 650 1000
91 926 1001
113 989 1000
76 251 1000
291 961 1001
124 554 1001
382 891 1001
560 580 1001
20 512 1000
269 299 1001
395 425 1001
702 884 1001
35 416 1001
648 808 1001
331 937 1000
14 934 1001
670 912 1001
396 714 1001
240 993 1001
519 825 1000
516 938 1001
273 306 1001
53 133 1001
625 639 1001
78 974 1001
331 910 1001
266 586 1001
1 917 1001
501 766 1000
69 402 1001
505 769 1001
89 649 1001
586 636 1001
259 805 1001
555 924 1000
306 940 1001
498 872 1001
295 548 1001
197 672 1001
541 730 1001
321 709 1000
113 929 1001
479 563 1001
384 846 1001
172 567 1001
800 908 1001
203 864 1001
118 719 1001
445 817 1001
368 524 1001
378 569 1001
735 960 1001
678 837 1001
828 965 1000
661 769 1000
129 735 1001
156 626 1000
528 563 1001
583 963 1001
899 911 1001
662 686 1001
656 879 1001
690 900 1001
315 569 1001
344 759 1001
347 592 1001
73 927 1001
719 949 1001
380 433 1001
505 848 1001
466 911 1001
245 754 1000
440 691 1001
56 615 1001
817 873 1000
763 864 1001
216 320 1001
67 928 1001
241 883 1000
248 925 1001
34 280 1001
106 275 1001
503 841 1001
659 863 1000
268 707 1001
511 866 1001
555 657 1001
176 682 1001
116 530 1000
173 230 1000
272 815 1001
549 851 1001
21 940 1000
283 669 1001
590 792 1001
470 737 1001
467 584 1001
401 431 1000
304 929 1001
304 744 1001
3 485 1001
429 832 1001
2 334 1001
17 723 1001
679 721 1001
104 437 1001
397 856 1001
692 904 1000
251 295 1001
887 938 1000
192 599 1001
356 849 1001
306 436 1001
151 549 1001
160 689 1001
154 893 1001
13 74 1001
674 832 1001
217 826 1001
243 719 1001
417 641 1001
541 745 1001
535 639 1001
656 697 1001
311 891 1001
646 684 1001
86 735 1001
769 815 1001
181 916 1000
260 608 1000
431 959 1001
122 798 1001
71 627 1001
555 848 1000
379 990 1001
677 800 1001
452 996 1001
87 850 1000
695 958 1001
253 457 1000
363 989 1001
171 236 1001
381 526 1001
752 883 1001
324 433 1001
117 954 1001
380 868 1001
435 673 1001
398 815 1001
356 901 1001
225 287 1001
725 780 1001
20 948 1001
647 998 1001
583 804 1001
142 714 1000
410 721 1001
527 989 1001
534 690 1000
563 848 1001
14 218 1001
295 364 1001
10 292 1001
468 754 1001
233 543 1001
40 798 1001
288 359 1001
320 452 1000
385 713 1001
140 258 1001
188 739 1000
3 233 1001
137 642 1001
438 914 1001
54 359 1001
552 618 1001
48 310 1001
88 482 1001
485 663 1001
620 666 1001
60 850 1001
836 906 1000
862 923 1000
126 430 1001
59 345 1001
896 905 1001
167 817 1001
958 989 1001
368 876 1001
720 815 1001
406 541 1001
284 758 1000
553 580 1001
460 863 1001
24 990 1001
300 672 1001
87 993 1001
795 951 1001
331 448 1001
281 515 1001
122 125 1001
278 961 1001
131 132 1001
172 603 1001
381 941 1001
48 976 1001
928 959 1001
587 755 1001
90 359 1001
406 617 1001
541 812 1001
17 727 1001
327 561 1001
60 928 1001
180 287 1001
105 518 1000
52 89 1001
457 840 1001
374 749 1001
313 593 1001
908 936 1001
760 796 1001
884 897 1001
398 897 1001
173 834 1001
509 783 1001
470 587 1001
390 474 1001
43 679 1001
100 144 1001
469 934 1001
469 982 1001
77 890 1001
369 414 1001
406 409 1001
3 971 1001
80 476 1001
116 423 1001
271 992 1001
190 264 1001
309 640 1001
17 511 1001
519 554 1001
208 743 1000
239 262 1001
159 805 1001
617 956 1001
456 957 1001
599 658 1000
218 660 1001
16 634 1001
76 282 1001
0 191 1001
380 843 1001
576 694 1000
650 819 1001
84 469 1001
734 777 1001
579 785 1001
507 789 1001
716 919 1000
604 936 1000
654 700 1001
308 823 1001
237 697 1001
288 462 1001
87 90 1001
216 709 1001
329 482 1001
349 577 1001
378 588 1000
91 972 1001
538 912 1001
9 803 1001
139 532 1001
95 523 1001
931 976 1001
757 838 1001
387 430 1001
369 573 1001
310 948 1001
228 967 1001
319 945 1000
738 978 1001
414 454 1001
267 945 1001
531 566 1000
104 170 1001
113 183 1001
744 986 1001
461 678 1000
656 913 1001
702 787 1001
521 717 1000
29 602 1001
691 833 1000
143 971 1001
117 721 1001
39 77 1000
293 613 1001
284 335 1001
569 953 1001
836 893 1001
130 823 1001
41 119 1001
458 947 1001
179 202 1001
391 830 1001
980 999 1001
270 337 1000
115 456 1001
574 655 1001
418 891 1001
538 717 1001
508 614 1001
733 768 1001
846 889 1001
210 329 1001
78 384 1001
21 186 1001
112 364 1001
129 766 1001
51 600 1001
329 479 1001
909 931 1001
130 829 1000
530 883 1001
313 483 1001
749 975 1001
152 775 1001
100 736 1001
19 536 1001
795 917 1001
81 901 1001
306 437 1001
798 955 1001
170 543 1001
726 768 1000
114 498 1000
235 840 1001
299 967 1000
55 648 1001
31 564 1001
347 876 1001
270 881 1001
856 862 1001
811 993 1001
120 777 1001
847 903 1001
81 648 1000
117 192 1001
340 710 1001
163 783 1001
6 699 1001
226 978 1001
199 555 1001
210 494 1001
453 913 1001
359 941 1001
500 716 1001
194 285 1001
390 520 1001
532 556 1001
640 759 1001
91 270 1001
347 800 1001
447 875 1000
165 912 1001
685 793 1001
5 162 1001
309 619 1001
456 771 1001
27 961 1001
489 762 1000
220 532 1001
110 244 1001
294 449 1001
227 587 1001
864 887 1001
467 868 1001
179 626 1001
57 657 1001
342 721 1001
125 822 1001
767 980 1000
390 819 1001
255 387 1001
258 413 1001
66 326 1001
762 923 1001
573 843 1001
137 841 1001
60 655 1001
191 377 1001
120 633 1000
259 836 1001
257 797 1000
254 704 1001
240 876 1001
31 150 1001
670 702 1001
318 648 1001
210 515 1001
291 601 1001
125 569 1001
384 403 1001
61 286 1001
100 151 1001
50 272 1001
80 359 1001
766 925 1001
69 832 1001
13 529 1001
71 197 1001
249 977 1001
475 796 1001
830 946 1001
44 172 1001
459 700 1001
373 994 1001
460 543 1001
555 753 1001
517 847 1001
371 563 1001
205 403 1001
57 119 1000
38 438 1000
475 695 1001
141 245 1001
212 549 1001
585 596 1001
769 776 1001
552 892 1001
476 636 1001
375 747 1001
109 121 1001
215 903 1001
563 671 1001
160 901 1001
211 456 1001
41 943 1001
466 773 1001
542 921 1001
430 936 1001
142 604 1001
143 617 1001
94 634 1000
55 265 1001
86 561 1000
612 917 1001
413 415 1001
92 275 1001
532 937 1001
118 229 1001
292 918 1001
466 680 1001
464 656 1000
793 902 1001
433 518 1001
260 635 1001
445 785 1001
83 192 1001
33 287 1001
351 905 1001
763 912 1001
25 690 1001
195 835 1001
275 590 1001
373 830 1001
122 977 1001
145 699 1001
308 844 1001
15 953 1001
7 836 1001
206 710 1001
789 915 1001
97 895 1001
18 348 1000
51 376 1001
256 269 1001
857 967 1001
668 821 1001
664 810 1001
406 892 1001
69 854 1001
345 978 1001
95 423 1001
759 786 1001
105 165 1001
90 607 1001
2 417 1000
352 394 1001
188 308 1001
309 472 1001
335 726 1001
696 845 1001
21 849 1001
73 627 1001
435 480 1001
250 731 1000
629 813 1001
355 580 1001
51 699 1001
236 459 1001
220 429 1001
146 383 1001
86 139 1001
279 560 1000
264 504 1001
474 665 1001
405 745 1001
58 694 1001
592 674 1001
65 448 1000
431 925 1001
407 466 1001
538 643 1001
599 656 1001
95 306 1001
113 944 1001
221 485 1001
51 964 1001
7 296 1001
296 559 1000
20 665 1001
133 392 1001
60 422 1001
82 866 1001
357 908 1001
120 389 1001
51 247 1001
494 901 1001
273 514 1001
542 639 1001
150 366 1001
348 755 1001
77 867 1001
171 456 1000
262 949 1001
328 473 1001
34 272 1001
113 894 1001
764 881 1001
612 785 1001
283 969 1001
230 253 1000
2 991 1001
21 299 1001
457 859 1001
373 694 1001
190 945 1001
347 616 1001
311 608 1001
265 901 1001
56 409 1001
262 416 1001
401 743 1001
387 885 1001
215 382 1001
94 826 1001
6 602 1000
407 899 1001
285 303 1001
618 850 1001
415 951 1001
254 436 1001
795 853 1001
15 865 1001
540 719 1001
265 847 1001
737 840 1000
195 740 1001
712 943 1001
125 547 1001
577 602 1001
380 483 1001
436 582 1001
78 282 1001
42 293 1001
257 793 1000
178 514 1001
572 629 1001
516 836 1001
274 849 1001
29 63 1001
80 173 1000
662 759 1001
187 766 1001
223 584 1001
269 689 1001
468 500 1001
921 934 1001
889 903 1001
270 672 1001
50 306 1001
183 331 1001
9 797 1001
111 191 1001
727 916 1001
150 306 1001
445 896 1001
854 964 1001
457 871 1001
367 476 1001
107 116 1001
264 458 1001
434 931 1001
709 954 1001
365 654 1001
8 22 1000
248 917 1001
300 669 1001
495 942 1001
251 379 1001
486 751 1001
71 486 1001
154 846 1001
354 931 1001
459 985 1001
844 861 1001
579 930 1001
180 583 1001
222 684 1001
154 532 1001
366 723 1001
315 644 1001
434 676 1001
524 549 1001
283 294 1001
291 563 1001
76 985 1001
670 878 1001
528 677 1001
665 895 1001
116 808 1001
290 736 1001
113 453 1001
533 839 1001
670 993 1001
622 785 1001
414 977 1001
457 853 1000
163 800 1001
343 967 1001
580 950 1001
259 305 1001
467 751 1001
507 582 1001
612 990 1001
544 697 1001
177 657 1001
176 468 1001
735 962 1001
499 710 1001
662 725 1001
10 943 1001
335 553 1001
135 829 1001
519 654 1001
148 414 1001
390 850 1001
320 971 1001
124 586 1001
78 244 1001
875 969 1001
223 384 1001
308 466 1001
78 417 1001
32 723 1001
123 151 1001
273 962 1001
319 468 1001
244 520 1001
818 861 1001
707 965 1001
104 553 1001
387 872 1001
417 423 1001
134 910 1001
155 312 1001
434 639 1001
172 854 1001
92 457 1001
898 922 1001
603 951 1001
481 983 1001
246 337 1001
548 607 1001
155 878 1001
537 573 1001
152 158 1001
50 466 1001
222 518 1001
568 571 1000
729 732 1001
277 757 1001
636 943 1001
533 697 1001
696 753 1001
277 786 1001
92 662 1001
275 376 1001
329 443 1001
375 551 1001
636 756 1001
865 871 1001
83 834 1001
199 947 1001
504 535 1001
318 496 1001
411 628 1001
3 468 1001
84 252 1000
327 505 1001
483 889 1001
166 992 1001
84 859 1001
604 866 1001
352 698 1001
276 990 1001
71 968 1001
263 310 1001
311 344 1001
153 277 1001
69 652 1001
133 835 1001
242 945 1001
476 851 1001
520 607 1001
185 906 1001
419 509 1001
625 917 1001
57 167 1000
314 906 1001
74 417 1000
337 917 1000
25 215 1001
212 487 1001
58 314 1001
629 902 1001
70 764 1000
525 630 1001
629 783 1001
59 957 1001
638 841 1001
351 942 1001
220 447 1001
132 879 1001
207 668 1001
279 908 1001
311 947 1001
516 939 1001
384 934 1001
185 374 1001
207 642 1001
127 614 1001
187 674 1001
77 807 1001
393 787 1001
551 617 1001
281 422 1001
71 315 1001
231 634 1001
443 860 1001
151 925 1001
207 444 1001
631 717 1000
259 757 1001
69 328 1001
311 632 1001
64 686 1001
151 913 1001
326 355 1001
256 607 1001
55 875 1001
188 387 1001
205 426 1001
325 863 1001
26 213 1001
449 917 1001
540 743 1001
34 509 1001
474 714 1001
386 761 1001
414 792 1001
379 456 1001
211 219 1001
159 264 1001
536 814 1001
4 360 1001
568 947 1001
835 971 1001
116 146 1001
275 631 1001
322 996 1001
605 676 1001
532 819 1001
8 309 1001
50 398 1000
528 974 1001
283 307 1001
358 801 1000
550 793 1001
96 465 1001
286 701 1000
295 615 1001
316 975 1001
521 527 1000
97 219 1001
307 929 1001
969 976 1001
149 462 1001
300 822 1000
231 446 1001
658 925 1001
368 529 1001
29 319 1001
362 558 1000
789 996 1001
34 466 1001
165 221 1001
608 676 1001
15 671 1001
637 917 1001
105 213 1001
164 981 1001
695 857 1001
670 922 1001
811 904 1001
473 697 1001
244 246 1001
125 296 1001
103 481 1001
843 845 1001
675 926 1001
821 963 1001
297 327 1001
64 813 1001
583 655 1001
198 504 1001
196 290 1001
275 460 1001
294 405 1001
451 537 1000
461 724 1001
424 730 1000
465 631 1001
61 857 1001
151 936 1001
533 685 1001
665 904 1001
387 497 1001
35 281 1001
482 979 1001
415 873 1001
261 382 1001
21 402 1001
626 665 1001
42 504 1001
583 889 1001
595 708 1001
822 964 1001
557 688 1001
95 532 1001
489 696 1001
801 866 1001
142 682 1001
672 809 1001
122 250 1001
276 407 1001
709 931 1000
21 544 1001
304 501 1000
412 528 1001
349 805 1001
443 487 1001
103 586 1001
613 732 1001
190 577 1001
218 531 1000
484 759 1001
961 996 1001
162 459 1001
38 344 1001
384 651 1001
305 387 1001
703 855 1001
552 678 1000
50 694 1001
163 782 1001
244 288 1001
491 558 1001
147 404 1001
9 431 1001
578 752 1001
511 888 1001
492 987 1001
46 933 1001
175 687 1001
378 605 1001
42 263 1001
627 654 1001
506 850 1001
152 399 1001
574 769 1001
60 689 1000
172 449 1001
198 673 1001
337 610 1000
546 919 1001
146 274 1001
181 541 1001
19 111 1001
85 771 1001
354 553 1001
89 101 1001
151 583 1001
400 438 1001
325 761 1001
122 861 1001
719 786 1001
209 417 1001
204 365 1001
28 456 1001
719 798 1001
576 661 1001
66 108 1001
440 645 1001
57 911 1001
602 928 1001
297 729 1001
166 280 1001
351 864 1001
474 872 1001
768 910 1001
657 858 1001
105 569 1000
297 974 1001
401 940 1001
480 809 1001
367 524 1000
564 689 1001
274 838 1001
311 688 1001
228 775 1001
42 464 1001
449 950 1001
613 795 1000
590 647 1001
260 521 1001
9 831 1001
292 911 1001
220 751 1001
485 557 1001
213 758 1001
406 550 1001
323 528 1000
473 490 1001
305 661 1001
181 502 1000
455 830 1001
824 856 1001
496 673 1001
568 647 1001
391 891 1001
351 589 1001
78 793 1001
157 988 1000
210 489 1001
154 738 1001
293 334 1001
208 384 1001
371 385 1001
175 348 1001
289 962 1001
55 192 1000
605 609 1001
210 573 1001
185 927 1001
304 773 1001
545 876 1001
41 999 1001
723 793 1001
551 565 1001
217 843 1001
493 546 1001
614 669 1001
472 859 1001
902 977 1001
223 622 1000
141 760 1001
494 544 1001
479 819 1001
0 644 1001
705 943 1001
558 678 1001
241 736 1001
245 789 1001
593 906 1001
165 726 1001
100 525 1001
132 268 1000
73 905 1001
596 763 1001
242 774 1001
4 219 1001
671 930 1001
163 386 1000
459 973 1001
397 574 1001
77 213 1001
544 887 1001
757 931 1001
129 294 1001
712 916 1001
306 842 1001
762 975 1001
526 761 1001
388 973 1001
553 998 1001
18 177 1001
284 732 1001
582 835 1001
528 849 1001
855 984 1000
138 820 1000
7 323 1001
678 867 1001
14 256 1001
300 491 1001
530 587 1001
25 116 1001
719 728 1001
126 354 1001
675 869 1001
583 833 1001
143 709 1000
651 890 1001
467 615 1001
143 379 1001
57 875 1001
154 567 1000
310 655 1001
572 958 1001
129 622 1001
789 931 1001
31 634 1001
17 657 1001
622 745 1001
585 766 1001
24 654 1001
577 855 1001
582 963 1001
515 761 1001
88 320 1001
562 724 1001
48 579 1001
50 594 1001
226 846 1001
525 880 1001
541 561 1001
259 761 1001
670 732 1001
473 611 1000
205 529 1001
266 597 1001
754 920 1001
504 839 1001
686 752 1001
4 698 1001
277 979 1001
155 433 1001
313 801 1001
49 508 1000
154 378 1001
295 369 1001
5 706 1001
520 794 1001
32 612 1001
666 978 1001
352 719 1001
74 353 1000
234 367 1001
53 554 1001
476 715 1001
409 741 1001
204 394 1001
426 687 1001
473 895 1000
390 593 1001
1 698 1001
385 706 1001
216 558 1001
201 361 1001
201 259 1001
813 868 1000
550 754 1001
575 756 1001
139 140 1001
510 999 1001
199 619 1001
133 540 1001
305 460 1000
184 789 1001
374 724 1001
67 702 1001
419 554 1000
328 594 1001
110 955 1001
373 600 1001
765 865 1001
256 587 1001
46 266 1001
144 604 1001
83 442 1001
168 827 1001
293 959 1001
598 674 1001
445 783 1001
672 788 1001
537 577 1000
193 380 1001
578 880 1001
224 616 1000
673 773 1001
908 965 1001
97 110 1001
209 656 1001
446 943 1001
179 904 1001
71 266 1001
618 735 1001
141 765 1001
376 543 1001
505 537 1001
736 929 1001
345 949 1001
586 683 1001
230 675 1001
535 810 1001
445 833 1001
552 832 1000
37 633 1001
543 760 1001
29 591 1001
457 658 1001
129 898 1001
78 400 1001
684 982 1001
562 633 1000
188 811 1001
58 700 1001
298 799 1001
558 913 1001
220 784 1001
696 816 1001
205 218 1001
253 728 1001
673 727 1001
753 885 1001
38 156 1001
887 991 1001
406 797 1001
56 650 1001
335 377 1001
257 857 1001
422 787 1001
75 90 1001
49 543 1001
268 674 1001
122 594 1001
413 696 1001
199 331 1001
49 143 1001
807 847 1001
438 720 1001
717 939 1001
859 946 1001
9 624 1001
110 500 1001
690 769 1001
893 993 1001
650 735 1001
7 257 1001
62 241 1001
485 535 1001
146 889 1001
438 444 1001
248 448 1001
16 155 1001
183 243 1001
936 996 1000
732 878 1001
487 784 1001
559 651 1001
379 740 1001
890 933 1001
397 782 1001
180 390 1001
161 250 1000
808 858 1001
221 743 1001
20 940 1001
79 203 1001
108 702 1001
288 542 1001
309 583 1001
594 846 1001
517 808 1001
515 678 1000
218 250 1001
139 368 1001
217 712 1001
120 795 1001
472 860 1001
811 918 1001
392 842 1000
843 922 1001
766 781 1001
228 518 1001
654 793 1001
367 702 1001
190 841 1001
246 264 1001
193 196 1001
519 768 1001
186 869 1001
755 869 1001
910 912 1001
80 835 1001
44 642 1001
327 713 1000
187 346 1001
15 343 1001
790 989 1001
293 513 1001
488 976 1001
1 635 1001
221 389 1001
808 905 1001
426 839 1001
42 388 1001
385 465 1001
589 712 1001
8 902 1001
292 966 1001
543 821 1001
403 405 1001
136 975 1001
557 838 1001
143 231 1001
191 317 1001
90 315 1001
634 948 1001
637 738 1001
65 406 1001
145 614 1001
91 705 1001
456 744 1001
760 814 1000
830 918 1001
171 640 1001
616 638 1001
166 865 1001
470 818 1001
48 746 1000
723 870 1001
228 880 1001
612 666 1001
3 67 1001
69 312 1001
799 993 1001
260 306 1001
353 388 1001
286 388 1001
3 282 1001
876 917 1001
347 993 1000
96 719 1001
568 809 1001
229 533 1000
161 177 1001
256 630 1001
48 204 1001
607 906 1001
397 633 1001
227 738 1001
550 873 1001
492 634 1001
55 350 1000
220 971 1001
339 681 1001
413 434 1001
220 576 1001
430 728 1001
204 914 1001
550 896 1001
115 950 1001
25 871 1001
12 893 1001
92 710 1001
5 826 1001
10 755 1001
412 953 1001
142 404 1001
155 404 1001
521 898 1001
413 568 1001
360 750 1001
370 453 1001
601 997 1000
752 811 1001
653 983 1001
388 676 1001
113 221 1001
1 430 1001
665 867 1001
384 555 1001
299 710 1001
424 701 1000
314 326 1001
227 472 1001
546 692 1001
242 380 1001
371 950 1001
241 888 1001
50 145 1001
103 944 1001
939 953 1001
372 861 1001
51 916 1001
293 988 1001
224 286 1001
49 345 1001
71 405 1001
553 847 1001
3 55 1001
80 274 1000
205 368 1001
626 937 1001
444 645 1000
95 683 1001
169 651 1001
24 477 1001
17 476 1001
222 596 1001
28 705 1001
563 963 1001
7 141 1001
214 712 1001
239 789 1001
19 485 1001
0 372 1000
594 791 1001
46 527 1001
215 509 1001
55 333 1001
724 953 1001
314 352 1001
485 793 1001
524 729 1001
891 942 1001
269 798 1000
30 617 1001
28 210 1001
106 133 1001
360 763 1001
386 894 1000
127 674 1001
913 923 1001
262 812 1001
488 670 1001
165 728 1001
385 913 1001
707 851 1001
104 211 1001
555 649 1001
433 720 1001
314 589 1001
486 962 1001
86 235 1001
104 934 1000
223 799 1001
131 869 1000
380 731 1001
374 485 1001
704 748 1001
341 871 1001
187 532 1000
191 443 1001
804 940 1001
526 787 1001
396 523 1001
195 607 1001
337 501 1001
55 976 1001
105 118 1001
164 458 1001
292 663 1001
126 680 1001
70 986 1001
68 175 1000
163 166 1001
174 446 1001
270 880 1001
11 409 1001
151 966 1001
572 959 1001
258 671 1000
35 695 1001
5 613 1000
778 866 1001
171 632 1001
876 882 1001
105 608 1000
221 416 1001
224 441 1001
2 489 1001
562 586 1000
816 928 1001
772 845 1001
726 913 1001
104 948 1001
382 824 1001
540 921 1001
247 985 1001
382 703 1001
246 410 1001
310 854 1001
536 949 1001
7 688 1001
367 906 1001
336 380 1001
171 712 1001
492 910 1001
200 753 1001
621 778 1001
291 551 1001
282 492 1001
318 375 1001
136 810 1001
61 113 1001
253 924 1000
100 725 1001
181 813 1001
643 804 1001
857 984 1001
11 393 1001
759 776 1001
620 996 1001
534 573 1001
173 450 1001
105 458 1001
64 636 1001
467 849 1001
155 610 1001
136 753 1001
676 965 1001
272 445 1001
119 898 1000
660 843 1001
610 690 1000
285 800 1001
825 896 1001
152 350 1001
425 717 1001
347 545 1001
402 727 1001
688 717 1001
112 724 1000
632 789 1001
7 39 1001
819 864 1001
197 525 1001
572 750 1001
217 661 1001
197 211 1001
150 305 1001
242 340 1001
369 835 1001
550 666 1001
258 853 1000
360 854 1001
250 471 1001
210 642 1001
302 873 1001
752 871 1001
893 980 1001
182 405 1001
32 319 1001
163 872 1001
645 817 1001
55 821 1001
376 534 1001
703 881 1001
284 967 1001
315 578 1001
332 954 1001
417 433 1001
702 785 1001
3 186 1001
309 658 1001
186 194 1001
221 258 1001
226 438 1001
165 786 1000
193 329 1001
305 701 1001
260 444 1001
482 646 1001
29 414 1001
340 664 1001
607 688 1001
612 657 1001
403 897 1001
69 771 1000
168 350 1001
321 344 1000
299 392 1001
796 862 1001
311 840 1001
242 360 1001
93 773 1001
298 373 1001
12 731 1001
217 668 1001
245 728 1001
423 574 1001
600 810 1001
325 914 1001
516 618 1001
226 674 1001
630 646 1001
367 905 1001
373 922 1001
630 764 1001
260 971 1001
592 939 1001
109 441 1001
226 664 1001
416 511 1001
326 890 1001
475 699 1001
247 906 1001
213 478 1001
373 874 1001
91 525 1001
36 147 1001
219 320 1001
106 195 1001
77 87 1001
676 713 1001
314 859 1001
19 126 1001
389 819 1001
284 294 1001
25 842 1001
254 453 1001
355 956 1001
483 964 1001
363 793 1001
635 757 1001
193 861 1001
637 708 1001
306 422 1001
630 824 1001
100 837 1001
791 885 1000
497 905 1001
731 781 1001
508 819 1001
627 937 1001
302 860 1001
289 779 1001
604 700 1001
580 889 1001
752 837 1001
147 903 1001
391 781 1001
38 270 1001
75 893 1001
43 192 1001
411 540 1001
871 880 1001
208 881 1001
624 741 1001
202 980 1001
121 606 1001
719 790 1001
94 355 1001
288 790 1001
8 35 1001
492 863 1001
411 646 1001
408 966 1001
484 996 1000
20 967 1001
571 787 1000
352 826 1001
206 806 1001
217 315 1001
124 871 1001
141 653 1000
62 999 1001
4 452 1001
187 995 1001
674 920 1001
712 730 1001
110 511 1001
348 676 1001
308 471 1001
74 425 1001
539 599 1000
266 923 1001
652 907 1001
905 914 1001
261 373 1001
197 559 1001
242 644 1001
414 825 1001
267 731 1001
50 608 1001
808 813 1001
552 782 1001
143 630 1001
96 477 1001
328 707 1001
617 693 1001
794 996 1000
187 383 1000
267 987 1001
494 580 1001
508 755 1001
598 802 1001
636 680 1001
706 796 1001
420 538 1000
360 449 1001
314 737 1001
711 887 1001
407 435 1001
630 676 1001
298 472 1001
329 457 1001
328 596 1001
194 633 1001
361 434 1001
318 864 1001
179 926 1001
258 389 1001
220 670 1001
5 260 1001
233 647 1001
410 635 1001
923 955 1001
3 395 1001
83 296 1001
303 336 1001
419 711 1001
615 891 1001
123 413 1001
538 602 1001
162 422 1001
893 986 1001
506 919 1001
77 372 1001
746 976 1001
18 56 1001
326 934 1001
12 183 1001
254 792 1001
72 549 1001
161 935 1001
666 895 1001
72 687 1001
250 760 1001
60 781 1000
572 688 1001
829 986 1001
571 824 1001
8 159 1001
8 496 1001
443 948 1001
623 830 1000
138 369 1000
154 894 1001
674 961 1001
542 714 1001
557 944 1000
371 657 1001
275 562 1001
77 927 1001
232 558 1001
211 761 1001
393 561 1000
199 236 1001
382 605 1001
242 598 1001
106 388 1001
128 749 1000
534 958 1001
664 944 1001
42 248 1001
512 514 1001
107 922 1001
181 558 1001
248 560 1001
372 413 1001
134 164 1001
757 794 1001
136 397 1001
113 140 1001
522 670 1001
691 868 1001
772 795 1001
245 681 1000
423 838 1001
193 395 1000
615 654 1001
239 432 1001
615 853 1001
177 998 1001
9 818 1001
174 999 1001
136 863 1000
11 275 1001
279 824 1001
94 946 1001
98 911 1001
756 768 1001
406 504 1001
485 895 1001
52 271 1001
789 816 1001
861 908 1001
468 597 1001
193 912 1001
14 982 1001
450 466 1001
719 826 1001
248 536 1001
929 961 1001
205 601 1001
818 847 1001
288 512 1001
158 180 1000
293 382 1001
591 892 1001
71 517 1001
278 578 1001
787 999 1001
73 544 1001
125 657 1001
701 997 1001
5 675 1001
652 838 1001
140 403 1001
866 881 1001
326 876 1001
261 793 1001
27 255 1001
400 671 1001
677 959 1001
539 558 1001
380 596 1001
573 895 1001
820 824 1001
310 678 1001
125 127 1001
471 954 1001
71 770 1001
201 940 1001
203 358 1001
673 996 1001
524 702 1000
311 694 1001
627 671 1001
832 941 1001
333 379 1001
389 438 1001
257 597 1001
209 293 1001
199 233 1001
214 476 1001
257 853 1001
414 963 1001
685 787 1001
356 675 1001
255 638 1000
661 858 1001
110 599 1001
508 559 1001
239 919 1001
325 692 1001
104 828 1001
52 402 1001
398 840 1001
202 519 1001
551 887 1000
175 361 1001
56 644 1001
267 889 1001
366 545 1001
641 793 1001
82 263 1001
110 533 1001
673 886 1001
464 686 1001
159 617 1001
477 490 1001
309 897 1001
262 750 1001
179 808 1001
544 772 1001
21 271 1001
714 778 1000
39 220 1000
468 954 1001
830 866 1001
313 462 1001
183 574 1001
95 928 1001
802 912 1001
614 768 1001
154 907 1000
23 770 1001
105 607 1000
313 855 1001
331 851 1001
244 350 1001
330 523 1001
48 320 1001
24 162 1001
842 846 1001
206 993 1001
82 669 1001
298 342 1001
116 746 1000
263 442 1001
729 734 1001
246 528 1001
447 788 1001
38 881 1001
132 246 1001
618 800 1001
634 725 1001
232 506 1001
396 949 1001
247 445 1001
102 370 1001
91 910 1001
420 824 1001
179 284 1001
244 428 1001
272 940 1001
482 647 1001
361 658 1001
254 576 1001
115 318 1001
844 883 1001
235 387 1001
389 519 1000
950 966 1001
52 461 1001
507 669 1001
91 879 1001
367 893 1001
460 622 1001
417 650 1001
0 495 1001
473 630 1001
158 809 1001
840 999 1001
371 900 1001
164 611 1001
299 307 1001
416 995 1001
8 500 1001
232 860 1000
903 961 1001
767 976 1001
86 258 1000
294 707 1001
52 648 1001
197 973 1001
295 696 1001
860 975 1001
391 971 1001
226 504 1001
300 985 1001
270 985 1001
95 455 1001
621 994 1001
125 157 1001
463 639 1001
625 678 1001
660 796 1001
223 416 1001
124 823 1001
268 286 1001
45 460 1001
59 154 1001
215 666 1001
520 797 1001
311 511 1001
279 995 1001
504 997 1001
186 747 1001
169 275 1001
921 995 1001
186 388 1001
405 719 1001
227 415 1001
589 657 1001
324 570 1000
6 376 1001
139 164 1001
699 918 1001
394 792 1001
942 971 1001
784 845 1001
447 707 1001
13 454 1001
57 275 1001
495 688 1001
759 914 1001
396 721 1000
131 349 1001
159 708 1001
187 943 1001
346 599 1001
210 979 1001
639 878 1001
98 353 1000
34 809 1001
183 863 1001
669 746 1001
317 406 1001
195 316 1001
331 646 1001
19 183 1001
721 770 1001
429 845 1001
423 961 1001
47 510 1001
56 754 1001
28 217 1001
170 290 1001
136 208 1001
855 963 1000
249 318 1000
304 815 1001
125 625 1001
420 894 1001
102 544 1001
254 269 1001
56 858 1001
320 555 1001
160 266 1001
100 616 1001
414 435 1001
271 327 1001
497 995 1001
210 481 1001
154 487 1001
425 815 1001
591 772 1001
596 910 1001
511 760 1001
268 957 1001
143 214 1000
10 990 1001
127 990 1001
31 103 1001
50 492 1001
278 750 1001
279 363 1000
71 634 1001
151 707 1001
249 805 1001
112 453 1001
170 491 1001
294 535 1001
18 358 1001
289 328 1001
876 954 1001
330 353 1001
90 175 1001
281 383 1001
117 766 1001
30 160 1001
783 959 1001
630 770 1001
327 596 1001
82 857 1001
453 687 1000
279 997 1001
209 218 1000
461 494 1001
426 561 1001
263 541 1001
475 530 1001
136 875 1001
378 909 1001
433 708 1001
563 715 1000
139 329 1001
159 794 1001
0 129 1001
791 986 1001
72 164 1001
317 855 1001
58 939 1001
632 787 1001
129 633 1001
346 433 1001
461 776 1001
266 433 1001
437 697 1001
617 740 1001
117 885 1001
644 787 1001
388 467 1001
68 692 1001
31 362 1001
42 654 1001
184 817 1001
263 267 1001
16 427 1001
206 793 1001
229 594 1001
651 820 1001
409 758 1001
572 904 1001
695 939 1001
340 623 1001
223 804 1000
156 198 1001
502 710 1001
323 403 1001
325 865 1001
59 619 1001
