100 4950
32 47 2
78 98 9
14 76 6
79 89 9
53 79 10
18 71 7
14 24 7
7 8 1
11 30 3
6 90 5
30 74 2
6 74 2
12 89 4
17 64 1
75 86 7
7 75 7
68 96 9
69 87 11
16 30 4
50 74 7
10 77 3
79 98 2
94 99 10
16 55 6
16 27 10
93 94 2
2 18 11
0 1 7
8 60 3
37 69 2
28 67 2
15 17 4
12 34 11
11 41 10
60 81 6
97 98 10
64 84 9
35 70 3
37 53 1
52 60 2
63 71 3
45 89 4
21 56 9
17 34 7
23 75 4
5 44 11
15 81 8
6 98 3
87 90 9
30 80 2
89 98 7
18 32 11
18 21 7
26 73 3
40 71 2
0 65 5
31 34 7
35 71 5
18 23 10
4 94 10
51 89 9
11 13 8
22 44 8
30 62 11
22 96 10
72 84 7
67 99 2
16 35 4
7 29 6
7 44 8
45 60 4
3 26 2
26 86 5
30 41 9
22 24 4
58 63 8
13 99 7
71 73 5
49 79 4
49 92 2
20 68 4
2 71 6
23 41 4
9 25 9
35 47 2
55 89 9
0 23 11
5 35 7
5 17 1
16 53 11
28 83 9
40 83 10
40 77 8
4 35 3
3 96 11
9 42 8
44 60 6
7 99 7
50 95 11
81 92 6
28 42 1
19 57 10
1 58 5
10 87 1
29 63 10
12 98 3
64 74 8
83 92 10
41 76 5
56 62 7
44 69 5
5 69 4
28 66 8
2 72 8
46 85 1
9 29 6
10 65 3
0 40 3
64 91 7
17 65 8
13 47 11
48 96 8
1 57 8
1 8 4
61 83 10
3 20 8
17 57 10
11 80 10
52 80 7
78 99 6
4 6 4
57 71 3
13 66 8
75 94 6
74 81 5
3 66 1
18 22 3
82 93 6
5 42 4
61 64 8
51 96 1
0 3 8
39 60 6
18 54 7
66 70 4
46 77 11
10 74 3
19 68 4
41 69 1
8 81 5
11 93 3
86 87 2
49 51 9
31 40 9
9 44 7
31 94 3
68 89 4
27 90 10
18 94 9
2 34 4
8 69 6
33 37 4
3 16 4
43 51 3
7 60 2
82 94 2
40 45 8
36 42 8
91 98 5
43 69 4
44 66 4
35 73 2
11 63 2
65 96 7
54 75 4
23 92 3
54 97 11
9 62 7
26 82 2
55 74 11
60 97 3
9 43 7
14 22 6
4 17 9
35 67 11
79 81 10
42 94 10
82 85 1
32 63 5
28 45 2
12 60 8
42 84 4
5 85 5
51 83 11
1 93 8
12 65 11
22 71 9
35 36 5
51 73 3
3 28 11
40 96 1
64 96 3
84 99 11
43 46 7
9 79 4
9 31 3
28 31 3
37 78 10
65 66 8
22 47 3
10 75 4
10 48 1
35 77 11
22 52 5
46 48 7
31 42 9
6 22 10
46 74 3
15 43 5
79 88 6
7 32 8
69 81 3
61 99 4
51 95 10
6 29 2
28 92 1
40 70 1
39 90 1
15 85 1
10 72 1
83 84 9
38 42 4
31 95 10
32 59 7
12 81 2
8 80 8
36 72 8
13 36 5
7 91 3
73 89 4
68 99 9
25 70 2
7 73 7
37 57 11
46 98 11
76 85 1
20 40 4
35 38 7
52 61 6
8 25 8
66 96 4
2 47 4
11 17 10
61 63 2
25 85 8
30 83 9
37 41 6
10 58 11
64 87 10
42 57 3
85 90 2
5 71 10
11 53 3
43 89 9
35 66 5
29 94 3
3 88 9
7 84 6
8 61 7
1 97 2
32 45 2
12 42 7
22 81 11
56 77 4
72 80 9
1 13 9
25 49 8
23 56 10
17 77 10
29 46 6
44 71 7
34 78 2
4 43 3
19 26 1
2 75 7
86 88 9
71 95 5
72 76 7
48 83 3
33 56 8
2 7 2
18 51 1
4 72 8
8 95 8
4 41 9
6 57 6
0 35 4
21 41 2
59 63 6
3 62 2
18 69 5
11 81 1
41 95 10
7 59 1
37 40 7
17 30 6
43 60 3
49 65 11
69 85 8
21 33 4
26 97 5
17 47 2
16 59 2
10 61 11
52 98 11
24 64 5
50 75 2
42 99 4
25 40 11
5 38 9
21 57 2
41 59 5
11 76 8
68 70 2
87 97 1
31 90 8
22 97 11
63 75 8
4 87 6
23 84 10
52 62 7
45 95 11
18 34 3
8 39 6
32 78 7
57 83 5
0 52 5
49 88 11
10 24 6
4 57 6
28 52 4
51 68 3
7 42 2
66 77 3
0 2 10
45 74 2
37 74 4
38 94 2
4 20 6
30 45 8
28 90 8
63 70 6
65 67 1
68 71 5
6 75 11
32 81 6
65 85 4
26 47 8
43 48 3
50 76 6
3 74 3
10 23 7
60 62 11
4 48 5
28 49 11
35 65 10
32 39 1
8 27 5
17 95 4
38 47 10
44 88 10
1 50 5
53 83 9
7 48 6
37 85 6
25 37 1
21 84 1
14 16 1
36 37 6
9 90 9
0 38 2
25 87 10
36 39 3
57 85 7
79 99 7
44 86 9
60 86 5
36 98 7
23 88 5
54 87 7
18 97 7
51 64 2
97 99 10
15 30 3
9 89 8
6 80 1
85 87 10
10 41 2
36 73 10
28 57 7
14 96 11
52 57 4
48 64 4
28 54 7
10 42 6
21 59 3
48 69 2
39 84 4
26 35 1
54 77 8
59 88 5
32 35 4
3 48 3
33 79 11
48 51 7
4 12 6
5 48 7
27 48 5
49 87 1
54 71 10
80 85 5
19 80 9
54 98 3
11 23 1
6 41 6
3 79 3
6 66 11
19 95 11
14 79 3
22 49 11
3 72 7
9 20 11
21 55 10
45 76 9
36 63 5
3 47 2
26 58 11
12 30 6
17 82 8
61 75 11
28 30 6
32 65 3
15 89 4
14 28 2
3 41 8
1 47 3
18 61 8
56 97 9
4 26 10
38 39 8
25 88 5
79 92 5
67 90 8
30 93 4
62 66 2
15 66 10
85 89 8
47 54 4
13 28 7
45 65 1
85 93 7
0 63 4
40 51 9
12 19 11
9 91 8
10 13 4
15 50 5
33 46 11
62 73 6
35 90 3
58 78 9
24 68 11
3 12 6
13 27 6
42 56 8
27 50 9
24 55 10
35 55 6
51 54 2
21 24 9
16 17 7
18 64 3
55 59 10
80 99 9
30 37 7
21 77 9
78 89 3
41 82 4
36 94 1
0 88 6
6 19 9
7 34 3
76 89 7
18 28 1
12 35 4
8 91 6
6 28 5
38 60 11
19 50 10
59 96 6
6 43 4
50 59 2
23 37 2
21 52 11
0 64 7
26 59 4
20 57 11
21 92 3
36 69 1
42 90 9
11 78 5
54 81 2
16 45 5
70 88 11
31 51 8
13 41 4
46 63 8
13 52 10
65 80 11
71 86 3
57 84 2
5 91 11
55 63 11
11 22 9
51 92 8
44 51 3
38 84 4
62 87 3
17 66 11
47 65 6
33 59 3
67 78 5
48 89 6
1 83 10
12 43 3
64 68 5
43 68 3
63 74 10
26 87 2
33 34 2
42 46 8
9 71 5
84 89 11
62 79 1
64 70 9
11 39 2
8 47 5
2 79 4
6 85 11
5 52 8
17 70 4
22 29 11
2 83 4
19 64 4
46 76 10
70 74 3
49 78 1
6 40 7
20 62 8
45 51 4
46 54 2
23 89 4
55 68 5
67 70 9
15 26 10
56 71 2
85 91 7
86 97 11
73 84 10
2 13 6
35 37 10
13 23 4
37 83 7
1 6 10
21 81 1
31 71 9
13 30 1
4 80 8
17 56 3
32 95 7
66 68 5
80 92 7
19 74 1
5 77 6
65 86 6
15 49 2
11 52 11
1 35 11
62 78 10
66 87 5
35 98 8
13 56 6
1 18 5
76 82 7
18 92 11
27 87 7
15 70 3
78 96 5
7 64 8
12 27 1
53 63 4
7 67 11
14 63 5
9 52 9
64 93 11
12 18 7
40 80 8
67 82 11
37 73 10
48 65 5
31 44 3
20 93 1
64 94 2
36 51 3
85 92 6
24 50 6
20 74 7
23 81 3
28 88 3
11 88 6
27 67 3
32 37 2
25 72 11
45 80 4
29 51 9
18 46 1
6 84 3
61 95 6
37 62 11
57 95 1
46 62 2
29 42 11
10 26 7
22 48 4
51 86 8
41 98 3
31 73 1
44 48 6
63 66 8
72 73 4
36 62 10
9 59 5
22 98 2
4 73 9
1 75 4
34 57 10
2 82 5
56 64 10
11 83 4
23 54 7
26 39 10
42 87 3
43 64 1
27 81 9
42 44 9
75 80 4
10 11 4
49 50 3
64 95 3
19 66 10
8 50 5
26 43 11
70 87 10
38 72 1
36 53 9
35 41 9
23 76 1
2 38 11
1 43 3
54 91 3
5 61 9
1 17 8
19 89 9
23 80 2
3 22 7
58 92 11
34 80 8
34 59 8
12 59 4
9 88 6
14 62 2
46 60 7
27 82 3
5 79 9
21 78 4
52 92 10
28 84 4
12 41 5
28 60 6
15 94 1
54 69 9
7 35 2
6 64 7
2 77 1
51 71 8
12 75 11
23 93 6
51 88 5
72 79 11
10 99 4
51 97 4
16 90 6
81 94 9
36 96 3
22 86 2
42 47 6
83 99 6
21 31 1
2 63 6
71 80 9
96 99 1
47 85 8
14 83 8
60 93 1
47 96 1
0 50 5
47 73 11
2 88 10
24 93 7
10 45 10
17 63 1
33 89 4
73 95 6
27 56 8
58 89 9
32 99 5
37 54 7
69 73 7
28 63 10
28 99 4
14 60 11
52 70 6
13 15 10
44 52 4
61 88 7
4 21 10
9 78 5
3 60 8
10 32 10
5 15 3
10 53 1
20 88 7
27 36 7
68 87 5
31 60 9
4 46 2
28 77 2
31 36 8
32 86 9
45 69 6
14 54 11
14 19 7
12 66 9
47 67 8
12 31 4
70 79 6
38 68 1
16 62 8
57 82 5
58 80 9
5 70 9
0 22 11
6 30 8
40 46 5
58 65 1
33 92 9
10 73 7
7 13 4
65 93 1
37 63 8
16 37 1
32 96 10
10 76 4
23 30 2
34 41 3
50 71 9
14 89 2
73 81 1
25 34 3
0 86 11
10 56 3
0 11 7
15 87 6
85 99 7
14 59 4
34 58 9
26 34 1
17 76 9
59 86 5
66 86 11
32 88 8
61 77 9
17 42 9
36 38 8
15 42 9
51 58 4
94 95 1
0 96 2
40 86 10
54 67 3
11 96 11
58 90 10
27 39 7
33 53 9
45 88 6
24 94 11
3 57 9
20 34 11
0 36 7
2 39 2
51 82 8
78 85 9
24 73 1
25 74 11
56 89 2
0 24 7
33 68 3
58 73 5
12 53 1
54 61 10
16 58 7
59 72 3
21 42 5
3 90 11
40 60 11
83 91 8
49 68 7
19 33 3
10 38 11
28 73 3
8 85 7
8 35 11
44 67 3
43 47 3
29 43 6
12 94 5
29 88 1
16 39 4
21 50 2
0 21 3
25 33 10
9 47 11
83 98 6
12 48 3
7 65 10
1 32 11
81 83 3
40 49 11
31 37 10
58 59 10
83 93 9
1 52 6
74 90 5
5 24 2
12 70 7
11 82 7
33 43 4
14 21 4
5 60 8
7 66 2
1 79 3
2 67 2
62 99 9
7 41 11
64 66 11
64 75 1
30 42 3
41 92 5
6 10 1
84 97 11
2 53 2
0 16 10
22 75 7
35 61 5
5 75 5
63 76 3
15 25 9
20 53 11
48 80 8
81 85 3
25 57 1
36 47 8
43 52 8
19 72 6
15 31 4
7 28 9
1 19 2
27 74 8
34 86 10
68 92 3
45 97 6
20 98 7
19 91 7
23 46 10
10 54 4
45 93 9
40 92 4
12 47 9
77 84 2
14 84 5
13 48 1
40 67 8
22 80 4
14 81 3
42 43 11
41 57 4
4 78 5
18 82 3
17 50 7
4 62 7
28 62 1
8 15 11
60 65 9
28 96 10
57 97 6
18 98 2
29 95 2
80 87 5
12 96 4
25 32 11
91 95 4
43 91 4
22 90 9
35 97 11
63 72 3
0 97 11
55 93 8
0 32 8
11 62 6
13 67 11
47 95 4
34 70 1
42 75 3
42 53 4
70 73 6
24 37 7
4 22 5
24 54 11
39 40 8
26 89 4
45 84 8
37 71 6
0 57 2
7 47 5
74 80 11
34 67 6
53 93 10
68 73 11
42 98 6
46 67 3
41 96 1
40 79 2
12 83 3
27 54 8
33 60 4
28 35 2
46 94 7
68 88 6
37 81 4
10 25 9
24 56 3
19 63 5
34 56 2
1 91 10
37 80 11
74 84 8
3 42 7
13 70 9
4 68 1
53 73 6
17 20 2
6 8 6
74 83 1
19 62 2
0 34 11
79 97 11
7 39 3
24 42 4
30 97 7
34 45 2
9 51 6
62 68 9
0 7 4
72 85 9
10 19 2
26 74 3
86 98 3
11 34 9
73 77 6
57 80 2
0 33 7
51 77 8
0 25 3
70 92 2
7 55 3
21 71 11
42 92 8
61 81 1
7 86 2
51 62 2
59 87 2
64 80 3
41 85 3
56 82 8
41 60 7
75 83 8
28 75 7
15 59 11
50 99 3
14 15 5
30 88 11
65 78 5
89 92 5
19 85 5
21 69 2
4 42 10
69 93 1
18 66 10
32 61 3
19 54 11
1 45 8
27 42 5
10 57 11
11 40 5
48 93 8
4 28 4
67 88 6
46 92 11
75 89 9
12 44 6
13 29 6
23 39 1
28 80 9
17 52 11
60 67 8
13 63 11
28 95 10
42 70 5
32 79 1
32 56 4
7 19 8
55 82 1
34 60 6
27 89 5
33 69 5
8 77 6
42 73 10
4 55 2
5 64 11
24 66 7
38 56 4
17 51 11
19 27 1
16 24 7
23 82 4
24 65 11
19 41 9
52 71 9
56 63 11
27 69 2
69 70 1
1 63 2
13 69 1
31 91 4
48 90 5
1 44 7
43 44 2
67 77 2
8 56 2
25 99 7
9 48 8
52 66 7
20 72 5
2 5 9
16 21 9
31 65 5
2 65 11
31 57 3
52 79 9
38 83 1
8 14 2
6 53 9
51 91 4
9 94 3
26 31 2
5 88 3
26 99 5
9 38 7
35 85 4
27 51 11
35 58 11
12 40 4
49 98 11
24 27 9
2 91 6
72 95 3
94 97 5
11 99 9
15 75 7
66 83 6
0 51 6
1 76 7
35 57 8
27 41 1
69 94 7
34 98 7
27 45 9
18 90 11
15 58 2
12 21 2
1 9 10
63 64 2
2 55 5
17 54 8
11 94 5
29 72 5
28 93 2
29 79 9
24 31 11
26 76 5
26 66 8
18 48 8
8 42 1
5 66 9
33 52 3
27 73 11
42 71 4
24 67 8
95 98 10
22 33 11
46 55 3
61 80 9
30 69 1
39 95 1
21 82 1
45 91 9
24 81 2
88 94 7
7 98 4
42 74 8
76 94 9
18 74 11
55 86 5
42 77 9
27 99 6
63 68 11
30 78 4
29 93 10
49 56 7
71 97 4
61 90 9
13 57 1
30 33 3
22 46 2
9 53 6
13 96 4
77 91 9
45 72 10
47 97 9
17 92 5
13 46 5
42 50 10
4 84 2
23 79 8
33 48 6
4 97 8
44 61 10
73 75 2
12 14 3
36 90 7
0 20 10
3 95 10
81 99 11
4 30 4
23 72 5
1 24 9
60 83 7
7 92 1
29 78 9
25 31 7
64 88 8
5 78 11
38 76 10
38 53 5
22 55 7
51 72 4
61 91 3
16 94 4
10 79 5
71 85 2
69 76 8
47 66 5
0 91 6
9 58 4
27 94 7
35 48 1
3 82 11
33 99 3
44 80 4
8 28 4
20 95 1
15 45 11
23 95 9
63 86 10
69 74 2
26 50 7
29 67 6
42 85 1
9 22 7
42 59 1
26 77 6
48 81 3
46 70 5
89 91 10
75 99 9
47 56 7
38 43 10
6 25 8
74 82 8
49 67 2
13 71 10
33 64 3
8 10 8
19 35 6
49 77 11
5 6 9
36 74 7
52 78 4
3 69 11
74 78 1
29 71 9
33 83 9
20 42 2
49 62 4
50 86 5
32 69 1
54 60 6
12 52 3
59 65 9
59 82 6
65 77 9
31 67 5
11 48 10
22 89 9
27 83 3
15 39 1
26 70 7
8 31 7
24 71 7
12 56 3
20 97 8
23 43 11
13 75 9
17 90 5
34 38 4
13 37 6
37 60 7
12 69 1
38 45 3
30 71 5
68 84 3
23 48 2
14 51 5
4 10 7
21 43 1
26 69 8
8 43 6
53 84 6
70 84 1
43 95 2
58 82 1
26 91 7
53 88 4
56 92 5
53 92 7
3 94 7
15 41 11
9 40 7
21 48 2
37 59 7
63 87 6
9 14 5
44 55 6
88 95 7
3 87 11
29 36 2
29 41 7
65 72 4
41 80 6
8 82 7
6 26 2
13 51 5
13 77 10
4 49 1
6 20 3
78 84 1
67 68 11
6 42 4
23 28 9
39 66 9
5 31 11
46 82 9
49 82 3
4 11 2
59 68 9
73 74 1
31 92 5
46 96 4
5 8 10
19 90 2
24 80 7
7 76 7
27 93 1
94 96 3
35 72 7
0 30 2
2 8 5
29 96 6
46 81 1
15 73 3
25 82 5
69 98 10
6 54 8
36 80 11
1 40 10
69 88 9
48 72 10
33 65 4
20 63 6
6 51 4
9 70 8
14 87 5
18 73 3
9 34 7
55 90 4
27 46 2
68 80 7
3 31 6
48 55 6
3 37 3
56 87 5
39 69 11
4 25 7
65 92 8
5 11 2
44 96 11
41 61 9
44 74 3
0 92 6
1 86 7
38 93 10
0 43 3
31 62 1
18 52 9
32 71 11
40 84 10
96 97 2
91 94 10
5 93 9
36 55 11
11 29 10
29 44 4
42 69 8
20 47 11
53 96 3
56 90 6
28 71 4
45 73 3
33 58 3
6 81 5
11 95 1
27 66 9
32 57 8
41 93 7
32 40 11
21 60 7
18 41 8
30 89 6
12 64 11
54 88 1
15 37 11
48 50 9
24 89 9
35 63 5
19 40 10
0 15 5
16 23 1
6 45 6
60 73 2
23 83 4
9 97 9
15 91 8
15 24 3
7 74 7
26 92 1
7 97 2
58 95 6
6 9 11
9 33 10
33 71 6
23 65 3
0 70 11
43 67 1
16 44 9
9 72 6
29 73 11
90 93 5
1 15 9
2 40 5
25 93 7
32 62 7
77 82 10
11 75 10
39 55 8
6 86 5
43 98 7
20 24 11
15 19 6
6 82 4
22 77 2
32 74 9
65 89 6
14 52 7
9 85 8
3 27 9
36 45 3
19 44 2
39 85 6
84 94 7
49 89 5
6 62 6
1 41 5
48 63 9
0 42 1
30 50 5
31 68 1
57 88 1
32 33 5
0 19 10
22 85 6
33 35 3
50 56 7
45 46 11
30 95 6
28 53 10
26 62 7
51 76 10
32 75 2
14 72 1
66 93 8
48 56 1
23 71 10
71 99 6
26 85 7
29 85 10
30 40 9
56 91 6
63 67 11
58 96 3
28 46 6
14 26 3
35 95 7
56 72 6
20 51 7
8 63 8
45 82 4
98 99 8
9 32 3
29 90 1
41 75 6
39 44 1
21 26 5
54 55 2
30 55 7
41 90 1
5 97 5
70 90 1
20 85 4
20 59 7
18 50 3
80 95 10
49 90 7
22 38 4
54 93 1
26 29 6
54 83 8
11 73 5
55 98 11
21 80 11
40 66 8
80 88 11
28 64 4
66 72 2
4 75 10
9 24 11
31 97 5
0 93 9
85 97 8
0 79 11
29 61 3
38 54 5
6 71 9
63 90 9
65 87 11
7 36 6
36 67 8
10 83 1
25 71 7
47 59 1
11 79 1
17 41 5
89 95 6
56 78 4
38 64 8
30 92 8
10 49 7
19 42 7
8 45 2
18 37 11
24 45 3
17 31 9
73 94 8
80 91 5
44 98 10
10 34 8
29 86 10
21 66 8
3 78 11
33 40 8
27 97 9
34 35 2
7 63 1
37 55 8
51 74 3
7 45 3
40 59 5
11 21 7
68 82 3
65 88 2
53 89 3
17 86 7
31 88 2
24 60 4
75 76 7
42 91 10
17 49 6
1 94 5
51 80 3
16 67 5
5 90 6
8 48 8
59 81 10
25 89 11
14 44 7
49 63 3
57 66 2
50 69 4
15 56 11
14 73 2
6 37 6
0 95 4
30 51 7
44 77 3
27 78 3
27 76 4
23 66 5
20 82 2
11 44 6
46 91 1
2 25 5
4 33 2
51 57 3
15 20 5
4 74 6
58 85 5
48 71 11
16 79 9
1 16 9
56 58 9
54 99 7
36 65 9
32 46 1
9 95 11
12 38 10
55 57 8
50 81 7
50 62 3
27 34 7
37 65 9
28 40 11
52 81 11
57 72 10
17 75 2
40 76 3
37 88 6
15 98 8
40 89 8
81 88 9
15 28 5
54 80 2
17 60 10
37 82 4
8 65 10
60 85 7
43 49 8
38 89 6
82 84 6
61 86 10
59 98 8
87 92 10
29 57 4
92 94 10
70 83 9
87 98 5
7 89 5
2 24 9
18 86 3
1 20 3
56 61 3
3 51 11
19 93 10
3 45 11
68 72 8
15 44 2
1 92 11
13 89 11
11 91 8
4 60 9
18 62 7
13 33 3
50 68 9
25 58 5
1 25 7
33 70 4
21 53 5
64 76 2
8 76 5
54 96 1
2 49 1
90 95 6
37 87 8
45 71 5
39 42 7
38 51 11
78 97 3
58 99 7
10 98 9
11 97 6
7 96 1
70 91 5
15 69 2
10 80 3
82 96 10
31 77 3
62 96 1
28 38 2
38 86 9
12 22 6
29 34 1
5 26 8
40 47 11
47 63 5
15 90 9
50 73 6
23 70 3
17 37 9
90 96 1
82 92 6
11 54 4
79 84 7
49 96 11
21 94 1
83 89 3
29 97 3
41 89 10
21 62 3
10 50 8
65 79 7
19 87 3
20 83 10
39 86 1
5 86 11
31 63 4
10 55 1
93 98 7
29 66 1
20 52 3
32 66 9
35 81 3
34 48 9
54 56 8
9 21 2
60 89 10
42 65 1
36 95 9
75 88 11
24 87 8
39 50 10
18 25 5
0 82 11
76 96 8
3 85 5
47 76 8
65 76 6
56 60 4
23 55 9
40 43 3
23 57 4
50 61 5
80 98 7
31 58 7
7 83 10
42 81 3
11 55 6
18 77 3
2 22 1
16 84 3
57 61 8
10 40 9
72 97 6
23 63 9
90 91 7
24 77 1
7 82 11
69 92 7
5 47 2
27 53 2
67 76 4
11 24 9
45 53 9
58 71 8
22 34 2
14 91 2
38 70 3
24 48 2
53 61 3
49 66 4
21 85 3
60 95 4
75 84 10
79 87 6
30 66 11
47 86 8
33 94 8
50 93 1
14 65 5
9 17 2
65 70 8
16 51 8
75 90 10
13 73 7
64 77 8
30 53 6
26 38 8
60 78 5
37 38 1
91 96 11
21 49 7
8 29 1
52 65 4
47 92 3
19 73 1
47 77 9
73 76 1
26 81 4
32 84 6
15 62 1
9 65 5
1 28 5
66 97 2
51 81 1
33 66 6
20 25 10
21 70 1
35 88 5
20 91 11
54 65 1
10 18 7
15 83 5
17 81 3
16 66 5
66 67 11
2 35 11
6 89 2
7 87 6
24 90 10
8 99 5
33 72 1
22 70 7
77 83 4
49 80 11
26 63 8
47 69 4
50 80 8
23 26 11
7 81 9
65 71 6
4 47 11
81 93 4
55 97 10
1 82 2
6 83 9
48 70 7
60 74 4
16 91 6
22 57 3
42 83 7
29 83 1
59 99 5
49 97 3
49 99 1
7 27 2
20 55 2
90 97 10
41 55 3
8 96 6
9 28 8
29 33 7
2 59 3
30 77 3
56 93 2
48 73 11
44 56 9
55 76 9
2 73 10
16 87 2
57 68 6
74 97 7
47 60 5
8 79 7
19 82 6
5 81 5
57 87 2
53 70 1
16 68 9
14 56 8
34 43 8
20 71 9
36 57 1
20 32 3
7 68 7
73 88 11
14 98 5
63 79 7
81 87 8
43 90 8
5 27 10
50 67 8
82 88 9
25 52 1
64 85 6
16 78 8
21 75 8
14 43 6
29 74 11
56 83 7
87 91 10
49 83 6
14 40 11
24 32 6
3 70 6
16 52 3
27 72 11
10 14 11
1 55 11
10 82 2
0 84 6
92 96 2
26 32 1
11 12 1
6 70 2
39 87 6
25 68 2
27 77 11
16 71 9
24 57 10
18 78 4
74 79 4
60 68 11
6 68 10
33 91 10
20 27 7
89 94 7
88 91 1
25 30 5
5 20 10
74 88 3
29 81 4
39 59 6
82 90 7
43 76 8
26 80 10
38 63 4
3 80 6
39 96 6
47 61 5
26 49 7
27 91 3
55 92 6
10 95 8
12 46 5
74 87 6
13 74 1
81 82 2
13 90 10
82 95 6
55 88 6
16 73 3
48 88 2
30 76 4
32 58 9
18 96 3
84 86 5
61 85 10
70 82 8
22 63 4
44 85 9
82 97 5
26 33 6
9 83 10
9 82 2
16 56 10
10 92 2
6 52 9
3 73 1
88 90 6
59 83 3
15 80 11
11 35 7
62 71 5
26 96 1
23 85 7
58 94 10
64 92 7
6 59 6
4 79 1
48 91 5
53 74 4
15 93 1
14 53 2
39 92 9
11 70 1
21 93 1
56 73 7
60 70 6
12 49 7
32 72 7
56 81 5
52 55 8
76 86 7
31 32 5
10 17 9
11 89 7
7 57 11
35 53 5
11 74 2
17 74 1
22 82 5
19 60 5
72 90 7
89 97 11
26 42 6
41 86 6
54 58 7
19 51 1
1 22 5
42 72 1
6 39 4
1 90 1
29 58 10
29 40 9
1 2 11
29 52 1
61 62 4
59 85 4
36 40 5
3 43 10
28 43 3
40 72 10
26 56 5
0 8 10
22 60 11
6 7 2
51 53 6
23 34 4
42 63 6
39 67 11
28 86 8
18 57 4
19 97 8
60 64 6
10 91 7
27 92 5
32 73 8
21 30 1
8 72 2
23 86 9
64 83 5
14 30 11
35 89 3
16 43 1
3 97 9
19 52 11
50 82 9
93 97 4
5 55 10
7 85 10
42 49 8
55 77 1
45 81 10
7 24 1
44 53 4
2 89 10
3 63 2
64 67 8
38 79 9
7 14 6
6 14 7
84 91 3
79 93 2
38 85 2
47 90 10
10 86 7
36 81 10
24 63 10
23 90 4
44 93 5
46 83 2
67 95 6
2 23 4
13 39 4
8 88 3
45 99 5
28 56 5
30 99 4
38 74 8
44 99 11
63 99 2
58 61 4
16 85 5
88 92 5
36 44 9
20 70 5
22 93 3
83 94 5
69 89 5
67 72 9
61 70 6
5 29 6
17 39 5
0 77 7
14 86 10
20 90 10
25 98 10
18 24 7
8 67 5
31 81 11
94 98 10
0 10 2
52 95 10
23 44 9
27 29 6
8 13 11
20 36 9
68 74 2
13 98 9
52 85 1
27 71 11
57 86 5
47 58 9
2 86 11
20 99 9
66 84 7
75 93 4
29 31 6
0 56 2
43 74 9
38 73 9
13 72 4
53 94 9
74 89 5
9 23 6
35 42 6
50 58 5
20 49 4
24 40 6
3 19 7
58 76 9
3 44 7
17 33 4
16 26 4
53 69 5
12 29 8
28 36 1
5 43 6
50 63 7
51 99 3
45 85 11
13 61 4
63 88 11
76 81 2
52 53 10
63 93 7
8 66 1
20 23 6
31 56 2
23 78 5
43 53 7
26 40 10
15 92 11
22 41 6
52 89 1
29 80 6
49 74 11
35 68 2
79 94 11
61 74 8
57 90 10
52 54 10
36 91 9
53 99 3
77 85 7
39 57 3
50 98 7
18 35 3
68 97 6
40 54 5
6 65 11
39 64 2
28 61 10
5 76 4
11 51 10
50 51 7
54 85 7
7 72 4
33 63 10
43 65 5
38 71 9
23 97 3
12 57 3
27 63 3
0 5 7
23 99 2
20 77 8
47 80 8
45 47 1
57 96 9
68 98 4
7 11 2
28 78 10
36 56 7
34 76 7
43 63 10
31 70 9
48 61 9
6 63 9
70 75 10
7 70 1
30 39 1
44 84 5
13 79 3
46 49 6
16 65 6
10 44 1
36 75 2
67 86 11
6 21 11
26 71 6
10 88 4
70 72 6
86 92 6
49 70 6
7 9 2
3 5 1
35 54 8
40 98 4
66 78 6
58 60 10
31 96 10
1 49 9
25 48 8
6 35 3
66 75 4
45 96 7
6 18 6
1 46 8
42 67 11
35 51 8
0 27 1
41 84 6
24 53 7
28 59 4
72 82 9
33 85 11
30 75 7
56 85 1
67 98 1
59 61 10
5 95 3
14 45 1
59 76 2
72 98 6
2 92 8
56 70 11
34 74 1
2 17 11
35 76 3
49 71 2
51 84 4
51 94 9
68 94 1
32 48 10
81 91 8
24 36 10
29 47 10
45 48 2
25 27 10
38 59 4
4 23 5
7 49 8
78 90 11
15 60 5
70 86 10
74 86 9
28 48 5
52 77 3
23 64 4
5 80 11
4 32 2
40 44 8
10 31 7
56 69 5
44 63 5
32 43 11
3 65 10
3 46 9
50 52 5
43 61 3
9 77 11
37 76 3
29 69 9
53 78 4
71 75 1
16 81 7
5 72 2
32 60 8
25 81 11
4 39 7
10 59 5
12 20 1
19 22 2
7 46 3
2 44 8
16 63 7
80 82 2
10 71 10
10 90 10
41 47 10
11 50 2
16 97 5
62 69 4
35 83 3
48 49 6
46 47 4
34 55 6
14 47 5
53 95 5
52 64 7
39 82 4
25 38 6
13 80 2
81 98 6
37 52 1
30 91 4
50 65 3
14 92 1
17 62 11
60 75 2
13 65 5
9 18 2
56 79 7
88 96 5
78 95 9
11 90 10
0 53 2
5 23 9
14 78 7
55 65 8
36 84 6
34 84 4
7 62 7
39 46 1
63 89 2
17 94 9
56 59 10
32 98 9
17 79 8
18 70 7
73 86 1
16 20 11
0 14 11
25 45 1
2 90 11
12 97 5
34 36 5
49 61 11
16 96 6
71 81 4
13 85 11
16 42 1
11 57 1
19 31 4
3 64 5
44 73 1
66 94 4
30 70 5
40 97 4
33 36 11
60 96 3
79 96 6
8 22 3
55 91 7
74 76 11
16 47 11
40 42 4
5 92 10
35 84 2
2 36 11
25 75 1
45 98 2
55 83 8
38 75 6
11 43 5
33 41 9
24 75 11
75 78 9
37 45 9
61 82 7
44 58 6
58 88 4
52 93 10
47 57 10
73 82 6
34 62 5
34 82 6
51 93 1
27 95 8
9 15 10
43 94 10
50 90 7
44 65 2
11 71 10
32 53 11
49 95 10
46 66 9
17 87 5
5 96 5
34 94 1
59 62 3
78 94 2
84 92 2
31 49 4
18 76 9
7 15 7
53 55 7
0 55 9
54 82 10
8 33 4
2 10 2
7 51 10
62 97 3
15 21 2
6 96 11
55 94 9
38 52 7
75 77 4
6 61 4
24 72 10
44 89 10
38 97 11
23 51 6
38 46 9
16 80 3
23 52 6
12 55 2
24 35 6
20 28 2
46 80 1
47 74 6
15 40 2
13 25 4
13 94 6
16 86 10
5 37 10
59 70 5
41 64 8
35 62 9
16 76 7
20 44 5
45 61 11
17 21 6
61 93 7
31 84 7
14 88 11
20 43 4
4 29 3
21 36 11
16 70 1
39 56 4
18 38 3
71 83 11
66 85 4
18 87 7
50 77 7
44 54 10
12 93 2
24 92 9
12 73 6
38 99 3
14 50 11
46 57 2
2 4 4
18 40 2
36 50 4
68 91 10
75 79 7
52 88 9
10 67 3
0 85 5
53 85 3
26 64 3
29 60 2
34 44 8
52 75 11
46 87 2
62 98 1
1 60 9
50 54 6
52 72 1
25 90 3
37 75 11
1 73 4
27 62 1
44 76 11
74 77 11
33 57 4
22 36 3
29 64 6
0 41 11
54 86 3
0 4 11
46 84 10
39 73 8
77 92 8
21 91 11
29 65 5
36 43 7
30 44 5
13 60 3
2 74 2
69 91 7
0 68 11
37 44 1
5 82 4
3 75 6
30 48 10
40 41 11
14 48 11
34 90 6
19 77 8
27 44 9
24 58 11
19 43 6
0 73 9
69 99 8
34 69 7
2 94 9
26 68 9
91 97 8
4 98 10
78 81 4
26 41 7
59 71 8
27 70 3
27 57 11
9 30 8
34 91 10
16 36 7
60 91 10
34 73 2
10 37 9
31 38 8
22 73 9
11 86 7
66 71 5
13 87 11
29 53 7
3 21 10
22 37 11
15 54 2
12 50 5
78 80 5
17 45 4
37 58 8
1 53 10
13 24 3
42 80 2
16 74 8
60 66 3
41 72 6
62 65 3
17 80 6
10 46 7
33 97 8
0 69 4
23 49 6
61 68 2
11 46 9
48 68 3
34 46 2
14 34 9
13 95 1
22 26 7
33 93 3
45 78 10
4 91 9
27 28 10
20 48 10
55 72 1
55 80 2
18 44 2
53 54 1
46 90 4
41 94 8
18 93 5
32 97 3
61 98 7
52 74 4
84 88 8
34 99 6
11 36 9
20 78 4
18 84 8
34 40 6
18 47 2
33 55 6
16 18 9
9 99 2
44 46 10
17 96 1
12 25 11
23 45 5
27 33 9
65 83 11
59 94 6
49 86 1
0 18 4
49 69 5
3 56 6
49 59 6
66 82 8
14 27 8
23 61 7
35 82 10
15 34 11
39 71 5
39 88 1
67 74 7
9 64 1
31 89 11
37 97 11
30 86 10
61 84 3
9 66 8
66 98 9
39 89 10
83 88 11
18 63 4
31 99 8
39 91 10
62 76 1
44 62 2
34 85 1
2 32 2
38 48 6
25 95 3
18 99 10
58 77 4
6 97 8
0 76 10
31 86 8
51 60 10
34 83 2
43 45 2
9 93 1
51 52 5
17 91 6
4 16 5
87 93 7
84 87 9
20 39 3
14 46 3
6 15 3
25 56 10
35 86 6
11 68 1
8 83 7
30 85 6
55 75 10
2 20 1
65 82 11
41 81 6
0 89 6
10 81 1
35 56 9
65 81 5
22 65 9
1 87 10
31 76 6
60 71 9
49 91 10
21 37 9
72 87 10
70 97 10
32 91 10
25 29 5
40 95 3
66 99 10
33 45 1
12 62 6
77 94 1
6 16 1
31 83 4
9 86 2
78 92 9
56 65 6
29 77 6
4 71 3
73 91 2
43 84 10
7 52 9
19 23 11
20 79 4
19 75 5
30 47 2
51 61 6
22 91 4
45 79 6
17 35 6
30 35 8
45 75 8
29 59 4
5 21 6
0 99 8
88 99 4
23 24 9
48 84 5
52 56 6
83 95 6
28 87 2
40 62 1
29 55 2
5 33 7
32 54 8
9 75 8
2 33 7
2 93 3
34 39 10
19 21 9
29 68 4
21 68 7
60 98 1
31 43 2
4 76 10
8 53 6
31 80 3
11 98 7
45 67 4
32 51 8
29 30 9
7 88 4
15 99 3
43 71 3
63 81 11
36 85 4
2 78 2
8 58 8
44 45 9
21 74 11
83 96 4
42 61 7
35 96 2
49 54 10
20 87 5
38 41 10
0 87 4
11 69 5
42 60 11
19 76 11
66 69 9
5 30 3
2 45 1
35 44 5
46 61 7
23 91 7
20 33 6
53 62 5
7 10 6
4 18 7
50 70 6
20 41 1
6 36 1
82 99 4
61 94 6
13 53 6
15 67 1
25 91 10
14 93 6
20 89 4
24 76 1
7 23 6
5 54 3
11 56 1
31 59 4
6 55 4
77 80 6
5 36 9
56 86 2
3 29 3
1 29 4
30 31 3
8 78 2
3 24 5
58 97 6
16 31 4
30 32 7
19 71 5
40 69 10
1 66 3
31 61 3
11 15 7
17 89 2
25 73 3
34 89 8
35 60 5
22 53 9
5 19 3
6 48 11
66 88 6
1 42 3
80 86 9
75 98 8
12 63 10
55 56 4
4 66 11
10 64 4
46 51 11
80 90 4
56 98 7
63 97 2
53 65 9
41 87 11
26 51 10
71 88 4
54 89 6
18 43 6
39 53 6
76 99 5
34 63 6
9 55 5
15 48 1
28 50 11
59 69 1
65 75 10
37 43 9
58 83 3
48 62 3
28 91 4
69 75 3
92 95 10
83 90 10
70 93 10
80 96 4
77 81 4
61 66 10
58 64 11
48 94 4
13 38 9
25 94 10
51 87 5
15 51 3
13 19 9
15 76 4
37 93 3
9 41 3
65 73 4
1 80 10
9 67 5
43 82 5
62 84 4
0 26 8
4 27 6
59 93 8
28 79 11
10 20 10
2 66 5
55 64 4
17 23 5
21 25 2
79 90 4
0 46 3
5 87 4
74 99 7
32 80 6
36 46 11
13 49 1
34 50 5
38 91 2
10 94 10
4 90 10
53 67 4
26 48 8
0 6 5
45 58 2
14 20 4
20 69 3
33 73 2
96 98 4
36 71 9
58 66 4
26 28 11
3 61 7
59 89 1
50 57 3
39 41 6
5 94 6
95 96 8
10 85 2
35 91 5
57 62 3
48 76 11
31 78 5
86 96 9
2 14 1
20 61 9
34 71 6
68 79 2
40 90 3
57 98 1
25 51 8
47 75 6
73 85 4
17 73 5
20 26 11
85 86 9
61 92 11
41 88 5
11 14 3
8 86 3
56 68 8
90 99 6
65 90 4
56 75 11
14 77 10
14 18 5
41 46 11
13 26 5
6 46 11
16 64 3
22 58 9
30 36 3
4 67 7
35 46 10
52 86 3
38 90 8
12 88 1
18 75 2
17 25 8
24 46 4
50 72 5
40 48 8
2 76 5
6 69 6
11 18 6
59 73 7
7 16 9
46 75 6
21 73 5
72 74 8
22 56 11
10 21 5
24 91 5
10 78 9
22 31 1
48 79 2
62 80 6
62 74 10
33 49 11
79 91 3
22 27 7
14 90 2
29 32 10
59 60 11
33 75 5
51 98 5
80 83 9
5 58 8
18 95 2
30 98 3
16 99 10
6 31 3
12 26 1
46 97 5
27 65 2
44 72 3
31 64 8
2 41 7
16 46 1
7 54 5
26 93 10
1 61 8
33 88 6
24 41 2
14 80 9
21 61 11
26 60 11
25 76 10
64 97 9
4 88 10
56 94 11
34 72 9
31 98 3
42 55 10
84 96 5
22 84 10
1 34 11
24 69 7
82 86 6
31 53 8
66 74 8
16 38 5
9 84 5
74 96 9
5 25 11
17 58 11
62 89 9
13 62 11
20 73 9
4 9 9
27 58 6
4 37 1
73 92 11
44 78 5
20 29 8
21 95 1
10 30 7
16 41 11
90 98 7
36 41 7
6 93 2
62 82 7
26 98 9
64 86 3
18 20 8
3 13 5
43 97 3
47 91 7
78 93 1
2 80 4
1 27 5
2 27 4
71 82 9
40 81 3
43 75 2
37 94 10
23 36 8
7 25 5
1 36 7
49 81 7
31 75 10
47 79 5
55 87 11
22 83 3
60 77 1
72 75 10
10 15 4
84 90 2
36 77 5
69 79 11
70 99 4
2 28 2
12 91 10
67 73 9
35 45 4
8 62 4
84 85 4
28 81 7
34 93 1
5 73 2
20 96 4
55 81 3
70 94 11
10 28 3
45 94 5
33 84 9
37 50 2
0 44 6
2 68 9
55 60 3
15 97 6
21 65 10
7 80 5
23 33 4
56 95 6
37 51 5
20 31 9
22 64 10
12 84 9
16 19 6
6 56 5
41 48 2
5 67 8
46 50 8
36 87 4
84 95 7
57 75 9
47 89 3
53 76 11
58 62 7
13 93 11
33 95 6
3 49 11
36 64 7
51 55 9
43 73 9
80 84 2
29 39 2
74 92 7
30 73 7
21 45 3
1 77 10
77 88 3
37 64 8
4 99 2
27 38 5
34 47 6
35 50 7
31 85 2
30 54 4
64 73 2
23 59 11
17 46 7
4 7 5
83 85 6
68 81 6
27 79 1
15 68 4
13 14 1
55 78 5
0 62 1
13 40 6
30 60 2
19 98 11
91 99 4
66 89 6
67 87 1
2 48 2
28 29 10
26 72 6
48 53 4
42 66 5
57 93 5
9 69 6
26 90 9
80 94 10
59 66 11
9 12 1
44 70 1
52 67 9
24 33 4
19 86 10
8 17 10
21 64 7
31 52 11
13 42 8
22 25 9
0 39 6
24 61 4
44 90 11
56 80 4
22 23 4
15 33 8
37 72 8
7 94 11
4 85 4
28 94 5
23 47 1
21 87 5
40 52 5
47 81 3
50 66 8
48 77 7
30 82 9
27 84 6
14 95 8
3 35 11
10 35 2
2 52 2
13 50 7
6 79 6
11 67 5
76 80 2
26 94 10
12 16 10
37 39 3
35 99 6
50 85 1
21 86 11
87 99 3
42 78 10
7 61 11
24 95 8
15 35 9
11 37 6
13 64 9
43 57 5
22 50 8
61 72 2
13 34 7
28 97 1
46 86 1
70 98 1
4 64 11
2 43 4
39 74 3
31 82 6
3 81 11
12 39 7
3 9 5
22 68 7
73 79 1
44 64 4
55 62 10
35 75 9
4 38 4
4 83 4
66 73 2
67 83 5
75 81 3
1 78 4
22 42 9
3 14 9
45 64 6
25 92 9
21 72 6
5 59 10
32 93 10
25 42 2
50 88 9
82 83 8
45 56 10
44 81 10
19 36 5
50 55 4
6 73 2
26 36 2
1 5 4
67 96 7
44 83 9
87 95 10
71 79 3
83 86 10
8 21 3
26 45 10
53 82 9
3 83 4
30 43 11
1 85 7
54 66 9
10 96 9
71 91 5
32 92 9
0 61 9
18 80 5
5 7 6
39 51 7
49 64 5
2 84 2
8 30 2
81 90 7
9 45 5
39 61 5
13 97 2
19 46 1
75 82 9
43 66 10
37 68 6
68 77 3
6 92 8
44 94 3
19 58 1
38 61 10
52 68 6
47 88 2
5 99 11
53 56 2
12 17 2
3 10 10
5 18 9
34 61 6
37 61 11
29 35 4
34 64 7
6 44 1
1 48 2
50 60 2
35 78 11
53 57 10
35 79 10
6 38 10
54 62 4
2 61 4
38 77 11
56 57 8
12 79 11
12 45 10
34 54 3
6 94 3
0 71 4
54 64 5
36 66 4
26 83 8
54 59 1
66 76 5
34 97 8
46 88 9
48 97 9
3 33 1
57 78 8
65 95 1
17 83 1
24 39 8
13 92 2
3 50 1
20 81 11
19 56 10
71 96 6
18 67 7
7 12 10
12 99 2
52 63 1
74 75 4
9 16 3
6 33 7
16 82 7
35 80 11
2 69 11
49 58 2
12 74 7
52 94 5
64 65 10
26 30 5
10 27 8
9 60 11
8 34 7
49 84 10
4 86 9
30 49 6
25 44 2
63 94 4
36 86 8
21 28 5
37 96 5
63 92 9
28 69 10
51 79 5
23 68 8
5 51 6
4 59 2
60 94 7
7 33 2
67 81 3
48 99 11
62 83 5
49 52 4
14 97 3
30 72 1
59 95 9
57 60 3
2 97 8
8 36 1
71 84 1
2 81 11
55 85 4
7 17 11
9 81 9
2 95 5
43 86 10
0 13 2
58 67 5
1 4 3
45 62 10
77 97 1
21 83 2
43 77 7
38 78 2
1 11 10
6 50 11
9 11 11
57 74 4
8 55 8
25 36 7
21 29 6
12 54 11
19 45 8
7 90 1
45 77 1
32 50 11
19 83 5
63 85 9
83 97 2
24 38 11
27 35 1
26 27 5
10 29 3
36 49 9
25 64 1
9 10 5
75 97 8
51 69 8
45 83 5
2 9 1
28 55 3
34 95 1
7 53 10
14 69 10
1 14 1
82 89 2
67 69 11
68 95 5
18 27 10
39 62 9
1 69 11
36 82 9
8 90 8
27 37 8
17 61 2
78 79 11
60 63 7
79 86 3
7 22 1
25 84 10
21 35 5
34 65 5
47 71 1
35 93 6
41 65 1
31 41 10
17 22 4
69 71 4
3 55 2
6 49 9
61 78 10
26 65 4
12 61 2
43 79 6
4 13 10
14 67 7
44 68 4
9 76 4
55 66 8
14 94 5
58 75 1
15 61 2
18 33 3
4 58 5
17 55 8
23 96 9
13 43 7
11 33 2
60 99 4
11 26 6
1 26 9
37 49 1
57 79 9
53 90 9
17 43 9
79 80 10
76 97 2
8 70 10
42 95 7
29 87 4
4 61 8
12 95 6
50 64 9
39 43 8
59 78 7
48 66 4
39 78 1
5 84 8
14 85 7
26 84 1
59 92 11
52 82 6
16 92 10
54 95 8
39 75 8
4 81 6
71 89 4
43 93 5
53 98 9
41 62 5
51 56 7
2 42 11
26 95 11
63 80 3
55 70 3
24 44 9
65 98 1
58 70 9
49 73 2
39 54 9
62 64 3
67 75 4
23 62 6
32 36 9
24 52 8
62 81 6
45 57 3
15 38 7
24 84 3
13 82 6
53 81 2
21 67 2
1 54 2
1 3 11
5 83 11
36 60 10
4 51 5
0 54 4
16 88 2
35 92 7
35 74 8
52 73 7
46 53 2
32 70 4
23 74 2
95 97 9
10 62 1
47 93 11
21 23 8
65 74 8
13 86 2
39 72 9
4 82 2
73 96 8
47 50 1
48 74 4
3 67 4
22 32 8
5 28 7
37 56 5
34 42 11
41 67 6
23 87 11
23 50 10
25 43 4
11 20 11
28 72 8
4 40 7
80 81 11
41 79 7
3 36 5
13 16 7
40 64 5
45 87 8
9 54 1
22 62 3
18 49 3
27 85 11
37 48 7
19 92 11
67 85 6
55 95 2
7 21 9
63 98 7
32 44 7
39 52 7
9 61 8
22 72 10
13 31 1
10 70 7
25 26 6
32 67 8
62 95 9
7 77 2
9 50 4
56 67 9
10 22 3
46 64 5
56 96 8
17 44 6
13 17 8
20 22 7
18 72 10
27 55 11
36 97 6
38 87 5
24 79 4
28 41 7
4 19 4
29 91 5
73 87 6
5 49 9
47 62 9
38 50 3
18 89 8
21 90 8
24 78 3
37 77 7
19 24 4
77 78 4
69 72 5
9 36 7
25 61 4
29 56 6
43 78 3
0 59 7
31 46 3
13 18 10
14 64 9
0 72 1
9 74 3
28 44 5
66 91 6
17 93 1
38 57 2
34 96 10
12 28 7
3 8 7
55 67 10
40 91 7
58 74 9
64 98 8
14 25 4
38 55 8
14 17 6
27 96 3
86 91 3
15 88 5
67 93 8
16 32 5
43 62 9
67 91 9
9 35 1
0 83 4
29 62 1
33 82 2
21 89 6
40 57 5
22 66 6
20 92 2
12 71 1
76 91 9
12 78 6
11 38 5
25 96 2
36 79 4
31 33 6
64 71 1
27 98 7
55 73 8
64 99 9
33 47 2
27 43 5
49 75 3
18 42 5
47 78 10
3 58 2
6 27 6
12 23 9
72 94 4
11 47 6
42 76 1
3 53 11
69 80 3
62 91 3
67 80 2
17 71 3
54 90 1
19 37 11
15 18 3
10 33 7
22 92 9
59 67 8
37 98 8
61 73 1
26 44 7
22 79 9
68 83 1
72 78 10
18 26 4
81 97 9
1 38 2
87 89 10
46 69 6
11 87 1
1 74 6
55 58 8
41 63 8
45 52 6
2 64 5
29 49 2
82 91 9
52 83 9
78 87 7
27 61 10
61 89 1
47 72 2
2 85 3
27 47 7
9 92 1
12 90 5
80 93 1
76 90 8
73 97 5
16 48 9
28 33 4
12 92 7
6 17 2
2 56 9
73 80 5
5 13 9
8 64 4
4 53 10
15 29 6
46 72 9
5 40 7
57 81 3
5 34 10
2 29 9
50 97 2
28 85 1
11 64 10
21 27 6
43 58 2
72 92 1
70 78 4
53 68 8
74 95 8
58 91 5
72 83 9
34 51 9
16 50 1
12 67 7
24 82 5
10 89 9
0 74 3
17 85 4
33 80 3
9 56 11
75 92 4
12 24 4
40 61 7
39 98 2
76 77 7
2 70 11
56 66 5
0 94 10
81 84 6
15 23 6
34 52 3
22 51 2
56 88 4
62 88 6
53 87 3
21 98 8
58 98 3
6 60 10
21 34 9
68 90 10
8 18 6
24 83 3
46 89 4
17 84 8
15 86 2
34 68 7
66 80 6
48 87 4
54 72 3
43 88 9
27 49 2
20 30 6
1 98 8
58 81 7
26 75 6
5 9 3
14 42 9
48 78 7
62 86 10
11 16 10
24 47 11
8 12 5
38 82 7
69 77 2
59 84 3
34 75 3
8 92 8
4 54 6
50 78 6
4 96 3
92 98 7
47 55 2
47 68 4
75 91 3
59 64 11
27 60 2
33 38 9
64 72 1
46 68 7
3 4 1
21 58 4
32 85 8
57 64 10
14 36 6
14 23 7
22 88 1
27 59 1
54 73 11
37 42 4
72 99 9
63 91 6
7 78 7
2 50 11
6 32 6
48 57 7
52 90 1
28 89 8
77 89 10
9 63 3
1 12 9
69 97 7
38 66 10
2 15 11
45 49 6
3 68 5
57 94 6
36 88 9
77 90 4
22 28 4
60 69 11
76 83 4
28 51 3
53 72 1
57 89 7
24 43 11
32 68 6
86 90 3
1 59 4
39 68 9
38 88 3
33 61 7
40 50 8
48 52 1
64 79 2
80 97 3
76 84 7
13 45 7
3 15 9
77 99 5
9 13 4
3 25 1
20 50 2
41 53 11
11 65 3
13 78 8
50 87 3
4 63 3
44 50 8
54 76 6
57 65 5
5 14 9
52 58 9
25 79 4
5 57 1
92 97 9
1 21 7
17 98 2
64 82 3
49 72 3
21 51 6
59 97 9
8 32 10
17 88 9
31 87 7
32 76 8
10 52 2
44 49 8
30 63 4
27 80 3
5 74 6
8 38 9
13 88 6
77 93 3
43 50 2
30 38 2
9 49 10
20 56 8
5 56 11
25 69 8
16 33 10
3 98 5
33 62 1
52 84 1
18 56 6
18 30 7
22 59 9
21 97 7
33 81 5
38 98 5
3 30 9
6 99 6
25 46 8
0 60 6
11 92 1
19 70 7
49 53 3
1 64 1
89 99 8
54 57 4
14 58 10
76 79 5
48 58 3
1 81 5
37 66 2
41 70 2
45 55 9
31 93 5
18 91 8
26 46 5
18 45 9
65 84 6
29 99 3
86 93 2
27 75 10
21 39 6
15 72 2
54 68 5
43 80 5
14 99 8
30 96 6
62 77 2
38 49 1
36 89 5
1 30 10
72 96 6
37 79 4
10 12 7
34 49 1
2 37 11
53 86 3
15 52 3
64 89 2
16 89 6
47 82 3
50 94 11
15 64 10
4 5 4
26 37 8
84 98 10
5 41 10
22 67 7
33 42 3
16 93 6
48 92 3
23 25 10
5 32 11
7 69 7
57 67 5
36 92 6
6 11 11
67 92 9
12 77 1
23 40 11
78 83 10
19 79 2
51 66 1
63 78 11
59 77 5
22 94 1
25 28 7
18 53 9
21 38 8
62 94 5
16 61 1
25 50 7
12 68 10
34 53 10
36 76 5
61 96 11
19 49 1
48 98 4
89 93 11
42 79 7
88 93 2
60 88 4
3 91 10
57 69 8
28 65 9
55 79 8
27 52 3
71 77 2
9 96 5
50 79 4
4 24 10
13 54 6
57 91 3
71 76 6
22 76 6
1 84 8
53 80 1
36 61 3
39 99 1
52 69 3
8 57 2
44 75 11
8 73 6
25 47 10
23 58 8
74 93 3
4 15 5
64 90 8
10 66 4
51 75 6
3 23 11
20 54 11
36 58 5
48 67 7
0 28 4
60 87 2
47 83 8
20 58 7
3 52 8
25 59 10
15 57 7
32 90 6
0 81 11
43 70 7
37 47 4
41 71 7
18 60 10
52 91 2
27 32 4
8 98 9
40 99 6
25 97 5
25 86 2
43 87 2
9 27 1
35 39 9
18 29 1
15 95 4
76 98 9
47 84 8
2 51 5
15 74 4
2 57 4
35 59 8
32 83 3
12 51 9
77 86 3
46 58 11
27 40 10
15 84 6
8 20 1
25 77 8
10 16 10
60 92 10
71 78 10
35 49 6
33 54 1
42 68 10
29 38 9
35 69 9
27 30 9
39 70 11
4 8 2
46 78 10
47 52 6
0 29 2
42 48 3
35 94 7
42 51 9
0 98 7
19 96 6
23 73 3
52 97 8
3 93 10
43 56 11
79 85 8
11 49 9
2 21 4
2 99 6
11 59 7
14 49 1
24 28 11
3 77 3
3 7 8
25 41 9
12 37 10
29 50 1
0 9 2
71 92 3
78 91 6
1 67 1
27 68 7
9 26 6
39 76 2
11 77 9
15 53 8
3 18 1
5 98 6
10 60 5
11 60 2
60 61 3
63 69 1
4 45 7
25 39 6
14 71 6
84 93 7
69 78 10
57 92 10
34 37 8
4 89 2
59 90 4
29 92 2
29 76 5
23 69 8
51 65 4
5 89 6
71 98 8
3 38 1
25 54 11
8 9 4
28 32 8
60 82 7
54 92 3
65 99 8
10 47 9
61 79 10
7 31 7
81 95 7
47 53 10
10 63 7
40 68 10
30 52 1
28 68 3
57 58 2
51 67 11
37 89 3
41 68 8
11 66 11
47 49 4
68 69 11
70 95 8
40 78 7
65 94 8
38 80 8
20 76 2
14 38 3
30 81 2
6 72 8
53 75 5
19 53 5
73 83 8
43 96 6
14 82 2
47 99 1
26 61 7
14 74 9
18 19 6
43 54 2
33 74 2
13 32 9
15 32 5
4 52 11
46 95 7
69 95 1
15 55 2
25 66 7
35 43 1
32 87 2
15 46 2
40 85 2
45 63 2
74 94 7
47 48 4
13 59 4
11 25 8
55 84 5
48 59 10
60 76 7
45 54 1
19 29 7
19 99 9
93 99 2
4 92 8
19 61 10
10 93 3
3 11 4
18 83 8
23 32 8
72 77 1
62 92 5
71 87 2
28 37 2
7 58 9
59 91 6
45 70 2
74 91 3
44 79 10
7 37 8
66 90 4
10 39 8
22 69 2
17 97 11
54 84 7
1 72 7
3 92 5
47 94 8
36 99 10
55 71 3
8 16 4
22 35 1
95 99 5
15 36 8
2 19 10
3 59 9
43 55 9
15 78 1
42 93 5
83 87 4
8 24 2
64 81 11
57 73 1
39 47 9
29 70 1
7 38 1
60 84 9
64 69 9
77 95 8
72 86 2
1 88 1
50 92 1
16 95 4
37 92 11
41 58 8
69 83 6
49 94 7
63 82 4
33 96 7
67 89 2
19 67 7
47 51 6
25 60 6
20 80 1
26 67 8
16 40 5
44 97 10
26 57 8
46 93 6
42 86 6
30 90 11
14 39 2
23 77 4
13 21 8
10 84 11
79 82 8
85 95 4
57 99 1
12 15 3
15 96 8
14 35 6
40 58 1
29 75 11
72 89 2
22 45 11
1 62 11
26 52 8
73 90 1
5 12 10
35 64 5
79 95 9
36 83 3
22 43 8
1 96 6
18 85 8
22 99 2
64 78 10
23 94 3
19 39 2
3 86 1
3 54 1
8 37 10
58 86 5
12 80 11
70 81 8
12 87 2
52 99 11
1 68 4
52 96 5
39 49 7
61 67 2
49 85 9
41 56 9
6 47 6
37 86 2
24 88 7
63 73 10
3 40 9
37 46 9
20 46 8
16 49 11
22 95 6
7 40 8
68 85 11
5 45 1
2 3 7
23 98 9
54 79 1
41 66 1
71 90 2
18 58 11
2 31 1
21 32 1
9 98 3
1 71 8
63 95 8
23 35 9
42 54 2
18 65 6
25 63 11
21 54 3
29 84 4
60 90 11
5 65 7
0 31 11
17 59 8
30 68 10
34 81 3
5 16 11
38 95 2
0 67 9
28 47 5
41 74 5
1 33 10
76 87 9
92 99 7
1 10 2
49 57 9
31 55 4
37 84 5
24 25 6
1 70 7
18 55 6
37 99 2
59 79 8
1 89 11
17 99 8
29 45 10
24 26 5
85 96 7
91 93 11
65 91 7
69 86 3
40 75 1
20 60 6
4 65 11
14 33 11
16 25 7
11 28 1
33 50 10
25 80 4
31 45 6
38 62 6
62 63 1
42 89 10
72 81 11
49 60 11
3 71 9
9 80 4
67 97 5
75 87 9
56 84 8
61 97 1
45 66 3
56 74 10
88 89 3
58 68 7
29 54 5
8 51 11
30 65 2
22 61 2
6 12 2
9 68 10
5 39 1
17 32 9
27 64 2
68 78 2
17 19 5
22 30 5
51 85 3
20 21 8
41 42 4
31 66 4
19 34 5
10 97 4
16 72 11
11 58 1
37 95 9
12 33 2
36 59 2
41 51 6
12 86 5
17 69 11
55 96 4
35 40 3
41 43 2
86 99 2
18 36 5
22 54 2
1 51 5
17 67 2
34 87 3
14 32 3
62 93 4
42 58 10
44 87 6
21 76 10
16 34 1
21 99 5
4 31 5
19 59 9
6 13 8
41 99 10
14 66 7
28 76 9
41 52 8
5 10 4
51 59 10
43 83 9
78 86 7
19 30 5
53 91 7
45 68 2
53 77 11
17 24 7
77 96 5
32 52 8
27 88 5
61 69 9
7 18 9
57 63 3
36 78 5
32 42 11
33 78 5
76 78 11
43 72 9
57 77 11
35 87 6
8 97 6
12 82 1
40 65 2
16 60 2
13 22 9
31 35 9
16 75 10
13 58 7
41 50 4
30 84 10
59 80 4
60 80 11
41 77 4
40 94 1
69 84 4
78 82 6
72 93 6
19 55 10
17 29 3
0 17 4
19 28 4
12 58 3
21 88 1
25 55 1
90 94 4
5 46 1
40 93 4
62 70 7
42 96 6
3 39 11
24 62 11
30 56 4
17 72 2
57 59 2
15 16 5
15 22 6
17 53 10
70 89 2
49 76 4
16 69 9
34 88 7
9 87 7
70 76 1
8 23 6
5 68 6
14 41 3
67 84 3
26 55 5
68 75 11
47 87 8
62 67 8
53 64 9
76 95 10
33 86 4
26 53 9
8 19 7
1 95 8
77 87 10
38 44 9
1 37 2
39 83 4
14 29 1
87 94 9
50 91 11
25 65 6
28 34 2
14 55 10
45 92 2
9 37 4
36 70 11
17 18 6
12 13 6
20 94 1
11 84 9
36 93 5
33 39 4
3 6 4
17 27 1
26 54 3
7 20 10
53 71 9
20 67 1
15 65 11
47 64 10
37 91 11
43 92 10
51 70 3
46 59 5
23 67 11
41 83 1
26 78 2
86 94 3
38 40 10
0 66 5
35 52 1
46 56 4
38 69 2
16 98 3
44 91 2
10 51 11
43 99 6
20 35 10
34 77 4
8 84 9
61 65 4
41 49 7
8 26 10
7 79 6
61 87 2
13 76 3
30 79 5
87 88 5
8 75 6
1 99 8
48 95 6
20 38 4
40 56 4
3 89 4
0 58 4
0 12 7
65 69 10
20 66 6
2 11 1
24 96 2
39 94 8
8 52 2
42 82 4
2 16 2
11 42 2
70 85 11
3 84 1
86 95 9
37 70 11
19 32 4
19 88 2
4 44 9
19 81 10
42 88 10
3 34 7
42 64 5
62 72 4
17 26 6
38 65 4
60 72 3
12 72 3
32 77 10
23 31 8
25 67 1
2 96 6
48 86 5
4 95 10
2 60 11
4 77 3
50 83 9
48 82 6
63 84 9
0 47 8
16 57 4
21 46 10
18 79 5
19 25 6
42 62 6
16 29 7
1 31 5
76 88 1
21 79 4
14 37 9
1 7 4
30 58 1
29 37 6
31 47 11
30 59 8
67 79 2
78 88 1
8 89 5
44 95 11
23 27 6
73 93 1
31 74 3
44 47 1
69 96 2
40 73 5
32 94 2
60 79 2
11 31 7
33 67 8
7 43 1
6 76 8
39 80 8
14 57 10
22 74 5
29 89 10
70 71 11
6 67 8
20 86 8
8 40 5
8 68 3
26 79 11
25 83 10
39 97 5
11 61 4
21 22 7
8 54 8
51 78 7
11 32 8
13 20 3
32 49 1
0 90 7
7 56 1
90 92 3
39 45 3
50 53 1
48 85 4
54 74 7
58 93 7
13 81 4
6 34 10
57 76 4
55 69 9
23 38 8
88 98 11
41 97 1
6 88 1
39 93 7
74 98 11
51 90 7
24 86 3
63 83 2
75 96 4
14 31 5
58 69 11
15 82 11
30 61 4
20 65 8
81 86 5
9 39 9
14 75 1
0 78 6
13 68 2
13 84 1
15 63 4
19 65 2
6 23 10
24 34 6
6 24 1
24 74 6
41 78 7
20 37 1
75 95 9
13 44 2
33 44 10
24 98 6
20 84 11
21 40 8
68 93 3
16 28 1
6 95 1
30 94 7
58 79 9
58 84 5
32 89 4
59 74 9
33 98 10
8 59 4
70 96 6
6 58 4
66 79 1
12 32 11
2 58 9
49 93 11
33 90 11
10 68 8
31 48 7
6 77 9
39 48 6
11 19 9
2 46 11
30 46 8
24 49 7
40 53 9
77 79 9
13 35 5
11 85 7
13 83 4
15 47 7
54 63 1
34 66 5
46 65 3
29 98 2
46 73 5
44 92 5
0 37 8
62 90 6
5 62 11
28 70 10
2 30 11
71 74 8
33 87 7
28 74 7
19 84 10
0 45 9
9 19 8
42 97 6
50 84 11
42 45 9
17 68 3
54 94 8
48 75 6
47 98 1
69 82 3
5 22 10
7 71 4
43 59 7
0 49 3
20 45 6
77 98 6
3 99 8
39 63 7
43 85 11
46 79 6
19 69 9
32 38 1
28 82 11
2 62 10
1 56 7
19 47 8
24 59 7
3 76 9
56 76 8
73 98 11
4 56 1
7 50 3
32 55 7
63 96 6
65 97 7
48 54 4
15 77 3
41 91 1
8 49 8
24 30 3
13 55 4
85 88 7
9 57 7
0 75 2
21 44 10
4 70 3
19 78 7
82 87 7
31 50 7
40 82 4
21 63 11
17 28 3
36 52 2
38 96 6
88 97 11
57 70 10
23 29 6
3 17 11
41 73 5
11 27 11
1 39 5
8 44 2
6 87 7
7 93 5
0 48 1
38 67 2
6 78 1
37 90 7
41 45 9
40 55 4
52 59 3
89 96 2
62 75 4
55 61 10
49 55 3
72 88 4
62 85 3
24 29 8
69 90 9
45 90 3
8 41 1
9 73 3
18 59 1
50 96 10
30 67 1
30 64 3
14 61 9
63 65 1
15 79 8
70 80 4
85 98 1
22 40 5
2 54 11
71 93 4
92 93 10
18 31 8
24 70 11
17 40 4
24 51 9
5 53 4
4 14 7
15 27 6
22 87 7
53 58 9
75 85 6
18 88 9
31 54 8
7 95 8
12 85 1
40 63 2
1 65 10
50 89 2
23 60 7
28 98 7
4 34 1
42 52 2
18 39 4
29 82 10
46 71 11
61 76 1
68 86 6
4 93 2
72 91 3
71 72 4
59 75 10
16 77 8
70 77 1
25 78 8
91 92 7
76 93 4
71 94 6
32 34 2
68 76 5
31 79 9
93 96 1
53 66 1
19 38 4
51 63 9
37 67 11
29 48 9
55 99 6
24 99 7
15 71 8
8 71 1
21 47 11
2 26 4
8 11 3
66 95 2
2 6 10
18 81 1
40 88 3
39 81 11
36 68 3
22 78 6
66 81 2
48 60 7
38 92 6
54 70 10
23 42 3
34 79 6
2 87 10
30 34 1
44 57 6
4 69 5
36 54 11
8 94 11
8 74 2
0 80 10
14 68 9
4 36 6
25 53 6
8 93 11
53 59 3
39 65 9
16 54 3
53 97 10
22 39 11
18 68 6
73 78 9
44 59 5
14 70 2
45 86 10
33 76 4
12 76 8
89 90 4
58 87 8
5 50 7
28 39 9
52 87 2
73 99 8
12 36 6
11 45 7
1 23 10
79 83 6
85 94 10
86 89 1
32 41 3
25 62 9
10 36 10
36 48 5
9 46 5
20 64 3
41 44 11
19 94 5
26 88 11
65 68 2
17 36 5
24 97 5
16 22 6
33 51 4
16 83 7
80 89 9
44 82 10
45 50 6
2 12 7
74 85 9
38 81 3
13 91 10
46 52 10
17 48 11
7 26 5
46 99 1
93 95 11
27 31 5
5 63 3
31 72 8
30 87 8
27 86 1
54 78 2
31 39 10
39 79 9
39 77 5
30 57 7
82 98 3
33 77 11
3 32 11
47 70 9
7 30 6
10 69 1
10 43 4
8 87 10
19 20 3
31 69 10
53 60 10
21 96 5
56 99 2
4 50 1
41 54 6
81 96 2
67 71 1
81 89 3
40 87 1
61 71 6
67 94 8
6 91 10
66 92 6
17 78 2
58 72 3
2 98 5
25 35 11
23 53 9
52 76 4
11 72 1
63 77 4
19 48 4
45 59 1
34 92 3
76 92 9
40 74 9
38 58 3
87 96 5
28 58 7
32 82 9
43 81 7
8 46 8
24 85 8
17 38 1
32 64 3
20 75 5
39 58 4
