1000 5000
1 0 15
2 0 76
3 0 43
4 2 10
5 3 48
6 3 99
7 4 70
8 5 74
9 2 28
10 3 31
11 4 95
12 7 30
13 0 84
14 3 84
15 9 92
16 14 49
17 0 85
18 3 46
19 2 36
20 15 9
21 13 89
22 0 65
23 16 71
24 20 66
25 23 10
26 13 68
27 11 41
28 24 86
29 1 19
30 6 58
31 25 32
32 2 33
33 23 72
34 11 64
35 13 99
36 23 34
37 36 6
38 23 79
39 36 36
40 18 85
41 20 63
42 36 10
43 5 53
44 30 25
45 11 86
46 45 24
47 30 43
48 37 89
49 28 32
50 43 24
51 41 28
52 10 53
53 11 48
54 51 51
55 11 68
56 34 28
57 20 50
58 43 61
59 52 24
60 33 21
61 12 93
62 37 27
63 7 14
64 10 71
65 12 37
66 54 34
67 4 69
68 35 26
69 35 37
70 42 15
71 13 4
72 47 21
73 36 18
74 69 76
75 39 13
76 58 73
77 70 26
78 27 78
79 33 36
80 19 39
81 13 34
82 79 92
83 15 18
84 63 29
85 30 84
86 42 21
87 69 33
88 18 95
89 75 53
90 12 66
91 49 47
92 21 27
93 57 13
94 4 88
95 7 50
96 80 17
97 53 98
98 50 86
99 2 31
100 20 16
101 28 52
102 87 89
103 1 81
104 28 101
105 103 28
106 94 91
107 7 97
108 68 54
109 56 53
110 95 6
111 11 47
112 44 21
113 2 30
114 100 48
115 48 22
116 62 79
117 24 6
118 4 84
119 9 2
120 33 49
121 59 86
122 70 37
123 25 8
124 96 14
125 119 30
126 58 13
127 121 9
128 75 5
129 55 6
130 23 14
131 26 19
132 43 87
133 61 85
134 64 82
135 25 13
136 107 45
137 42 98
138 3 36
139 113 7
140 87 94
141 106 64
142 42 5
143 105 25
144 17 87
145 61 12
146 139 88
147 75 90
148 108 13
149 104 13
150 76 66
151 142 59
152 140 98
153 13 53
154 72 74
155 27 20
156 6 65
157 35 97
158 85 45
159 143 28
160 110 80
161 63 29
162 42 22
163 20 71
164 86 13
165 143 4
166 138 51
167 29 4
168 60 25
169 143 53
170 120 37
171 115 7
172 69 66
173 1 59
174 86 59
175 96 24
176 6 87
177 36 93
178 102 74
179 52 72
180 174 38
181 7 91
182 44 23
183 167 99
184 115 84
185 108 48
186 20 92
187 107 19
188 179 32
189 70 22
190 122 83
191 152 57
192 176 97
193 138 17
194 184 7
195 142 44
196 45 19
197 134 23
198 136 67
199 76 21
200 67 92
201 22 4
202 57 83
203 15 47
204 127 34
205 96 98
206 198 79
207 4 62
208 172 2
209 116 69
210 154 15
211 105 70
212 74 85
213 174 57
214 81 31
215 104 63
216 89 36
217 206 95
218 77 98
219 70 68
220 87 3
221 41 64
222 99 101
223 10 8
224 107 91
225 209 81
226 170 14
227 122 68
228 193 60
229 141 33
230 226 63
231 65 60
232 137 40
233 71 24
234 176 99
235 22 13
236 98 44
237 55 24
238 228 86
239 67 64
240 218 83
241 37 22
242 128 94
243 94 97
244 28 72
245 158 9
246 118 83
247 30 57
248 71 92
249 144 42
250 197 87
251 113 12
252 1 13
253 219 51
254 9 26
255 66 13
256 56 51
257 126 95
258 240 10
259 21 46
260 208 44
261 40 24
262 141 68
263 102 62
264 185 31
265 75 101
266 46 2
267 92 71
268 260 2
269 202 70
270 184 36
271 150 73
272 40 5
273 86 66
274 20 57
275 61 39
276 93 69
277 9 9
278 69 74
279 71 23
280 150 95
281 240 91
282 151 78
283 24 62
284 22 100
285 52 92
286 167 7
287 15 15
288 68 5
289 179 25
290 47 10
291 81 87
292 109 30
293 105 72
294 218 91
295 162 73
296 113 78
297 273 3
298 223 46
299 185 11
300 272 35
301 112 30
302 287 55
303 159 41
304 233 26
305 66 10
306 182 99
307 194 50
308 158 33
309 20 7
310 251 75
311 202 22
312 179 85
313 107 91
314 273 81
315 82 67
316 107 54
317 161 48
318 208 16
319 216 70
320 29 53
321 20 32
322 161 60
323 218 37
324 241 76
325 82 17
326 301 78
327 212 27
328 187 24
329 125 13
330 161 80
331 17 76
332 151 100
333 228 6
334 88 6
335 204 55
336 188 55
337 294 32
338 255 16
339 8 11
340 274 81
341 319 4
342 323 83
343 218 53
344 311 49
345 93 6
346 225 81
347 97 58
348 338 81
349 220 3
350 32 86
351 233 11
352 1 42
353 200 95
354 326 33
355 195 37
356 130 84
357 29 48
358 17 15
359 215 81
360 199 54
361 179 16
362 343 60
363 362 11
364 342 45
365 139 18
366 86 55
367 73 46
368 308 7
369 32 21
370 301 94
371 263 99
372 237 49
373 277 76
374 62 82
375 34 91
376 216 54
377 242 38
378 351 75
379 74 99
380 328 81
381 158 74
382 60 59
383 317 4
384 9 63
385 384 20
386 266 16
387 310 50
388 106 52
389 272 50
390 330 39
391 101 58
392 177 47
393 159 55
394 137 14
395 360 46
396 145 82
397 220 34
398 252 53
399 279 46
400 277 53
401 151 5
402 173 34
403 378 68
404 11 86
405 112 28
406 404 45
407 342 1
408 291 13
409 403 39
410 287 91
411 78 63
412 32 65
413 352 43
414 399 9
415 71 14
416 341 3
417 57 76
418 356 82
419 158 9
420 128 2
421 56 14
422 298 81
423 40 25
424 41 75
425 407 15
426 17 73
427 368 89
428 244 85
429 323 27
430 18 91
431 261 63
432 135 65
433 139 50
434 278 42
435 293 88
436 215 79
437 325 100
438 331 39
439 3 86
440 101 9
441 376 82
442 337 66
443 374 46
444 346 44
445 36 22
446 336 23
447 419 57
448 67 1
449 90 31
450 427 14
451 111 74
452 250 96
453 31 23
454 377 42
455 339 58
456 72 13
457 133 90
458 0 66
459 307 96
460 414 58
461 197 92
462 388 2
463 23 64
464 291 10
465 388 35
466 292 42
467 215 95
468 408 30
469 23 91
470 325 73
471 9 6
472 71 52
473 74 91
474 407 97
475 7 60
476 181 72
477 330 44
478 298 4
479 262 45
480 285 96
481 462 98
482 212 99
483 4 55
484 436 41
485 254 30
486 41 81
487 233 83
488 166 84
489 146 92
490 343 23
491 367 57
492 313 23
493 17 11
494 426 80
495 85 23
496 106 11
497 157 56
498 411 47
499 430 10
500 407 74
501 58 91
502 73 94
503 80 91
504 71 63
505 419 20
506 298 75
507 342 50
508 499 95
509 56 95
510 314 92
511 429 50
512 438 62
513 201 82
514 175 33
515 211 25
516 65 86
517 272 70
518 101 63
519 130 59
520 117 54
521 520 52
522 440 44
523 366 77
524 65 92
525 210 17
526 512 22
527 387 51
528 342 1
529 101 4
530 253 59
531 151 17
532 378 8
533 435 83
534 470 85
535 222 11
536 163 17
537 253 2
538 343 94
539 39 87
540 98 86
541 133 45
542 156 70
543 71 9
544 381 62
545 32 13
546 36 22
547 457 97
548 54 9
549 166 46
550 271 71
551 357 80
552 211 88
553 475 96
554 345 51
555 307 48
556 94 61
557 438 44
558 491 62
559 106 22
560 413 57
561 544 79
562 386 66
563 385 66
564 17 37
565 178 83
566 69 101
567 24 81
568 36 76
569 336 26
570 150 36
571 108 20
572 343 73
573 401 61
574 147 4
575 419 15
576 305 53
577 130 2
578 542 53
579 281 9
580 535 4
581 556 17
582 524 68
583 410 100
584 182 79
585 275 16
586 412 25
587 347 63
588 157 94
589 11 27
590 344 63
591 307 12
592 561 50
593 83 78
594 497 62
595 491 80
596 359 88
597 55 43
598 423 81
599 80 15
600 281 18
601 181 10
602 119 40
603 19 31
604 232 59
605 373 85
606 435 98
607 251 49
608 95 70
609 536 75
610 266 23
611 262 19
612 205 25
613 219 67
614 176 74
615 550 95
616 151 87
617 503 76
618 329 15
619 418 10
620 347 33
621 379 49
622 556 92
623 226 30
624 602 96
625 436 41
626 52 31
627 384 79
628 322 56
629 605 80
630 119 80
631 66 81
632 63 99
633 130 17
634 118 16
635 188 50
636 118 34
637 445 68
638 290 32
639 128 2
640 363 17
641 173 17
642 103 68
643 372 20
644 340 99
645 301 7
646 584 80
647 466 91
648 634 49
649 210 91
650 578 19
651 406 26
652 613 48
653 613 71
654 288 56
655 516 84
656 37 72
657 166 36
658 655 101
659 38 95
660 468 81
661 554 53
662 405 100
663 655 67
664 44 62
665 129 26
666 488 93
667 13 45
668 370 7
669 655 11
670 449 48
671 235 42
672 556 46
673 144 25
674 673 23
675 196 43
676 38 29
677 287 76
678 590 40
679 198 53
680 112 50
681 315 84
682 497 23
683 601 4
684 3 75
685 275 13
686 262 89
687 496 34
688 534 18
689 492 12
690 176 72
691 627 74
692 445 59
693 431 68
694 205 25
695 118 37
696 210 55
697 396 80
698 1 29
699 416 22
700 123 100
701 277 101
702 184 4
703 272 39
704 230 101
705 222 75
706 245 6
707 7 65
708 652 34
709 700 13
710 301 89
711 526 62
712 206 67
713 424 2
714 87 8
715 181 28
716 421 9
717 197 51
718 202 18
719 42 14
720 553 37
721 217 42
722 72 36
723 20 84
724 3 40
725 185 76
726 380 71
727 39 98
728 587 14
729 26 70
730 527 17
731 421 67
732 716 40
733 333 59
734 590 68
735 495 98
736 643 23
737 81 91
738 229 45
739 276 101
740 62 50
741 136 48
742 4 99
743 96 4
744 61 22
745 198 32
746 111 94
747 85 81
748 253 63
749 142 45
750 88 89
751 711 8
752 450 97
753 541 98
754 273 21
755 508 58
756 499 57
757 520 101
758 734 59
759 47 84
760 46 51
761 567 11
762 682 78
763 175 43
764 7 88
765 328 90
766 517 57
767 639 21
768 486 91
769 0 7
770 584 35
771 411 56
772 247 44
773 320 16
774 622 71
775 594 58
776 678 13
777 33 52
778 339 80
779 772 10
780 533 20
781 561 51
782 682 33
783 516 101
784 182 81
785 498 99
786 374 79
787 89 76
788 208 100
789 293 70
790 717 20
791 322 44
792 652 69
793 679 26
794 637 24
795 766 54
796 319 8
797 300 96
798 772 10
799 229 62
800 430 15
801 246 4
802 667 4
803 35 6
804 56 61
805 76 81
806 335 10
807 406 87
808 646 80
809 585 86
810 384 15
811 707 79
812 416 28
813 225 87
814 593 73
815 95 80
816 524 30
817 163 99
818 229 13
819 206 59
820 434 35
821 710 63
822 112 5
823 554 37
824 92 33
825 459 100
826 581 37
827 680 45
828 53 13
829 491 15
830 273 73
831 77 51
832 397 4
833 97 57
834 537 91
835 824 68
836 231 69
837 32 97
838 349 62
839 826 50
840 180 8
841 546 56
842 747 39
843 393 35
844 62 73
845 722 98
846 763 71
847 531 20
848 265 67
849 169 9
850 209 6
851 348 88
852 158 94
853 142 93
854 798 4
855 554 10
856 160 101
857 836 57
858 381 10
859 756 42
860 733 36
861 490 54
862 162 4
863 799 87
864 745 70
865 400 10
866 25 8
867 46 44
868 196 34
869 549 43
870 438 72
871 238 66
872 584 96
873 223 87
874 366 36
875 150 67
876 470 79
877 30 71
878 595 13
879 569 52
880 614 93
881 736 59
882 493 92
883 192 12
884 231 101
885 822 14
886 846 84
887 781 60
888 559 30
889 833 86
890 460 14
891 781 32
892 554 65
893 461 59
894 76 85
895 103 18
896 469 11
897 356 47
898 659 100
899 814 19
900 571 62
901 428 56
902 347 11
903 87 30
904 774 54
905 234 39
906 876 91
907 327 52
908 164 4
909 696 90
910 305 94
911 337 90
912 895 39
913 894 70
914 199 56
915 16 61
916 362 101
917 581 79
918 686 19
919 469 79
920 298 52
921 903 75
922 891 24
923 636 33
924 248 33
925 205 38
926 93 72
927 169 61
928 614 36
929 36 64
930 770 71
931 51 86
932 802 69
933 382 44
934 80 82
935 229 28
936 73 17
937 570 88
938 95 29
939 200 70
940 391 1
941 539 76
942 112 2
943 351 11
944 236 43
945 326 66
946 619 96
947 707 69
948 119 42
949 254 53
950 374 10
951 339 90
952 131 57
953 577 6
954 252 80
955 472 98
956 153 16
957 717 77
958 313 57
959 770 69
960 279 46
961 108 14
962 322 34
963 727 5
964 499 44
965 930 19
966 839 58
967 242 63
968 185 45
969 605 7
970 736 66
971 737 80
972 442 23
973 548 93
974 585 29
975 274 17
976 514 4
977 198 52
978 617 63
979 890 58
980 183 56
981 691 100
982 630 21
983 731 83
984 411 63
985 638 21
986 802 56
987 403 77
988 610 43
989 768 22
990 417 50
991 315 41
992 887 6
993 183 18
994 401 88
995 14 65
996 485 67
997 126 19
998 606 97
999 706 7
281 842 18
96 338 32
410 627 12
119 771 59
850 980 9
92 581 59
2 527 61
311 788 44
785 901 33
498 652 69
48 193 47
21 798 43
631 913 47
453 897 96
133 608 46
506 690 84
248 763 48
358 813 90
146 408 37
327 392 9
555 952 70
281 701 60
596 860 48
198 788 18
292 850 17
669 805 83
360 531 8
260 808 74
172 400 38
268 301 75
556 734 54
57 368 88
797 875 26
158 220 85
270 726 66
93 412 83
157 634 66
289 676 90
441 854 99
333 692 71
403 626 98
242 712 92
138 766 78
121 925 27
738 969 77
590 784 28
429 476 74
148 395 60
722 985 24
370 969 18
389 962 52
19 679 3
275 403 62
738 994 85
430 744 95
655 714 21
219 544 77
81 901 54
323 996 78
497 743 51
781 843 71
459 786 100
877 960 19
844 898 14
168 554 97
720 737 11
23 92 61
58 479 72
286 370 21
85 129 13
248 330 43
582 592 93
22 674 93
155 684 52
352 669 52
573 621 85
619 925 14
317 350 14
379 740 55
119 579 13
618 784 25
99 598 8
245 655 90
498 911 27
294 428 49
147 896 18
120 656 76
520 616 79
246 650 4
649 851 42
111 892 54
435 833 53
513 813 11
489 951 97
482 772 88
4 108 96
909 966 44
97 200 52
698 761 28
17 486 85
378 710 99
523 763 24
80 467 84
83 984 26
238 542 41
182 433 29
704 723 62
36 928 88
150 528 17
334 715 21
77 180 13
370 831 70
576 807 50
351 867 34
46 650 48
681 794 27
514 747 12
549 758 25
119 463 98
279 434 16
648 996 93
35 713 10
741 870 28
682 687 59
17 581 47
824 880 36
75 813 56
537 828 25
122 409 34
437 974 13
651 689 97
108 755 99
413 968 84
219 659 99
18 978 6
498 606 88
370 606 8
205 849 6
491 776 76
425 647 47
508 557 33
341 462 98
814 921 47
358 850 27
131 339 22
189 828 73
96 232 92
529 876 67
481 725 13
391 550 99
610 876 81
617 619 92
12 282 46
67 244 84
177 324 76
393 586 21
9 721 99
460 528 87
113 746 84
598 841 87
532 875 18
233 598 21
168 691 97
16 561 21
495 680 28
125 898 36
122 541 98
794 878 30
550 660 49
830 833 82
220 467 97
708 989 36
892 908 28
381 559 32
61 686 3
881 987 18
693 756 78
136 173 3
525 678 98
468 866 93
298 421 22
357 870 17
447 818 85
309 869 54
711 816 66
501 711 31
182 459 21
869 942 63
72 865 92
310 356 21
231 460 29
214 613 25
56 78 95
617 683 76
51 501 43
562 840 71
376 703 44
127 742 78
144 396 100
533 574 23
478 591 29
217 572 31
210 927 25
148 552 49
244 367 95
189 996 97
468 837 11
108 528 74
304 545 48
46 528 83
273 581 77
278 465 34
484 515 33
724 800 50
827 841 91
63 682 7
105 618 77
14 261 31
633 863 29
469 700 30
275 351 44
652 937 94
489 513 57
640 662 30
609 998 83
382 626 33
391 402 20
401 637 35
711 786 87
231 682 5
514 865 53
367 392 26
122 883 33
40 725 83
240 715 15
204 367 4
692 794 71
291 829 19
317 576 1
177 410 21
470 490 98
33 944 64
334 726 99
74 671 12
9 665 57
493 983 38
650 749 11
267 455 27
407 431 91
47 374 80
869 897 33
86 406 52
514 561 75
14 525 80
481 812 59
329 563 60
193 258 84
242 594 89
13 822 91
284 666 100
153 345 75
538 745 28
314 709 54
245 492 33
92 378 19
6 805 36
216 333 71
311 510 40
589 908 87
46 502 19
129 516 71
11 492 95
373 497 39
363 794 27
18 965 4
524 770 76
453 486 22
3 502 21
297 300 18
56 616 45
242 771 39
362 939 7
437 567 90
17 820 21
348 770 46
75 325 56
57 102 11
767 833 50
198 976 11
66 431 62
241 871 53
248 384 67
710 956 88
333 691 38
448 613 50
260 656 19
702 934 43
363 564 70
636 894 32
269 278 12
419 747 9
288 596 9
729 949 85
439 475 32
482 911 50
47 255 25
57 969 49
194 241 71
664 983 66
109 744 76
581 807 37
157 514 67
347 576 51
445 635 11
319 528 7
344 841 95
125 251 35
571 892 23
81 420 39
145 338 38
332 706 36
554 937 30
424 935 64
28 474 96
31 834 31
211 914 48
221 850 9
143 544 18
777 926 37
413 566 36
293 626 30
347 361 48
753 941 77
692 819 60
601 723 99
518 907 22
259 357 32
142 168 72
538 795 22
429 986 21
266 296 101
180 983 83
839 843 49
45 69 83
507 824 44
136 453 1
426 528 70
77 370 76
753 916 24
316 416 21
253 749 19
451 672 23
29 532 12
533 948 93
85 292 48
569 683 26
16 642 85
742 797 45
41 873 94
346 650 24
277 996 58
337 351 5
556 981 65
21 432 101
156 357 13
28 244 70
162 298 47
20 947 57
228 726 48
288 768 49
606 861 42
539 973 43
761 859 88
53 542 22
893 926 66
516 528 91
767 911 60
192 243 65
516 812 80
631 799 31
93 177 71
39 959 5
828 901 48
65 535 38
627 956 36
193 760 21
780 822 36
484 823 54
123 355 32
150 468 50
264 725 47
78 932 6
174 497 5
20 75 10
198 924 26
679 971 98
302 434 63
857 914 4
606 722 27
869 926 44
312 432 49
550 907 76
463 695 32
387 658 54
530 820 88
565 656 23
563 603 82
492 871 28
432 717 13
370 613 59
157 796 31
299 398 29
226 511 4
141 896 83
160 341 49
322 777 52
40 365 60
472 588 21
415 924 12
71 481 29
61 467 16
145 273 12
50 928 43
116 759 70
373 982 80
294 401 75
392 713 13
515 667 38
15 697 15
548 757 65
330 892 34
162 990 54
461 954 87
344 569 14
73 788 95
506 542 34
474 601 69
633 908 87
415 766 96
285 883 77
335 845 31
82 289 11
170 542 60
580 990 44
311 706 19
11 625 37
182 679 81
577 584 75
170 997 100
295 725 59
97 288 7
704 788 67
126 450 51
187 622 57
177 400 25
820 950 56
115 298 50
185 506 55
274 914 31
157 780 51
175 983 84
331 819 46
420 623 61
251 365 6
103 886 69
631 743 57
236 947 45
120 525 63
524 866 42
219 667 80
448 477 4
415 498 80
439 758 45
456 770 50
34 227 48
561 716 12
658 859 31
374 923 62
899 905 80
540 574 76
277 525 60
190 311 23
42 338 90
138 242 26
843 853 29
459 785 7
100 569 16
47 195 37
293 557 75
46 475 50
644 982 24
221 927 36
167 759 6
139 471 43
143 484 9
220 461 74
1 770 49
555 884 54
418 978 85
683 796 90
187 339 85
718 742 52
486 567 90
52 831 74
172 442 83
248 643 21
236 905 38
122 290 19
774 942 92
49 349 81
114 686 91
109 479 83
16 493 44
190 893 14
124 778 97
14 806 31
415 616 90
583 849 62
473 540 62
163 329 87
629 872 4
641 776 55
816 979 90
649 889 55
278 567 64
850 866 5
590 603 65
279 602 79
58 79 61
492 988 89
301 393 65
514 589 53
456 887 55
48 670 5
305 707 70
87 550 11
477 763 82
74 919 93
605 677 62
66 174 42
564 902 86
134 918 50
120 567 20
237 683 67
293 977 51
215 217 68
634 805 41
611 881 45
171 457 49
533 941 19
190 334 84
424 571 53
772 972 55
91 366 84
468 618 2
503 954 83
30 712 12
307 710 41
84 185 16
378 453 89
9 127 44
169 551 52
777 994 39
303 854 35
641 783 66
139 313 68
276 689 100
435 670 54
497 897 51
21 524 96
501 718 92
254 483 42
115 720 83
195 847 46
132 354 61
355 893 48
121 353 85
178 356 21
492 757 100
378 770 46
617 949 45
313 849 22
397 445 97
681 737 71
392 677 20
261 651 86
696 961 53
432 790 59
300 589 90
100 335 30
897 900 42
78 347 51
381 482 88
268 792 52
599 750 24
136 242 44
120 143 43
235 538 41
221 671 71
493 565 13
804 816 19
86 200 87
360 809 42
89 476 87
456 723 29
25 856 98
213 748 76
223 477 79
81 103 100
163 702 94
470 481 70
266 651 32
128 620 48
131 851 33
242 698 82
407 560 70
227 902 44
252 675 7
609 783 85
441 654 98
373 976 97
76 78 34
114 764 38
511 783 17
252 767 83
10 803 1
546 723 68
154 852 74
328 517 97
325 569 43
763 901 17
715 721 42
90 405 30
739 983 27
334 896 9
171 928 17
1 320 88
405 910 86
286 378 52
285 404 13
365 674 74
310 572 11
12 994 72
859 977 65
708 735 16
153 523 57
663 804 72
286 394 94
10 543 57
455 967 20
568 665 35
82 186 94
39 693 6
185 264 74
210 449 66
189 824 26
712 994 80
192 654 92
89 179 27
74 499 34
254 847 21
480 737 30
710 791 83
65 317 40
80 644 90
91 672 85
350 455 24
277 302 75
122 165 48
462 800 73
681 769 57
933 973 31
455 949 87
519 990 91
258 488 67
413 907 55
728 948 89
369 661 62
124 319 8
298 557 69
91 645 91
647 978 53
547 819 42
176 751 61
560 852 37
120 901 47
105 967 45
4 605 17
624 746 11
171 414 86
154 804 5
173 551 34
568 614 30
627 787 68
782 902 94
168 729 47
750 922 57
528 805 84
80 636 59
497 634 29
718 995 9
294 979 21
335 655 24
83 921 62
274 836 47
611 851 29
353 928 86
119 643 40
267 691 28
340 689 25
56 252 3
33 854 34
253 493 96
640 737 38
745 762 28
478 763 90
263 555 29
88 479 75
74 891 32
353 556 22
539 887 83
27 240 37
132 948 24
608 664 82
310 704 22
495 719 46
572 642 47
627 719 63
478 805 60
51 639 9
802 944 12
155 431 21
158 889 43
487 686 49
8 814 10
187 769 63
230 430 42
121 917 73
487 498 94
732 819 11
24 70 65
727 813 10
781 942 5
113 172 97
14 17 73
34 909 41
205 629 45
210 491 49
698 709 93
590 602 97
149 529 26
33 189 1
44 252 45
696 996 93
144 782 70
19 117 68
347 876 74
199 778 62
158 383 18
5 844 51
582 747 50
402 863 39
430 947 85
595 854 29
232 951 54
183 945 99
564 835 33
642 812 34
674 877 12
602 705 68
165 677 82
727 892 88
32 676 42
594 832 13
249 767 76
135 825 36
741 835 16
837 905 7
175 317 5
266 667 67
224 817 73
32 949 34
155 870 56
179 553 59
548 818 85
698 783 8
303 346 49
542 979 47
288 372 65
517 565 99
431 569 92
161 496 27
370 448 81
26 322 96
358 995 100
970 990 51
20 224 48
565 596 44
514 897 7
613 634 58
765 872 80
316 518 86
55 994 101
669 927 72
208 907 83
495 606 9
204 539 51
143 565 46
286 514 18
294 837 3
302 674 14
155 462 46
507 789 95
865 890 85
405 481 45
654 839 23
681 935 66
348 687 69
559 618 7
155 734 92
166 343 82
185 540 12
212 614 24
307 765 21
762 900 30
1 954 41
851 863 81
685 864 52
455 747 12
249 784 60
410 996 97
344 943 71
305 829 12
560 799 5
425 668 12
452 850 10
485 958 22
441 615 52
251 966 61
110 994 28
236 270 19
27 720 22
396 491 75
2 852 91
700 710 67
707 880 26
1 104 36
719 902 11
60 426 45
490 732 51
735 976 101
27 525 83
14 538 28
376 638 3
538 778 34
91 575 68
491 834 48
612 765 21
362 385 46
900 907 91
176 354 99
486 730 25
18 363 92
414 573 78
125 134 47
730 789 95
54 274 99
520 940 90
20 370 88
5 995 64
544 805 86
48 570 77
250 924 39
797 838 68
326 564 21
212 860 31
79 646 75
255 540 98
107 810 56
31 891 38
97 246 38
76 740 56
28 197 71
491 855 40
572 711 32
306 844 47
85 468 80
16 513 19
239 610 17
529 964 68
498 559 55
179 332 46
36 62 40
419 554 18
278 606 81
176 878 82
45 418 87
180 597 64
262 881 19
75 195 69
225 586 15
545 594 23
72 926 96
116 443 50
811 936 87
41 144 32
109 644 64
791 801 1
386 619 31
529 560 87
295 527 42
167 478 10
383 904 98
138 418 49
784 930 19
388 632 78
378 613 24
214 816 24
286 315 82
750 871 78
503 523 82
603 716 27
763 938 32
584 879 67
645 858 47
70 449 68
496 642 35
637 861 99
165 658 42
151 842 26
369 852 75
376 906 46
959 979 57
103 892 9
285 567 85
175 521 9
229 294 38
281 608 81
209 511 94
414 761 68
783 839 45
376 517 60
725 809 17
539 807 8
649 692 101
264 895 23
2 214 89
525 947 94
144 838 86
500 984 54
955 997 59
183 585 44
131 922 56
759 815 24
205 988 11
89 430 24
71 229 83
715 966 10
136 496 93
420 457 80
152 647 14
337 846 47
419 526 55
433 514 63
538 728 52
144 313 14
40 487 2
778 797 43
553 566 5
303 456 36
460 720 49
82 244 34
864 962 41
315 603 70
756 839 83
482 740 68
572 700 69
38 521 67
524 725 25
21 59 95
109 364 37
308 725 34
404 641 91
8 202 85
399 910 56
157 763 85
19 261 39
134 536 96
345 886 13
354 402 67
376 949 52
288 442 77
17 983 93
658 707 63
483 969 16
471 859 18
117 349 70
235 435 58
732 766 63
669 703 25
432 866 60
620 969 59
169 948 30
991 992 21
452 525 49
526 797 73
803 938 27
3 293 36
442 611 21
297 513 71
687 754 51
173 366 8
610 791 60
531 608 40
313 409 32
448 548 51
0 468 26
454 552 52
650 703 88
189 900 7
209 749 48
430 434 24
576 621 24
95 472 82
376 961 1
638 850 83
512 569 34
5 485 8
464 534 89
378 469 73
399 926 37
481 630 62
336 777 65
303 814 18
15 68 28
29 500 30
69 718 25
460 937 85
163 183 97
665 901 88
91 551 5
155 162 6
390 654 26
282 742 88
156 766 11
186 420 28
929 965 22
763 956 56
79 459 86
721 952 80
289 999 54
864 975 70
503 835 46
271 683 34
78 630 8
654 881 80
843 930 94
143 374 46
82 951 99
621 744 81
2 731 60
687 756 8
660 884 63
357 473 82
156 262 33
685 938 20
3 548 73
714 999 79
142 802 84
159 967 95
466 550 91
480 650 58
344 629 54
517 662 75
239 619 93
29 461 38
730 826 8
192 841 26
98 251 80
34 449 24
420 842 33
69 100 41
3 897 33
20 272 94
406 776 70
91 233 17
693 884 13
311 802 41
239 930 12
564 792 53
721 903 68
701 730 1
906 925 86
283 865 2
80 477 10
83 953 25
445 451 100
527 615 84
501 733 67
541 989 7
144 208 71
227 882 101
116 203 32
389 429 64
406 864 86
487 502 19
20 579 23
19 598 84
53 162 25
599 731 94
111 625 39
67 626 58
60 885 60
586 599 33
0 281 76
62 124 52
346 704 61
193 896 76
262 987 47
367 480 49
266 483 49
796 833 101
735 763 56
235 442 1
802 967 60
349 963 31
857 971 36
129 483 5
456 551 58
131 362 4
542 918 70
330 807 5
309 573 2
444 777 48
308 924 74
378 889 2
102 826 63
13 615 62
195 817 46
663 723 52
386 501 38
458 754 37
867 869 80
120 934 68
271 982 30
433 975 81
571 904 100
415 499 10
902 964 67
434 761 26
446 834 14
246 904 35
56 827 7
201 601 69
613 853 5
909 920 67
858 976 40
31 778 70
338 983 27
515 870 37
793 850 48
1 339 47
51 513 34
764 800 50
264 331 101
16 912 15
245 451 32
522 534 70
636 943 73
327 555 97
259 287 70
314 987 44
4 9 77
3 345 26
252 965 44
334 618 13
700 757 89
118 191 37
138 566 78
273 425 37
88 212 38
419 943 40
51 929 10
428 578 17
99 452 20
603 969 78
209 529 20
149 658 19
745 899 54
237 274 30
88 326 15
634 786 76
620 711 96
184 224 22
504 586 67
34 70 89
577 779 15
90 756 79
673 977 21
27 868 91
315 590 66
142 966 96
68 316 64
237 609 57
307 992 84
420 955 67
322 410 26
4 342 52
257 750 7
157 206 29
354 976 32
380 850 35
356 728 5
189 215 51
66 390 95
239 292 43
519 823 99
279 756 66
320 420 1
344 660 6
463 945 43
336 913 25
405 469 75
140 533 64
8 183 33
262 980 58
135 428 63
149 235 14
86 691 72
648 867 94
642 683 1
222 632 1
376 901 48
361 404 61
212 445 52
319 418 8
23 490 66
234 777 53
176 866 23
36 615 72
591 774 72
227 887 25
241 538 77
347 990 50
99 691 25
147 830 3
459 864 81
280 304 2
478 915 74
63 812 67
689 949 62
9 301 93
173 976 5
95 116 24
701 848 101
9 29 99
539 715 32
195 261 54
528 747 92
539 771 55
710 928 4
325 557 95
387 482 41
419 666 15
333 784 14
121 841 92
694 850 40
151 670 94
25 253 33
195 546 68
136 922 94
759 802 75
218 378 39
304 542 12
589 598 46
377 738 3
156 588 30
585 793 97
264 993 35
366 606 89
602 743 49
522 536 77
225 436 74
180 973 37
287 932 84
80 765 45
59 254 87
273 687 51
143 919 99
376 891 31
779 930 66
346 970 79
101 904 3
371 425 17
334 866 85
76 112 9
641 687 15
208 551 37
13 820 67
761 980 52
403 440 46
134 571 53
40 129 48
436 474 13
140 892 6
9 76 8
32 121 60
192 520 87
361 423 75
321 937 91
298 707 62
231 251 46
520 527 42
523 724 20
875 927 23
617 944 18
597 706 33
113 641 27
484 995 56
79 434 83
85 808 85
688 725 45
35 959 25
218 318 2
176 377 64
282 610 6
233 865 15
455 458 43
542 695 60
744 838 15
557 716 41
50 356 39
387 634 93
55 83 51
403 882 74
194 649 1
263 898 101
215 707 69
185 577 21
422 844 47
231 303 13
240 674 99
157 910 40
408 839 60
486 528 44
395 963 65
609 800 34
247 329 81
584 809 2
14 645 21
215 359 64
608 924 60
772 887 44
348 938 98
302 825 61
518 797 27
534 720 64
798 845 39
423 551 52
54 466 58
493 728 4
597 732 97
24 477 89
801 846 85
220 852 2
883 901 79
601 624 34
788 973 54
264 898 13
626 844 18
59 267 47
518 963 83
437 889 56
170 924 3
385 391 30
77 82 15
310 684 78
689 844 83
341 971 81
674 694 80
389 763 79
489 846 45
90 727 10
58 354 87
541 715 9
87 362 45
319 366 63
717 784 70
91 383 82
561 828 36
115 730 95
396 601 9
631 641 86
376 915 19
703 915 9
392 710 87
35 409 6
75 126 26
162 695 68
542 924 93
482 699 76
70 465 22
138 270 13
259 670 6
40 754 68
65 586 35
63 228 68
825 994 51
78 784 38
258 551 47
179 618 48
263 788 15
15 97 76
59 175 9
352 710 42
213 853 26
119 821 32
13 410 77
283 449 61
614 838 28
386 786 87
321 927 99
271 903 19
359 721 77
548 689 55
54 741 24
11 145 49
81 906 55
193 331 76
241 671 13
11 906 5
462 784 27
383 462 20
853 876 50
79 484 69
234 368 9
46 289 36
297 560 31
701 716 11
799 852 83
508 990 9
500 629 83
176 507 84
49 312 93
21 630 80
477 665 25
18 147 87
185 591 66
207 683 96
162 328 93
922 961 17
529 765 43
64 571 31
54 488 66
371 561 15
100 608 53
387 436 69
461 874 90
740 922 63
370 701 10
119 353 89
553 627 92
583 679 40
251 361 11
481 528 86
131 951 14
472 846 47
263 417 20
192 791 45
167 317 76
147 635 7
148 299 17
159 721 7
778 993 57
382 715 13
318 406 73
93 376 98
239 881 45
1 33 5
252 504 3
593 896 13
515 825 88
318 353 41
159 320 82
428 532 86
472 770 40
123 538 47
780 965 94
137 502 23
144 367 21
18 370 25
334 742 33
575 858 94
249 325 61
157 665 81
204 318 38
267 422 35
290 300 81
256 445 81
291 456 88
454 654 83
300 692 28
346 366 87
552 793 46
144 379 75
169 586 20
578 857 67
640 969 61
8 351 62
41 272 88
462 633 99
150 545 61
763 910 24
301 558 51
605 927 20
534 656 15
10 578 60
670 880 55
230 455 71
497 865 51
130 138 46
451 921 78
287 535 21
791 948 50
621 784 54
193 399 7
168 991 87
787 873 42
388 531 18
908 931 1
257 673 37
11 967 64
510 570 5
685 846 5
687 736 35
463 791 79
66 278 57
324 672 8
484 907 42
61 147 22
216 872 41
682 698 61
429 460 72
318 608 79
349 381 72
468 930 59
148 649 59
379 544 101
27 199 53
307 357 15
414 444 20
190 753 72
15 932 47
87 925 94
176 706 24
23 971 1
632 765 92
48 385 68
167 178 46
252 469 17
162 719 98
419 425 76
292 497 55
250 747 34
625 688 95
65 697 14
245 430 74
123 867 10
465 983 71
54 386 81
59 785 28
270 830 15
460 638 45
105 562 99
253 863 31
463 603 94
386 717 59
259 923 71
139 778 5
435 676 82
432 908 47
601 840 75
315 607 90
151 922 52
193 527 51
460 591 22
111 860 40
122 352 98
397 674 43
637 904 101
548 898 72
5 944 66
213 389 77
444 635 24
357 495 100
47 879 45
639 769 96
194 806 23
424 666 96
392 439 43
192 969 67
54 909 84
216 408 89
124 829 37
68 589 31
585 880 65
749 963 78
656 787 57
176 649 49
6 780 80
47 85 41
247 687 41
372 934 97
853 931 92
59 836 72
76 237 19
281 472 41
580 646 46
254 643 29
426 561 94
522 697 11
74 611 51
637 941 18
182 469 30
349 536 69
147 959 66
627 878 72
221 505 77
253 589 7
683 894 94
113 312 49
187 838 26
249 342 1
18 373 97
218 310 49
444 543 31
190 911 12
81 716 79
55 479 12
113 846 60
249 956 71
812 997 77
492 509 23
194 888 100
144 406 34
452 617 80
140 646 47
18 764 52
36 99 8
871 945 86
502 607 85
18 807 31
368 829 44
513 624 75
506 752 90
464 994 63
426 918 87
27 389 45
3 696 56
9 929 35
571 681 95
917 970 46
1 193 8
524 901 22
548 624 68
294 369 49
435 702 97
461 880 49
38 390 50
359 998 49
194 849 41
681 795 100
267 848 21
147 473 76
187 567 101
271 388 66
613 842 101
91 343 14
516 763 9
448 957 89
340 990 17
502 892 31
122 303 87
162 993 31
78 616 26
80 223 35
89 819 66
160 322 88
224 759 46
850 861 65
476 589 42
4 19 73
30 232 90
98 254 30
663 735 28
752 757 45
766 952 41
89 993 15
97 948 26
20 614 61
742 882 8
860 879 1
578 789 60
410 482 26
518 920 87
729 964 29
365 810 20
555 588 37
238 896 33
885 924 76
182 651 58
370 968 94
620 779 28
291 662 80
758 972 61
870 951 68
738 881 75
241 672 25
867 878 88
150 564 80
426 578 35
73 132 84
211 680 25
679 707 100
434 902 38
366 972 82
108 899 74
0 340 54
613 858 82
24 489 16
348 383 44
30 414 74
262 569 19
191 221 87
464 714 76
769 814 87
682 799 50
214 234 100
119 827 90
503 683 99
667 960 54
83 668 76
296 695 18
179 282 69
282 600 70
438 843 98
1 751 51
147 187 100
888 912 67
467 645 92
362 604 80
67 796 77
82 248 1
37 647 18
60 447 84
177 375 95
59 709 26
598 996 44
441 852 40
449 938 49
682 832 63
681 734 83
797 808 83
399 844 5
750 897 50
935 979 80
68 698 15
38 700 58
191 455 33
205 766 29
292 468 87
20 286 15
608 616 98
489 850 26
590 846 59
69 890 48
90 345 97
131 949 76
82 638 40
48 990 51
177 744 54
702 736 53
729 998 88
405 677 47
691 814 29
51 673 22
341 513 80
126 990 57
212 971 21
463 978 61
3 228 11
110 883 28
325 590 18
37 519 59
63 640 25
788 850 88
430 632 38
189 598 21
273 283 80
74 337 58
130 728 84
514 582 38
805 919 39
336 463 42
627 851 76
227 336 57
560 712 40
658 942 55
171 812 76
409 450 66
534 706 14
70 742 21
236 466 37
350 529 64
264 575 18
398 555 14
452 705 60
153 605 65
540 990 36
304 979 2
258 345 7
173 613 83
279 628 24
480 708 34
195 484 4
247 366 25
239 989 68
77 894 40
288 842 63
81 368 61
556 861 42
451 838 22
548 631 5
107 861 72
528 862 30
197 611 4
391 672 26
615 742 49
55 999 97
79 429 10
297 913 16
4 622 66
173 389 40
0 628 56
251 410 95
19 183 65
419 571 21
334 880 55
211 419 3
864 967 52
262 886 34
588 964 44
754 992 64
690 968 54
343 981 98
50 456 33
268 870 6
291 377 48
336 770 38
611 871 39
309 510 16
599 819 7
440 793 65
400 952 27
818 845 79
266 663 69
415 493 48
365 477 81
255 776 4
461 924 43
88 461 58
297 784 28
707 722 17
357 914 30
215 337 60
742 841 36
66 702 69
661 681 56
632 863 100
139 634 32
117 781 62
135 431 98
63 115 59
531 776 35
22 533 60
379 609 8
110 650 28
588 779 57
604 748 44
733 857 14
40 301 7
169 391 60
516 926 64
150 867 62
723 861 1
909 939 76
22 722 7
136 651 43
260 460 74
237 720 9
317 978 18
232 329 66
580 649 77
376 644 92
349 754 6
754 778 14
303 568 87
333 351 40
301 685 84
629 835 55
207 647 65
340 632 65
346 637 38
283 960 73
267 400 28
173 586 50
596 883 97
99 401 99
83 138 48
37 960 72
507 946 41
369 804 20
179 821 66
76 686 98
347 775 11
911 939 85
367 896 23
415 833 25
647 848 76
166 712 7
2 193 44
371 664 20
79 726 67
50 985 41
284 635 14
56 541 92
33 764 74
32 122 86
762 822 8
33 732 79
583 766 86
642 796 87
582 815 53
815 819 78
103 271 36
180 359 35
546 944 81
130 827 12
504 859 80
251 539 96
24 771 72
244 517 81
136 918 9
741 790 38
370 925 29
227 375 27
27 151 52
273 996 76
276 907 81
614 857 92
331 442 2
11 515 38
627 885 86
391 723 15
349 616 79
196 474 42
327 710 57
54 359 29
170 590 54
495 856 46
493 741 60
624 999 73
678 744 39
26 478 54
364 997 99
165 310 62
520 710 23
803 981 23
263 859 16
272 316 36
25 580 100
127 907 12
147 481 67
12 414 35
109 795 20
423 691 19
296 656 3
389 775 51
143 156 57
18 411 65
558 909 79
703 935 64
631 795 96
304 781 64
207 295 75
584 991 44
761 978 78
45 735 69
190 323 20
55 578 75
469 667 50
198 362 8
162 368 49
170 687 12
229 571 63
340 868 45
207 575 24
253 942 83
300 514 56
352 577 31
65 668 23
557 648 17
113 717 31
106 172 17
157 639 18
276 819 88
286 530 34
404 849 3
535 824 39
119 145 85
160 685 59
23 902 95
600 968 82
464 910 60
422 829 27
56 542 101
389 536 8
523 957 32
234 825 53
567 734 59
327 896 2
281 788 16
330 970 47
259 650 52
450 463 68
135 352 12
126 148 46
611 819 53
210 882 92
129 217 55
617 676 73
46 110 23
350 737 98
89 115 19
126 690 5
609 806 15
19 688 72
468 658 97
340 973 26
213 274 90
173 382 39
229 590 46
67 806 43
24 119 43
657 928 12
717 874 57
711 734 31
738 921 57
665 685 98
953 976 14
635 681 5
72 649 62
452 760 76
223 412 5
371 547 50
83 480 6
42 687 96
399 553 54
571 721 27
37 344 89
10 448 79
167 948 99
90 401 72
331 538 61
162 988 46
542 628 1
475 540 55
247 720 49
16 646 32
300 918 58
254 848 27
527 928 18
106 336 3
51 482 66
520 630 26
349 441 78
0 767 68
501 696 94
426 544 44
575 811 32
692 825 8
695 757 39
554 684 7
356 504 41
47 303 44
432 757 71
176 952 89
153 175 52
109 413 50
7 45 48
252 447 43
21 913 81
56 216 51
179 722 92
197 972 41
478 862 68
289 611 30
330 653 70
742 981 5
622 950 91
222 316 79
198 766 88
450 783 27
214 840 43
587 960 95
145 356 35
441 681 90
383 741 11
534 707 7
452 931 15
122 851 72
15 920 31
695 933 12
53 153 27
345 448 22
687 885 15
201 716 12
699 970 2
73 87 17
520 531 7
746 824 38
28 388 62
66 162 71
477 630 96
44 991 21
442 888 25
631 705 6
35 385 86
696 986 46
2 389 63
352 670 81
42 661 11
421 933 77
169 571 55
526 799 19
808 826 53
471 942 81
73 741 55
98 152 53
75 695 2
874 931 55
177 546 90
99 666 26
229 851 14
200 824 81
344 435 11
621 727 21
209 828 14
429 783 39
956 961 43
323 532 72
600 695 101
121 613 50
479 712 99
322 328 17
161 841 22
190 627 75
145 431 2
144 836 54
31 805 21
282 475 49
283 950 56
102 723 78
81 597 38
29 856 30
61 905 25
42 537 46
45 190 89
281 504 79
575 622 61
154 823 84
182 453 75
565 657 46
341 430 30
126 360 92
816 999 82
146 944 1
376 543 44
81 913 101
119 635 26
239 917 60
688 889 23
1 952 5
186 864 13
339 756 83
122 556 56
388 962 99
122 320 37
288 736 5
743 929 34
740 827 52
555 676 3
77 346 53
175 519 62
550 678 51
234 557 91
582 659 1
491 594 61
892 991 1
270 390 56
209 339 76
866 962 92
85 533 80
462 898 85
293 712 12
64 934 9
776 878 70
355 879 39
97 690 71
234 477 82
177 773 80
685 756 71
486 745 88
427 838 68
205 321 96
868 925 75
154 449 68
423 810 64
685 983 16
49 507 64
317 579 42
616 915 46
422 849 71
56 663 46
680 942 44
402 414 72
327 905 88
703 777 98
486 671 13
691 873 99
310 881 58
34 462 80
33 490 4
458 958 69
190 374 75
428 952 61
502 995 59
300 942 77
217 460 28
273 971 67
635 919 14
458 888 29
245 757 21
9 558 78
406 651 99
112 642 42
91 173 43
365 625 82
5 50 31
385 685 57
780 888 14
735 740 69
394 781 56
40 147 32
109 194 94
473 918 37
173 422 22
359 883 25
215 503 94
126 429 95
251 590 13
99 227 77
502 741 34
331 371 28
234 868 8
607 740 92
325 980 73
191 987 101
121 457 78
215 862 51
452 791 22
476 986 96
142 754 82
498 632 96
391 467 25
705 861 3
534 949 58
867 963 35
758 943 20
254 724 17
173 802 98
6 694 97
350 426 10
832 965 35
48 196 14
484 940 44
35 164 16
102 975 6
100 417 92
295 596 91
457 469 83
315 618 84
642 669 5
334 827 89
697 988 90
570 939 79
123 384 62
171 751 32
739 811 82
211 742 59
86 318 84
141 153 55
564 685 6
719 986 85
401 687 64
127 257 20
332 763 37
76 144 14
204 690 53
102 798 17
146 745 24
715 824 48
78 696 70
586 646 26
277 447 68
149 947 91
697 990 54
898 930 14
330 622 56
157 988 76
126 642 70
213 890 68
100 875 29
48 461 78
365 903 62
411 806 40
482 834 62
790 956 3
380 820 51
110 482 26
251 680 54
426 701 26
98 415 76
318 657 32
547 767 72
145 250 44
379 943 99
262 829 80
125 178 88
663 710 5
30 825 46
99 934 81
30 81 88
99 718 73
202 661 99
649 867 74
604 677 18
92 189 4
57 586 65
286 462 37
440 765 49
640 766 92
74 585 12
53 773 73
834 855 60
717 754 54
273 620 71
341 377 24
130 572 39
499 623 18
493 546 46
32 216 31
46 437 27
143 432 21
438 836 24
124 655 66
216 592 97
258 404 47
142 876 91
258 878 26
796 907 42
160 867 33
522 915 60
160 454 30
208 412 17
529 626 68
221 333 18
97 779 40
387 660 22
153 785 97
466 876 73
166 529 12
174 195 20
98 239 41
52 893 87
4 754 98
826 869 84
221 894 39
233 767 15
213 574 43
169 787 53
174 210 75
317 985 47
55 789 65
406 649 22
435 572 3
592 931 61
468 648 66
891 907 57
504 728 21
52 103 88
197 833 9
22 827 78
787 801 15
698 823 57
435 478 46
254 280 30
390 846 71
15 148 31
306 458 95
262 727 12
176 776 66
130 436 63
336 875 35
162 383 47
660 876 86
542 893 85
179 436 80
116 809 62
85 542 85
187 295 17
69 872 29
402 732 20
809 840 28
188 796 63
134 473 28
791 909 49
41 360 26
21 339 47
231 705 31
245 322 31
849 983 74
155 333 45
242 523 61
260 566 83
605 845 78
383 509 88
242 916 7
784 968 53
456 592 2
317 456 37
5 836 7
892 963 19
440 711 79
61 476 99
624 795 13
62 626 52
686 833 16
61 977 19
326 655 40
356 850 15
421 801 82
475 951 82
605 748 15
247 354 100
341 542 82
63 560 52
601 622 8
629 685 13
13 362 43
467 763 31
631 947 40
250 660 10
156 232 32
590 728 20
637 884 16
372 931 46
523 864 39
126 553 71
262 760 18
324 964 40
194 866 33
710 712 31
453 956 99
126 509 56
704 734 58
198 443 73
789 831 58
409 630 62
203 385 47
681 823 92
792 871 43
404 907 10
246 522 7
30 194 75
397 550 51
92 912 90
59 518 27
119 645 37
99 370 77
36 667 47
249 833 24
560 617 48
415 758 1
86 295 87
75 650 38
261 597 84
10 954 81
724 812 82
424 744 87
122 570 84
305 443 95
81 529 82
14 837 94
54 61 89
670 823 38
321 563 38
277 991 69
771 997 56
22 791 8
101 283 27
40 923 21
670 757 74
415 760 95
380 912 65
414 530 63
317 510 82
496 565 36
100 773 82
84 111 66
13 559 6
84 878 75
66 112 10
146 950 52
473 784 45
452 526 45
591 855 84
451 785 90
8 482 46
433 963 3
21 667 22
229 375 13
939 959 78
119 417 20
311 864 81
340 873 14
107 976 3
20 823 98
42 352 60
199 882 45
406 514 17
195 972 3
372 877 15
422 881 27
173 286 37
305 777 31
623 861 46
32 968 101
160 618 27
17 303 18
204 929 55
303 712 5
713 985 18
182 565 33
90 462 64
951 973 80
132 744 56
32 368 2
70 439 27
261 441 100
252 340 100
52 132 24
477 683 41
300 800 76
571 637 12
152 899 56
71 81 96
74 212 28
389 621 13
662 844 70
48 703 13
339 535 5
529 759 70
89 839 94
591 643 85
685 910 59
153 985 71
178 515 18
89 825 38
143 785 11
355 683 11
32 55 6
103 899 31
429 508 54
418 724 75
262 410 65
241 633 7
183 914 82
583 889 8
179 514 88
68 163 40
302 849 93
63 302 53
24 216 94
336 946 96
18 806 71
280 616 59
512 776 1
587 970 32
239 939 15
742 786 61
187 814 96
429 603 62
7 429 26
378 491 59
783 791 92
86 841 48
114 762 25
283 483 86
490 926 15
422 677 25
284 339 81
204 967 90
398 518 35
51 927 26
130 524 61
559 694 65
341 825 39
284 757 66
701 756 75
258 423 74
16 40 76
695 799 1
162 617 6
222 457 30
134 301 7
521 739 63
53 639 54
5 119 59
37 264 45
902 955 95
245 998 63
99 800 25
428 657 99
559 866 63
619 783 96
235 364 29
273 898 65
270 596 22
220 336 55
33 440 97
139 997 91
90 274 94
4 671 56
82 908 21
241 473 13
62 881 36
105 840 44
424 501 1
106 132 86
264 464 92
535 582 16
13 593 79
532 751 73
436 637 7
102 788 68
132 597 23
661 876 14
233 910 69
45 657 43
39 213 74
458 734 85
266 874 30
651 913 33
53 720 87
509 773 62
32 233 46
33 798 19
551 613 14
42 386 36
495 809 23
37 56 97
713 850 52
148 861 60
0 227 99
372 452 57
247 734 51
324 831 33
110 215 8
527 837 9
505 968 90
60 289 55
549 731 49
206 376 40
531 991 3
532 683 27
451 610 63
235 708 27
11 188 5
591 992 55
760 926 24
674 926 83
446 621 41
703 731 30
201 704 40
754 961 14
225 403 101
431 472 101
89 502 19
383 403 86
437 707 42
532 972 41
680 681 80
344 969 24
536 814 88
306 393 46
461 578 96
208 999 43
133 231 62
5 121 95
384 501 76
750 937 8
406 862 101
182 709 77
230 844 31
91 715 75
290 309 79
428 844 77
502 737 67
356 650 22
189 567 89
477 914 12
691 817 73
320 644 55
57 830 22
91 914 26
24 134 92
353 756 31
535 562 77
63 901 9
766 783 37
69 575 92
223 722 93
721 747 8
455 916 40
111 346 51
279 331 71
33 333 79
183 401 46
85 123 101
459 871 74
108 183 64
118 980 88
304 831 60
256 637 83
856 972 46
36 468 81
598 915 30
81 317 84
572 792 7
69 171 69
540 639 82
42 46 85
263 838 74
372 822 83
89 559 5
32 157 80
226 881 101
158 396 77
767 890 23
2 755 96
368 517 20
227 980 74
740 789 39
321 413 8
259 850 58
158 175 36
816 936 85
498 591 88
414 998 80
56 182 86
25 60 95
249 772 32
597 795 83
519 992 44
357 684 69
72 856 2
198 992 35
453 655 67
811 949 6
301 594 75
200 793 34
378 394 32
214 581 32
256 656 7
230 798 67
332 834 36
664 673 7
122 651 80
566 702 73
212 318 70
216 498 34
403 500 84
510 842 20
505 973 59
361 734 4
348 564 51
66 667 94
733 971 48
223 892 42
222 678 85
221 509 52
472 828 35
847 957 76
508 593 80
833 992 6
831 937 93
552 743 60
664 967 22
496 765 53
438 440 43
292 837 28
149 395 55
182 343 68
751 776 93
181 898 40
683 980 3
289 506 41
321 363 89
167 169 17
46 153 38
478 484 18
176 420 12
740 797 88
30 379 55
109 458 9
716 752 59
477 644 89
586 882 92
398 548 13
250 598 15
177 691 44
31 183 60
646 881 29
370 810 22
247 281 71
235 461 29
92 549 18
101 851 24
266 948 50
641 702 85
727 921 26
313 896 83
574 626 96
528 881 5
17 939 100
572 850 28
261 388 16
264 525 40
324 664 15
520 769 66
640 882 17
306 681 39
75 785 98
363 892 62
20 650 16
806 914 99
39 215 52
20 484 85
216 399 83
647 917 26
608 853 40
332 927 51
685 995 1
494 868 21
201 928 77
239 714 82
639 826 54
210 528 88
85 353 36
485 744 2
486 859 26
71 391 33
222 269 76
441 827 39
223 680 19
162 633 27
326 924 50
114 659 20
518 590 45
538 906 30
359 613 94
481 860 24
678 860 53
475 774 4
788 926 87
262 909 12
80 489 51
351 759 40
553 592 72
117 342 99
158 684 65
189 342 6
162 942 15
693 792 28
489 528 20
253 788 26
815 968 16
144 567 16
49 91 69
228 735 35
303 714 7
114 745 29
515 899 69
278 936 45
225 388 66
444 824 87
325 688 86
40 257 70
528 870 39
532 964 21
329 538 62
309 783 77
213 471 48
236 956 1
498 897 14
30 690 8
443 735 45
861 948 64
455 892 12
485 580 55
206 845 68
21 61 20
213 816 64
84 158 90
447 610 9
82 110 78
64 493 28
134 312 46
836 905 77
54 821 66
681 955 3
33 255 26
529 619 23
515 996 67
18 895 97
697 869 52
669 936 97
204 772 65
64 510 94
430 889 94
201 674 42
773 931 19
153 494 72
110 801 13
731 871 90
577 732 96
351 880 20
89 727 15
75 545 40
13 889 46
505 789 95
234 813 46
213 944 40
455 561 101
340 590 25
360 631 79
476 720 57
305 916 29
42 400 3
145 159 29
686 772 46
520 595 82
535 586 73
85 322 91
44 547 53
424 781 63
735 833 73
88 920 4
593 938 84
434 921 23
187 445 96
251 391 43
29 376 86
397 515 24
594 663 54
126 620 56
25 205 89
490 503 24
355 953 98
355 632 55
706 929 72
159 311 85
326 907 26
9 185 23
186 434 98
28 973 84
242 573 1
0 732 47
12 512 65
111 931 89
689 960 67
747 943 8
89 692 82
261 993 7
137 213 30
278 647 56
280 583 93
212 881 96
89 175 62
339 918 22
310 993 93
6 570 47
268 939 14
614 955 13
429 540 84
697 809 37
312 522 41
135 300 83
585 677 62
489 812 52
117 426 2
55 773 23
584 737 15
15 19 61
109 806 87
438 773 73
88 433 14
502 856 73
407 665 5
299 317 32
301 908 21
59 944 3
243 695 23
593 861 9
124 613 33
437 646 81
175 403 48
168 392 76
652 878 100
555 951 5
610 912 78
310 791 17
307 731 62
331 674 98
269 986 73
58 460 95
645 704 74
216 248 19
250 972 35
247 593 94
156 743 54
616 646 24
519 944 66
169 377 41
534 592 82
521 526 34
311 459 61
24 80 56
461 585 45
6 69 66
522 749 3
625 951 46
76 381 11
5 735 8
243 273 52
48 906 35
541 698 98
409 845 15
18 476 93
251 262 63
77 457 100
52 264 9
533 913 69
475 661 79
209 393 12
227 708 43
111 484 84
138 951 90
264 991 24
885 940 94
320 327 73
27 144 59
84 117 70
110 444 70
150 230 54
50 143 32
799 996 64
284 850 30
236 971 29
196 824 10
753 792 41
64 647 40
596 643 101
94 726 3
10 19 77
37 252 34
568 653 57
369 735 32
215 450 86
600 707 21
220 721 76
249 299 20
674 923 22
810 926 56
800 932 91
441 734 101
66 168 61
288 663 100
312 452 35
695 767 36
3 176 52
281 575 10
90 134 89
120 784 82
267 995 91
282 313 32
403 527 40
176 763 27
28 996 86
3 476 4
72 902 27
800 871 19
225 475 7
499 576 96
34 176 80
497 534 2
557 684 29
114 939 87
207 264 39
557 883 88
311 467 47
213 996 39
75 471 38
748 982 98
483 680 83
583 709 72
118 604 2
352 434 42
41 908 84
246 519 39
31 204 95
730 901 98
419 688 34
17 140 20
99 432 81
251 261 62
327 980 64
961 967 82
220 516 38
217 396 99
104 343 28
148 780 16
91 586 59
457 902 91
428 873 17
566 789 19
123 643 21
305 825 19
7 309 85
232 541 60
359 844 72
209 404 51
200 522 23
90 648 92
768 909 70
531 781 73
214 662 23
283 477 70
523 780 82
170 643 82
88 907 2
775 985 69
144 920 67
106 880 27
916 923 32
397 900 8
790 870 40
606 831 49
210 839 63
212 746 89
356 635 97
620 746 73
523 994 40
426 817 82
280 676 55
516 803 61
43 192 30
849 989 2
84 269 42
114 521 33
604 676 13
560 725 5
317 846 2
17 945 29
430 466 62
459 919 89
127 839 79
305 326 11
8 344 1
419 675 7
547 917 29
313 507 14
75 639 27
133 901 90
106 496 100
89 298 97
602 627 77
224 738 21
703 761 55
352 645 68
51 675 99
764 975 93
318 783 92
37 368 101
212 389 1
327 903 7
328 783 87
497 726 66
88 671 66
74 806 41
667 976 49
101 340 92
285 656 90
116 333 77
240 811 64
332 693 88
650 789 52
539 877 86
325 788 39
227 322 58
288 827 20
72 594 51
177 756 2
375 963 6
261 786 97
87 540 98
44 475 66
439 768 99
132 361 5
373 598 20
61 465 69
498 986 1
652 705 88
837 872 98
235 901 61
392 930 63
67 729 35
285 885 25
175 475 61
66 671 8
269 363 90
707 719 55
273 852 71
727 794 95
72 635 38
436 831 46
317 996 52
170 967 12
217 641 33
504 646 66
784 823 89
184 922 3
563 782 35
486 496 90
533 771 24
751 812 27
599 816 27
114 232 97
187 939 24
193 240 33
227 534 98
36 565 50
67 214 69
659 676 53
3 353 101
134 530 60
576 707 29
673 885 76
644 687 73
901 964 45
584 666 25
372 451 43
158 626 1
77 367 61
67 500 80
61 389 54
111 214 93
57 167 97
452 658 3
362 865 6
170 426 19
282 340 9
464 643 91
705 960 78
5 728 75
760 843 94
33 312 77
325 483 71
10 348 100
437 923 8
334 897 9
389 500 87
354 668 46
488 544 53
120 448 1
91 990 46
42 409 10
202 230 72
94 940 6
723 761 18
43 108 83
33 723 76
137 223 79
254 403 5
770 780 16
512 830 54
612 730 32
333 971 21
162 793 92
769 912 94
825 999 101
482 696 48
116 143 94
40 400 92
73 607 85
128 296 18
294 532 100
97 792 71
51 775 63
599 869 77
857 871 8
109 613 9
459 490 35
706 863 80
609 804 43
824 853 54
185 363 20
1 602 63
355 657 34
264 717 95
84 169 92
578 988 46
309 780 37
120 661 96
287 757 22
31 398 17
307 596 1
186 254 8
307 528 36
166 516 69
87 892 79
227 768 36
242 898 20
534 841 65
424 811 35
75 716 5
909 969 89
483 978 34
356 794 90
579 998 6
557 579 75
250 950 78
28 392 45
2 292 82
163 785 22
230 948 13
172 486 45
327 718 99
683 977 98
303 460 72
204 485 87
376 412 38
56 685 60
334 565 71
694 983 29
222 576 45
196 489 64
867 950 72
457 818 42
641 954 66
203 972 18
90 137 38
400 935 81
374 842 25
165 688 61
122 995 71
168 245 1
416 521 39
125 826 56
470 543 24
641 800 7
217 715 99
57 243 15
608 765 85
76 738 39
461 935 25
123 393 91
412 597 5
646 839 2
238 537 52
672 701 28
871 904 66
93 766 8
966 974 85
540 732 73
624 839 3
622 988 9
520 593 56
50 314 42
121 621 6
398 546 61
158 932 16
432 682 7
374 830 11
497 674 29
4 586 18
769 941 86
604 857 68
204 866 11
459 927 37
379 880 15
159 549 41
156 916 7
586 697 1
90 719 67
592 596 64
87 235 61
768 841 83
67 471 71
163 186 61
288 680 7
363 774 88
166 736 18
446 608 92
352 389 84
647 982 11
513 892 2
54 425 86
1 258 12
178 297 96
18 608 20
733 816 7
64 967 36
334 391 6
280 517 11
130 150 2
250 877 1
324 453 24
353 557 45
82 812 11
324 487 65
116 990 101
282 425 73
760 887 40
201 416 22
456 626 82
845 982 39
662 926 76
782 993 95
366 428 81
85 965 70
155 260 53
709 792 17
928 962 99
320 564 53
589 971 60
462 891 7
86 87 1
532 656 90
193 359 95
275 966 1
211 737 62
760 833 34
280 947 1
272 439 52
270 498 90
216 301 15
115 287 5
14 197 82
73 823 81
91 579 88
269 926 89
28 419 72
109 139 61
88 342 81
282 912 43
91 138 37
243 542 79
366 474 37
483 694 1
268 851 83
433 742 40
452 734 71
194 597 39
547 853 96
583 659 50
233 397 69
256 545 17
568 650 85
425 950 4
78 753 92
450 828 90
213 578 95
2 999 88
259 456 6
61 875 3
581 940 5
67 354 99
598 865 35
371 516 65
350 773 81
437 498 73
104 453 34
873 956 48
360 669 21
707 723 94
51 66 55
336 390 83
657 716 96
750 810 6
428 655 39
104 994 34
89 843 74
0 632 10
219 545 49
105 699 83
820 932 96
9 544 6
52 152 71
50 832 65
309 353 70
42 904 34
239 705 12
324 883 23
280 682 40
251 911 20
145 819 56
355 645 85
53 313 72
676 929 84
299 709 63
169 182 14
120 484 4
273 992 95
537 566 77
303 933 40
8 380 68
507 571 37
15 550 17
82 958 79
268 904 57
89 676 88
62 747 74
20 244 70
46 939 95
208 474 33
208 264 20
531 785 82
608 938 63
218 663 27
239 315 32
119 458 84
96 742 62
533 592 11
590 884 35
249 743 14
356 367 33
567 831 80
26 452 20
83 235 25
765 963 34
662 793 20
453 721 80
749 827 2
92 523 86
262 544 66
21 794 61
566 845 84
342 626 62
320 399 12
653 847 1
421 833 35
293 891 80
306 494 26
39 220 29
794 894 64
816 967 43
310 788 80
30 628 26
305 573 31
37 634 45
652 899 33
476 649 48
59 578 43
118 148 51
156 628 98
111 378 47
848 892 15
330 724 81
481 733 101
202 385 43
432 819 78
819 851 59
622 820 14
337 518 8
106 578 54
455 722 79
168 914 58
50 332 79
620 652 36
8 673 26
58 725 49
472 939 89
45 507 20
179 849 52
105 931 97
597 973 19
462 908 42
805 975 43
494 651 70
351 820 57
512 954 47
20 381 76
15 732 11
111 831 39
101 890 68
178 504 26
540 698 62
73 269 30
680 895 66
15 296 54
320 861 42
489 999 78
297 787 41
125 653 42
496 957 42
314 702 23
211 991 76
778 859 82
230 706 45
878 981 70
559 788 73
557 643 22
251 338 88
452 570 20
75 861 51
81 908 90
244 706 6
421 975 32
608 636 37
71 225 65
714 806 52
4 546 41
157 499 27
249 847 27
597 750 57
399 485 11
362 527 19
467 581 61
598 603 40
721 949 84
156 690 1
8 840 19
10 761 15
599 639 36
64 185 91
142 699 18
358 462 47
145 252 2
166 993 30
360 543 77
44 824 9
149 394 72
9 993 89
789 956 31
557 633 80
160 694 88
174 446 34
745 824 29
617 775 16
842 941 67
918 941 69
321 852 88
173 819 17
194 423 70
15 904 12
720 955 2
903 986 22
659 782 74
375 788 56
75 152 74
46 882 43
124 357 95
236 521 27
51 665 95
902 947 31
400 705 24
71 421 97
172 674 26
525 575 60
151 410 83
650 872 68
239 652 90
331 826 81
746 936 24
869 976 19
101 166 8
153 906 38
429 557 11
583 584 28
190 489 95
22 49 47
893 962 31
564 777 2
550 722 25
280 836 72
296 369 86
656 717 35
12 482 56
91 936 78
212 823 7
448 638 67
322 562 54
586 600 46
459 943 82
161 906 35
35 663 8
115 314 86
175 749 101
687 717 44
430 660 2
581 677 48
891 956 30
621 924 13
557 639 85
47 88 3
736 859 11
320 787 68
69 515 21
422 504 42
267 902 72
643 761 32
408 789 94
27 978 56
657 778 6
408 954 47
112 817 58
42 437 49
179 533 84
527 557 38
408 984 36
273 436 36
116 324 101
281 988 80
371 863 76
105 812 101
87 258 64
325 606 24
589 850 83
462 990 14
170 844 98
346 359 100
291 430 49
336 482 63
18 930 39
83 650 24
307 897 84
747 992 15
888 991 57
621 688 10
122 608 94
198 701 8
230 346 66
387 738 29
100 395 60
463 865 89
60 939 98
240 384 4
165 614 75
896 933 97
107 607 30
374 853 101
412 478 81
411 854 83
1 869 21
469 735 68
262 481 66
40 113 12
78 273 72
666 702 46
425 433 40
4 102 59
575 582 58
197 837 62
458 904 55
104 324 92
844 887 76
80 548 68
71 883 79
556 871 48
473 740 60
233 379 34
478 504 64
67 350 101
81 966 15
567 577 77
304 462 55
439 736 73
438 441 15
558 602 101
94 806 22
58 525 9
449 940 20
203 566 18
320 918 39
2 568 15
319 923 11
105 634 72
479 593 77
145 279 51
254 838 18
31 790 101
390 495 40
891 970 99
817 876 37
495 592 39
294 331 51
211 238 5
541 823 94
41 784 57
195 681 51
148 262 29
519 621 95
71 886 72
709 964 84
791 950 85
224 798 34
609 652 60
222 287 80
274 861 67
721 803 16
264 755 53
93 332 14
755 895 13
170 688 44
739 771 7
528 710 56
613 735 36
175 345 55
291 652 71
198 692 72
489 623 33
575 925 42
289 338 31
192 938 40
393 755 86
635 669 23
653 713 38
389 561 52
803 992 101
214 323 44
341 582 71
89 186 97
685 724 19
129 133 69
165 307 58
304 453 2
105 533 50
62 845 64
202 460 7
115 308 82
656 713 19
155 770 79
625 995 58
161 700 44
155 315 25
732 749 45
569 574 84
135 235 50
169 757 101
345 410 92
833 868 23
582 837 13
301 867 64
249 786 47
592 935 95
127 989 99
697 701 22
269 360 60
346 844 13
587 738 65
884 967 33
229 858 20
53 558 83
390 689 13
53 787 25
626 915 82
630 894 62
356 919 70
869 982 95
601 805 100
150 664 8
178 443 21
18 239 4
393 568 76
470 827 28
420 574 62
517 869 78
410 610 67
142 945 101
433 982 16
47 966 96
873 877 89
575 725 83
746 850 49
154 462 11
379 794 67
25 740 79
131 947 56
46 961 95
24 495 94
681 792 9
225 888 91
510 727 63
201 284 71
386 721 66
380 619 23
397 725 15
255 629 5
3 260 22
241 423 63
679 886 13
302 453 24
480 790 40
360 639 94
272 610 39
183 705 84
546 763 99
341 786 72
577 937 90
256 556 46
518 641 29
546 965 47
462 717 26
285 594 16
99 627 22
541 917 78
370 608 63
445 629 63
117 950 54
426 612 7
395 579 24
198 842 60
753 875 47
278 579 38
343 918 80
346 950 64
39 112 1
625 694 20
70 531 92
433 500 60
196 997 37
54 529 3
435 715 99
890 967 17
419 732 48
649 726 25
394 625 17
644 874 5
192 493 20
40 228 75
208 373 64
51 275 40
464 664 101
291 770 23
463 560 73
33 757 42
473 635 46
221 881 31
521 999 61
377 572 85
449 928 60
121 591 75
111 899 68
688 881 6
68 144 40
860 880 65
315 689 1
653 834 72
59 543 34
316 653 40
783 915 8
613 708 78
333 859 26
72 863 9
798 976 29
126 578 61
28 152 33
15 834 21
706 785 78
