100 4950
57 63 2524
57 75 2211
50 73 2833
52 54 4075
44 91 2321
48 97 1510
38 61 995
35 73 4271
58 84 1630
9 62 3268
24 84 3715
44 53 2161
31 32 4217
2 35 2941
74 87 1920
21 33 621
76 90 1018
1 34 4114
15 80 2700
24 45 3085
61 75 394
9 65 3007
24 56 1137
84 96 4071
2 71 4494
5 30 1517
62 71 1530
14 59 4124
2 73 1666
25 70 2872
15 60 533
31 37 434
6 69 4799
8 76 2439
42 95 3073
89 96 2474
13 73 3437
68 69 2183
37 54 4651
11 17 3820
25 93 2485
8 10 784
86 91 565
7 96 1100
73 92 1140
19 86 1503
70 76 2651
15 39 3739
6 25 360
6 41 4791
1 31 3388
32 35 1795
14 80 693
58 96 2664
21 38 268
24 89 414
6 38 2099
8 9 4601
10 71 104
28 32 201
2 40 463
51 54 1649
27 76 709
36 95 3964
27 32 2211
23 77 914
25 94 502
4 64 3811
13 99 2889
26 41 4354
47 52 4348
3 33 3536
61 79 1787
29 82 4718
0 17 3850
27 55 3980
5 84 82
12 64 64
33 94 426
53 91 4174
4 81 3416
21 88 3865
55 94 4325
49 61 4539
36 49 367
58 83 1447
4 19 3057
28 81 753
48 93 268
30 67 3043
29 79 425
13 72 851
36 52 1728
43 98 2107
5 95 3467
21 95 1250
4 41 444
8 35 2141
11 46 422
80 94 957
40 84 2285
62 84 4093
1 2 4870
11 42 2273
12 30 1259
6 75 1063
30 66 3057
27 91 572
67 87 1204
3 85 1908
6 50 1033
38 51 4000
9 29 3682
9 74 3427
73 81 344
2 70 312
9 99 2938
58 63 2169
4 88 2399
6 34 2920
7 29 4289
18 30 1996
5 62 2501
54 80 4424
15 97 3367
40 94 4680
25 49 1397
14 47 249
39 85 1044
37 44 1958
72 91 2186
10 13 1868
5 10 2479
6 85 3407
87 92 3240
58 94 62
67 69 2045
66 80 1902
18 51 1213
15 74 1481
6 48 1902
58 87 3511
38 96 4230
8 52 2312
48 95 829
5 60 737
20 41 1009
39 53 981
16 40 2937
11 61 598
58 78 606
17 65 3972
26 82 4550
54 58 4656
45 83 1586
18 38 1216
5 55 3465
51 67 1431
40 96 4465
12 23 4256
30 52 850
22 27 3608
34 61 3766
15 84 570
14 44 4396
45 46 126
3 29 3783
31 79 779
55 83 1981
21 47 1687
19 23 1038
33 81 1524
25 80 3149
45 70 2395
48 76 3746
36 50 3122
4 68 3386
18 73 386
34 53 828
53 82 2506
3 94 1440
60 90 1309
1 82 1394
9 83 3386
9 98 2088
68 72 4627
40 68 2411
24 64 3261
12 85 1281
1 78 2879
36 44 1702
44 62 1237
44 95 1428
24 30 3786
30 68 509
2 62 3374
5 41 2301
46 53 670
56 92 3895
51 77 3210
23 47 2839
3 38 308
72 94 2768
25 40 3323
39 78 3957
0 67 1115
45 64 4212
0 80 3829
5 72 1119
32 71 3505
19 93 1477
5 99 1453
4 52 407
0 41 3380
8 83 1663
3 21 3522
55 66 2545
2 98 2523
10 80 107
8 16 4563
60 93 311
25 87 4395
9 15 3462
63 90 1487
41 77 1219
55 78 3684
74 84 4342
46 50 3548
61 98 1395
11 59 719
77 90 3870
13 90 3085
58 93 1800
2 67 542
24 91 421
1 32 1965
38 53 1496
45 48 117
4 11 3908
59 73 1262
37 68 1529
13 19 4089
80 86 2022
53 60 3940
33 85 1104
24 78 1354
1 38 4466
2 84 2782
24 67 4236
73 89 874
68 90 4566
47 82 4897
65 92 1454
26 63 498
34 57 2361
45 80 3066
68 84 2931
5 15 3694
60 76 1471
8 62 950
8 79 318
15 19 1652
20 70 2722
65 88 2359
30 85 17
64 86 4208
2 86 1271
11 54 3651
28 42 4022
87 88 2370
80 99 4950
64 84 1606
25 95 4310
26 51 687
79 92 1710
57 89 2172
10 28 3088
50 83 2010
77 78 1997
69 87 2071
18 83 4515
35 61 3937
2 10 1692
11 77 2027
43 91 2046
2 11 3303
21 27 1025
35 38 1558
27 28 4207
10 33 2389
41 76 4346
35 72 2194
30 59 3603
1 91 2899
76 92 1180
5 92 4543
3 17 4531
46 48 1160
56 63 4218
17 80 2233
74 81 1228
12 66 360
94 96 654
68 99 1367
14 77 3271
2 17 4254
67 88 1834
70 81 902
52 68 1999
37 74 4388
27 83 4064
20 91 1724
27 72 3489
3 56 4066
20 47 125
2 30 1867
47 95 3118
42 77 3097
65 96 387
46 64 1511
52 91 1579
61 82 4339
7 50 1922
34 36 2536
56 77 32
45 61 2355
25 44 2688
47 93 2683
32 51 1624
27 52 711
26 59 1994
20 53 4768
39 72 2222
2 13 1086
33 90 3488
15 36 4201
24 59 3239
4 18 4949
41 48 882
18 81 2710
33 76 2687
1 25 3105
6 53 3524
7 92 1078
9 43 2213
80 87 798
52 94 1555
35 56 2363
7 60 1124
57 92 1720
7 38 2156
54 93 4658
22 48 786
83 90 1722
25 36 2429
16 53 2965
34 37 4547
75 76 3459
11 81 1149
13 89 288
14 60 23
67 75 2390
21 71 533
46 47 559
30 71 69
20 65 1308
18 99 1089
6 66 44
23 99 2274
9 86 2925
79 95 3103
39 54 1548
46 79 3503
54 86 1383
56 76 395
2 4 3386
27 30 2795
27 49 2047
49 79 4849
20 56 4882
23 32 3097
1 84 1580
9 57 598
22 64 4142
4 7 37
40 85 2659
7 79 4804
12 83 1921
8 81 2149
42 90 4925
43 90 2679
4 85 1515
31 34 4949
63 68 3932
60 64 1860
40 41 2914
12 81 2068
23 36 2653
9 28 1413
17 35 1929
21 51 923
32 98 3798
32 68 2534
10 99 3124
6 56 3441
17 89 4003
26 50 4144
5 80 840
61 62 4451
54 95 4620
13 21 3772
84 88 1263
19 50 1284
35 69 3458
31 49 1706
6 14 247
38 59 1916
11 86 3943
48 92 2080
50 81 3674
41 89 1012
15 64 4584
67 79 1305
67 92 949
12 71 3917
89 98 996
17 84 4802
32 52 196
31 81 540
5 34 2915
40 99 796
7 64 2020
17 56 2883
16 54 2172
55 80 3479
34 46 305
20 51 4413
22 83 3836
87 97 2762
78 86 2015
23 54 4155
63 97 1796
37 40 909
55 68 2994
2 64 2552
17 90 3761
7 45 3453
1 56 604
36 94 3685
16 60 2264
67 83 4229
3 40 4031
10 45 1941
76 83 2696
9 88 4206
4 98 1976
3 67 4470
63 78 3830
21 98 2916
30 55 658
28 62 3922
14 57 730
0 12 4673
28 45 2462
69 78 3059
72 98 4782
26 35 1821
43 79 4682
12 93 4858
30 82 3523
37 65 212
15 61 1234
29 50 583
46 81 930
6 20 507
29 73 4739
22 49 1803
11 97 4379
37 62 4547
34 52 3509
57 68 1746
22 84 2896
68 75 957
11 71 2781
42 68 2230
39 67 1515
45 63 4773
24 60 906
38 56 609
2 85 224
8 60 4112
4 44 4664
19 32 1113
5 36 407
30 89 1690
33 37 4702
21 67 1058
16 46 3318
5 73 4079
59 95 2073
65 72 4414
9 82 4398
2 3 4803
23 40 2142
44 78 1071
53 68 1458
48 53 1352
27 69 1759
33 79 3033
37 63 2696
6 68 767
0 45 4821
6 89 3671
62 94 3295
29 59 3520
31 93 4800
70 72 4817
2 21 4141
29 49 3038
2 15 1641
58 69 4180
66 98 1560
26 73 3725
26 31 4614
29 41 1816
17 63 2857
25 63 3424
8 46 2899
23 93 3127
9 76 1706
37 49 1648
20 98 819
56 78 1408
34 97 4206
5 94 4464
2 75 2120
32 76 4401
41 80 3646
48 60 1007
6 45 52
38 74 3300
1 16 1324
69 73 3926
1 97 2676
42 58 1589
53 55 253
30 60 2134
6 7 4101
73 84 3504
67 70 2778
15 59 4550
35 79 2366
42 44 1677
82 87 3440
63 93 23
33 80 2460
32 58 957
74 77 951
18 66 3446
21 40 2212
62 63 4435
30 56 4370
42 56 2644
11 62 106
1 58 965
14 85 4584
49 80 2829
19 54 4046
36 80 1384
59 75 2152
39 79 4755
72 80 1203
0 22 297
27 37 483
13 61 424
38 60 304
83 91 1793
84 93 2933
1 59 2789
6 86 2842
64 79 2512
0 35 323
63 81 4594
23 27 4441
79 81 2632
54 97 4304
31 57 832
25 77 867
28 74 507
58 74 555
36 57 4710
47 98 349
13 93 2809
34 56 2033
46 58 2707
12 21 1835
85 89 1171
76 85 1494
45 67 4897
13 46 3499
60 71 248
57 90 642
46 61 1759
31 63 106
55 82 4126
11 24 354
24 74 4609
66 74 2914
43 71 1875
0 74 1776
42 51 3285
75 93 2908
76 94 3979
25 75 4383
43 44 4874
11 88 979
11 74 3852
94 95 2747
56 62 3596
25 53 4662
48 71 212
15 65 3816
69 90 1572
6 26 2943
14 98 44
48 66 847
0 48 4232
42 80 402
17 36 3300
14 38 1943
11 60 717
13 60 1404
69 86 4830
33 67 4164
9 33 3671
27 85 4346
20 48 3334
18 93 1509
25 57 2993
47 79 1405
16 42 3041
26 61 2752
29 40 3783
39 94 3370
24 42 4114
31 72 4544
1 17 3979
77 81 4935
5 83 2176
38 84 2995
26 68 4851
26 28 623
46 88 4114
34 44 2406
73 78 4334
37 88 4714
66 75 4036
28 37 1120
38 80 4631
45 77 2684
29 53 4098
13 65 2998
18 85 436
51 91 4316
34 63 4766
71 98 2960
20 33 2268
18 68 2250
36 87 4931
21 36 1454
4 94 2333
16 80 1807
30 50 1916
4 78 687
15 52 689
55 62 1558
43 70 595
31 54 893
2 14 2185
51 62 1759
46 57 4860
6 59 4189
25 91 2913
12 77 4268
75 84 700
12 90 4748
29 78 418
19 42 3606
23 45 4648
8 24 3785
59 69 4052
50 97 3387
17 30 4141
21 56 4694
32 93 2185
51 58 1355
92 97 3543
13 38 1128
64 66 3509
52 73 953
73 96 4321
31 77 2012
46 92 17
54 76 4531
65 83 3875
11 49 3627
69 82 1219
59 86 2644
75 97 987
74 93 2274
4 80 2521
24 29 2296
82 84 2507
25 67 2962
18 78 4070
12 25 1014
51 99 2663
40 42 2991
10 19 2370
6 51 1826
19 65 810
18 53 1005
22 96 2091
2 31 1760
13 22 4678
7 25 4584
23 39 4674
71 83 3396
40 97 4686
10 48 4819
95 98 4829
71 90 1294
59 78 2033
5 81 2280
50 93 3814
20 96 4551
43 66 425
3 30 1798
8 50 923
32 59 2684
63 76 3437
45 59 2391
47 83 2055
25 84 2575
20 29 721
10 32 2986
9 47 330
15 41 3197
3 53 2338
84 91 1437
39 81 4498
91 94 1147
9 35 4448
67 86 4559
72 95 1037
33 44 1036
0 60 869
19 75 3956
12 50 3338
2 76 4541
8 27 3065
34 43 1082
13 62 683
31 91 2848
17 60 3738
51 80 1804
18 76 4238
35 60 3825
16 70 895
28 48 841
28 78 3118
44 68 3372
14 72 4769
8 97 2298
47 73 2719
67 85 2404
7 98 4334
58 77 919
16 24 2849
18 82 1303
36 92 1546
82 91 2543
83 88 4121
59 65 421
54 66 4768
12 65 2860
77 91 68
25 97 2377
85 96 3125
2 88 690
17 42 1391
3 73 1979
37 77 1223
78 87 4706
3 83 4040
59 66 4407
68 94 3743
55 98 878
12 26 2311
53 88 1483
36 43 1216
23 49 1853
28 33 287
88 98 3542
96 99 726
38 90 2063
1 70 4149
55 99 812
48 89 4448
34 94 3995
14 46 312
8 38 3321
25 31 1188
54 57 4419
20 23 1244
2 39 1864
12 80 4926
43 58 4417
14 75 333
57 81 604
41 83 272
83 87 3091
13 43 4555
17 93 2979
62 85 4817
53 61 3507
79 85 1165
80 82 3801
68 78 4013
0 66 3133
54 88 4487
41 47 3397
25 82 4278
16 68 3035
88 91 648
14 19 3266
5 7 1060
19 45 938
20 44 1232
77 97 935
12 91 55
8 18 3351
37 69 2875
22 24 4324
75 95 1456
19 41 4602
53 83 876
13 67 1682
41 49 3081
47 90 3671
28 50 2839
10 88 3009
56 84 1455
45 49 1514
22 70 3908
18 96 394
48 80 1521
4 57 2064
67 94 329
62 80 1850
12 73 2782
31 82 1152
27 33 3615
59 88 3237
8 28 559
17 33 202
54 63 26
17 98 4622
16 87 3058
10 90 3730
5 43 3228
90 92 2786
71 89 1066
2 87 549
74 92 2516
1 68 1197
55 77 234
21 22 1484
5 97 1345
6 11 1478
65 68 24
5 67 3134
2 9 4053
1 8 820
52 96 4581
57 59 608
34 95 2696
57 82 1586
0 65 1282
31 70 32
40 82 4336
73 87 4889
13 15 2624
36 58 463
21 90 2439
57 93 1800
3 49 4062
39 50 2653
67 78 440
32 91 4433
39 88 3510
91 92 3360
34 54 2611
33 78 3039
84 98 1165
14 65 4801
32 53 3606
81 90 1810
37 64 4151
6 54 62
86 98 2291
21 52 3065
2 45 1895
22 50 3893
17 67 3897
18 56 1931
38 54 2179
38 99 686
32 90 508
81 88 2885
11 56 595
30 43 2430
43 62 193
87 91 2724
40 50 1670
68 82 2667
43 63 4711
24 66 4908
41 45 2398
39 99 568
33 35 311
45 54 3999
44 56 4363
55 75 98
49 55 1755
16 78 4161
32 46 1925
42 74 3298
65 81 400
46 70 4155
17 94 564
59 74 3754
23 88 801
70 73 4782
30 79 4737
24 48 1931
3 95 888
33 71 4522
18 41 1021
9 85 1215
35 50 3193
10 77 3820
26 55 1366
1 24 3435
17 28 1820
47 72 3263
61 65 3076
14 82 1384
48 99 3399
85 91 553
52 87 2666
22 40 2517
11 91 2814
15 75 2572
32 85 44
2 72 307
3 61 1313
37 45 2313
4 31 2169
27 71 263
40 55 4826
29 51 4855
7 39 1955
53 59 951
43 51 590
35 53 2748
34 98 2127
10 79 2852
28 80 3466
40 62 2166
6 61 4084
38 71 2911
31 89 1334
21 86 1104
21 32 700
22 34 1524
18 84 341
4 56 144
3 59 4537
1 43 4148
40 73 921
4 23 2558
36 91 2116
31 94 3953
7 46 139
19 79 2590
10 50 3620
22 43 1017
19 47 1215
0 64 2855
38 72 4176
22 89 2409
8 93 2560
26 69 2819
56 65 4357
35 70 405
50 55 2197
16 92 2375
7 9 3335
20 46 1923
9 39 791
3 64 1442
75 98 4214
21 42 2822
86 93 2428
69 93 528
21 49 1779
5 20 3193
31 97 4460
62 91 3126
16 25 2323
60 96 2775
17 77 2257
64 88 1520
18 94 250
19 21 1809
1 49 237
25 38 4504
72 76 4143
72 75 1701
42 52 4070
28 65 4771
2 78 2250
44 77 4204
3 72 1062
28 89 2287
6 9 1881
8 20 1277
41 86 4191
57 94 1028
16 75 568
38 86 949
28 93 1012
14 91 2149
25 68 965
47 62 2555
76 87 931
15 21 3127
43 83 1598
40 76 1097
1 65 4600
41 96 3112
16 65 4912
36 51 4300
8 51 3461
62 68 4327
23 69 4135
17 61 4784
50 96 4184
71 78 2709
41 65 1174
27 99 4899
16 97 3116
63 91 2601
9 49 1501
28 68 3037
3 86 482
0 31 2833
31 39 4937
60 62 4721
42 86 1702
0 15 2138
19 53 1504
3 84 2048
49 92 1720
45 72 3410
5 90 2186
23 38 3989
7 10 1510
54 83 249
90 93 93
60 81 2517
23 79 1052
53 77 4066
4 61 4093
31 73 3927
36 48 1508
24 35 1640
40 83 4395
52 81 2327
12 51 2590
24 54 4093
52 86 4528
32 83 4763
0 7 2858
4 60 4386
35 59 222
29 70 93
87 99 3582
56 86 1390
21 77 847
31 52 4664
68 93 3449
70 99 4819
48 58 1073
1 6 4697
2 6 3842
35 45 1801
68 76 1144
21 82 4845
23 60 4915
35 40 3973
72 74 855
2 94 201
62 92 429
49 84 4900
37 73 1134
17 49 3295
19 87 2665
11 22 1808
8 87 38
45 84 1604
20 87 451
20 22 2272
55 70 2987
13 75 3337
31 51 2268
32 75 4743
31 55 2412
45 82 243
77 84 546
15 83 1523
63 84 1466
43 68 48
47 56 2809
28 84 1364
15 99 1942
28 88 396
70 96 4252
22 73 2681
1 92 1523
53 54 2731
14 32 3886
64 87 1314
38 63 2909
9 42 2505
7 24 437
66 67 2101
14 39 2551
26 86 50
58 81 2453
76 96 3988
2 8 1735
1 69 4908
71 73 2192
32 77 4336
52 55 2958
5 25 4545
40 43 2597
9 52 4241
39 96 2048
58 92 1635
52 78 1183
13 29 3298
13 91 4275
10 89 664
22 37 786
22 42 4388
16 69 3351
60 85 2209
11 76 2299
45 50 1246
70 95 4826
54 69 597
43 95 1208
16 73 1974
10 23 4602
31 36 3635
22 56 3056
12 28 3226
3 10 3871
12 94 2127
55 88 2651
83 89 4686
2 68 2844
31 68 237
14 71 3198
48 61 2197
76 97 718
69 91 1697
18 39 4885
27 98 2079
41 50 2510
58 66 3724
17 31 3226
31 50 993
0 50 1165
49 73 4737
43 67 3478
26 60 3218
10 11 77
64 74 3446
2 81 2583
11 40 3161
8 88 1403
12 20 1154
47 69 2060
36 45 3841
32 69 2233
40 77 2166
27 57 3973
30 31 4366
11 58 2083
17 87 3084
54 62 2583
27 74 583
12 72 2806
26 75 1293
62 87 2608
30 83 2266
35 84 2390
10 56 1143
57 74 911
56 89 2069
43 50 2630
49 98 18
3 20 1706
6 40 2392
35 44 3883
13 83 4354
4 45 1225
31 85 4861
36 79 4298
81 84 3489
25 46 4927
58 90 4909
44 88 3743
45 85 4520
34 58 4426
29 84 4525
22 61 2081
20 58 2735
27 54 4434
24 40 3348
1 57 3152
51 90 473
0 96 1432
37 94 2211
29 36 1933
15 96 1558
55 65 1814
48 74 1416
6 52 1707
51 66 89
16 79 4303
3 78 4528
77 85 4064
27 47 3840
38 58 4038
4 16 1133
33 42 4455
89 94 126
50 58 3576
10 82 4200
0 49 2353
46 77 1261
52 76 4363
17 62 1859
0 52 1575
91 95 1645
43 88 450
21 74 3386
0 28 1946
36 65 614
73 80 2953
28 70 1897
61 74 1205
15 86 1862
32 37 4076
32 44 2795
22 29 1685
37 76 372
10 97 4157
21 72 2850
74 82 688
40 49 1839
18 60 432
0 1 4081
72 92 2848
24 77 1229
13 55 562
6 13 4399
34 45 4415
30 94 3914
10 29 2351
29 80 3371
14 97 175
27 87 4935
0 38 3807
0 88 3995
10 37 922
56 87 3298
18 87 3403
2 34 690
47 60 3402
39 48 256
36 81 1454
46 74 2032
36 71 3271
71 79 1443
4 37 3420
23 51 3391
77 80 3559
67 89 3619
26 40 3133
62 67 4501
5 39 926
70 88 3058
13 57 3267
32 82 1564
24 96 634
36 72 2537
56 58 3938
72 99 1861
73 74 1150
56 69 4362
73 82 1457
19 34 2193
23 43 1449
76 78 4431
34 47 4912
22 75 816
47 89 3575
81 82 2551
6 44 4797
69 81 3189
44 49 3443
58 97 1384
20 32 2829
32 64 778
42 54 1033
50 76 1560
34 83 1532
21 64 905
5 98 3455
77 79 823
48 79 1402
52 61 1447
49 62 811
3 6 4256
48 96 2557
11 99 3264
46 97 2441
10 30 3087
64 70 4725
10 14 3498
17 96 201
45 55 2625
71 74 1664
20 54 2692
49 54 4059
0 24 2358
60 68 3758
75 79 884
77 92 3641
22 86 2849
9 21 1429
10 40 3159
0 81 1273
31 61 1972
20 78 153
56 68 1629
8 94 3388
45 58 4137
91 99 1143
58 60 345
12 97 2270
90 91 2390
38 79 3295
22 45 2764
24 65 1655
6 55 4166
1 15 3071
13 80 3996
43 99 575
22 65 3034
49 50 2928
11 75 3752
12 59 466
74 97 3477
53 62 2877
19 99 2018
26 43 1192
3 70 2231
2 80 1457
61 93 2751
69 88 1438
32 63 2926
18 29 1552
14 86 4118
70 78 2868
13 30 1420
13 52 2389
16 51 3919
23 90 958
5 19 452
51 57 2131
12 55 270
71 95 3129
15 44 1046
10 67 2398
70 87 4213
50 86 1476
30 69 4413
79 98 1127
14 29 4340
3 12 4860
2 49 3630
53 73 3989
58 99 3878
2 96 1001
23 56 1804
11 82 2375
1 48 4370
7 87 3763
5 6 2843
34 40 4569
33 46 3609
30 35 3409
9 77 4445
3 13 1558
18 45 3369
16 50 2915
7 11 1470
86 89 3894
39 71 590
50 89 1920
7 70 2749
16 64 1090
19 58 3527
13 34 4599
4 77 161
13 23 502
38 98 1752
73 85 2734
94 99 320
22 30 190
18 22 4348
41 72 1472
7 75 1269
60 63 2577
20 27 4761
50 67 4342
21 55 4788
37 38 1635
18 54 1325
49 70 1785
9 12 133
21 39 4018
5 87 3648
75 88 3304
22 91 3788
14 96 1142
7 16 3249
16 85 1814
40 52 934
21 45 1321
0 57 2276
35 39 1453
52 79 2799
38 49 319
8 73 3616
15 67 1628
39 86 4722
36 77 4336
16 67 4018
25 39 4877
57 62 3630
24 68 460
2 97 455
5 22 489
26 42 184
8 99 4629
59 64 2870
69 89 3506
55 79 535
52 83 3151
1 45 456
16 49 4945
12 54 4015
35 81 3293
85 95 3388
2 77 982
50 91 2220
17 39 2987
82 99 1497
44 50 4650
84 95 1182
30 45 1903
27 42 3501
18 90 1390
32 97 4334
67 95 3925
33 83 2327
47 51 32
8 41 3383
34 42 1125
72 78 3108
27 60 4646
39 65 1505
33 41 1401
41 68 2251
26 99 4787
17 69 680
10 12 2275
57 71 4064
17 21 2244
66 77 1340
11 90 3386
25 83 2013
17 26 3278
59 71 3843
19 74 2120
59 81 1675
24 82 1443
1 28 3182
9 78 1990
65 86 2258
10 85 711
27 38 3166
11 53 1566
19 26 594
52 53 4217
6 23 37
44 55 3332
56 61 4374
17 74 1704
2 37 778
8 59 4508
59 63 4255
32 48 2723
21 75 325
55 95 2573
10 39 457
41 75 2246
68 74 4423
89 90 1196
64 97 1353
0 51 3710
3 26 4193
14 18 834
29 66 4805
6 83 1769
14 81 1170
19 22 3644
1 37 2255
57 87 2997
66 85 34
26 58 1042
25 48 4675
31 59 30
44 76 2202
36 63 2960
48 72 1513
84 85 550
32 74 2820
16 96 159
21 59 549
24 26 1950
67 72 1307
34 74 3632
65 84 2957
31 80 2390
21 89 3752
62 70 2593
14 37 3381
9 94 1280
24 31 4201
8 37 277
9 72 2296
49 67 3461
31 84 2467
26 48 4185
11 73 1542
92 96 2302
13 63 1487
31 43 2274
36 42 80
23 53 4014
46 62 4223
71 84 3547
19 63 4591
42 45 4543
46 55 3084
40 86 2686
61 88 3103
42 47 1813
75 83 1828
31 76 1006
32 84 2852
27 88 1023
60 88 3189
78 83 1243
28 52 3115
12 61 3756
9 36 4
62 99 3238
0 93 1402
28 54 4073
0 63 2168
10 74 4454
94 97 391
64 83 3433
41 71 2085
24 52 3217
58 61 1423
25 76 1877
15 42 848
37 67 567
94 98 3485
12 48 3073
30 86 1772
37 87 2581
3 7 208
55 81 3642
22 69 1293
7 42 2089
82 97 1745
33 48 536
39 66 2599
78 80 2419
28 43 254
42 87 4323
1 26 988
9 60 1462
55 67 1
10 76 673
0 14 4690
43 84 2157
38 89 3563
76 88 2622
49 75 4383
79 84 2325
63 89 2382
44 75 1355
18 75 2442
25 62 4439
11 38 4201
57 80 174
38 94 3164
37 93 64
26 84 1653
25 35 3223
54 85 2792
43 56 4694
50 62 988
13 14 2767
56 57 4294
5 58 74
9 26 3105
48 86 3746
43 46 4415
17 20 4336
29 89 2184
26 27 3022
15 18 3611
2 83 1570
33 68 3008
88 97 1299
16 90 1053
45 81 698
7 8 2725
75 82 839
75 90 2125
38 85 269
50 51 3855
54 82 1227
21 97 411
4 42 3542
22 23 979
8 53 3403
10 31 2530
8 44 443
71 80 3498
31 65 3687
70 75 1524
41 42 1169
35 87 4634
42 98 515
0 69 2379
25 73 1809
9 40 2941
42 92 60
70 85 4165
53 67 328
3 71 1417
15 57 2937
27 56 24
36 78 3943
25 50 2077
78 94 4515
77 96 3972
5 50 3351
46 98 1308
40 70 4738
5 74 2232
66 92 4021
34 55 3271
17 78 1452
65 99 1938
16 23 2373
60 70 1058
12 75 3047
14 53 2717
2 82 2254
1 14 1621
38 82 3112
18 40 1233
46 71 3523
62 98 4676
42 69 757
36 97 4776
1 42 3089
81 93 2345
39 95 2490
76 80 385
23 98 4768
29 96 3305
21 61 1347
20 86 2166
19 70 4851
52 89 3449
30 87 2843
47 84 2260
38 62 4463
50 99 224
29 57 849
33 98 3807
38 52 294
15 26 4016
24 88 1424
55 85 4319
43 96 904
13 48 889
68 79 397
6 46 1128
67 74 3595
10 61 1875
36 70 3264
54 64 3050
56 94 3715
70 84 4067
45 87 4709
31 92 2187
46 68 3148
70 83 2633
9 18 3926
79 97 4867
26 94 965
57 83 1728
56 66 1147
62 82 2728
17 91 2842
15 76 270
53 87 58
20 72 4362
0 54 4205
6 17 3811
65 89 4906
1 76 280
20 93 4293
48 88 163
25 78 3681
13 92 3280
18 58 2556
33 91 1467
51 74 1736
50 70 1940
92 94 1555
61 66 3043
67 77 3455
44 92 3259
28 76 3599
48 50 4591
29 31 827
40 51 2158
5 82 4530
0 10 3841
4 92 4853
74 95 4448
21 41 382
67 93 1834
7 28 955
36 39 3924
32 61 4603
11 50 379
0 75 4011
4 62 3472
21 43 4461
42 91 2185
7 27 514
65 98 3922
2 47 3855
32 67 3761
24 79 635
12 98 1631
14 54 9
3 47 1522
49 57 4682
13 97 2192
12 15 4686
10 95 3246
46 73 4064
68 87 2858
40 75 3919
59 91 2735
5 44 1334
29 93 4592
3 42 2725
77 83 2998
44 46 3204
51 69 2737
34 70 327
5 9 1894
15 87 416
55 56 4771
55 69 1127
6 43 4927
35 42 1849
53 78 984
16 57 796
8 85 3795
45 96 4086
26 52 960
4 95 4360
8 84 3208
87 94 4407
7 97 1675
17 83 598
37 98 227
6 92 2839
61 89 124
15 85 2191
54 73 1124
0 19 4253
16 41 3602
61 64 798
51 76 285
46 83 2870
7 94 2163
23 28 2994
9 79 1100
31 67 4304
42 83 2020
0 71 879
70 93 4184
15 53 3136
24 57 4116
39 44 2389
78 97 2349
17 40 747
13 59 2957
36 60 2590
44 69 3096
92 95 401
10 47 3808
47 68 2497
73 93 4477
68 89 4665
5 24 4925
0 30 494
59 87 2334
28 39 450
0 13 2184
20 34 1324
36 54 3514
81 85 2549
17 70 4481
6 27 3862
74 96 915
33 51 1556
16 83 976
22 41 3907
84 92 1392
29 86 4055
3 31 722
37 41 1158
6 36 1249
40 61 1662
10 75 2888
54 59 956
3 60 992
66 81 4389
57 65 4746
19 62 2856
77 86 3237
24 38 4159
28 72 471
64 95 3947
17 43 4750
7 48 942
44 73 4330
34 64 3854
10 87 2703
4 91 3871
41 56 3924
40 90 3855
41 46 883
6 87 4422
7 58 4750
17 79 1948
56 82 928
72 89 4475
1 12 1533
86 96 2363
81 92 1733
9 50 2642
0 37 3473
77 89 3453
1 11 3454
48 87 431
63 83 1347
6 60 4682
53 81 1902
0 33 3633
61 76 4938
3 77 201
63 65 634
11 89 864
18 74 2984
17 97 2701
11 70 31
2 66 4887
40 48 1989
78 82 2714
41 97 1019
6 91 3889
9 51 250
29 71 3938
5 71 663
13 85 3139
39 68 3075
22 90 3640
6 37 4379
29 99 1854
60 98 4288
1 53 483
74 83 2560
44 71 3002
14 17 4763
17 72 1471
7 57 4053
39 84 245
20 92 4881
25 59 4124
1 9 3763
22 35 4804
36 66 469
39 57 157
20 21 157
63 98 1462
14 49 3869
26 79 3126
29 61 1177
54 68 307
53 94 2776
21 94 1981
18 72 4845
17 85 4779
21 54 506
16 44 1689
24 75 2445
69 79 2946
3 48 3572
10 58 3093
86 99 1993
44 51 721
65 82 1801
58 89 2911
32 78 1916
72 87 2854
23 46 4074
32 94 1162
39 91 793
28 46 2527
26 47 3117
19 88 2777
78 93 1849
5 31 125
70 89 1529
18 27 3724
45 78 3974
0 86 1705
14 25 3003
29 52 4757
2 42 4531
0 27 1714
47 50 1252
2 19 2406
32 50 3554
32 57 248
79 82 3638
55 73 3678
1 19 731
21 83 1014
19 66 3626
10 69 1980
7 54 1120
56 88 3730
3 39 1862
19 67 219
20 57 4619
25 61 2159
72 85 276
0 46 4680
2 24 4325
32 34 1718
32 72 2739
6 32 1979
53 85 673
32 55 2095
33 95 3562
43 48 4028
7 22 4925
26 88 3187
11 39 64
9 53 2100
28 96 4929
38 97 731
73 98 2573
35 54 938
8 55 1299
24 92 444
2 12 2684
21 62 1203
60 94 826
59 97 2838
66 89 3921
17 22 3300
21 46 2769
18 95 1485
57 95 3782
6 93 572
33 92 867
20 62 1654
79 83 1070
39 46 2136
86 95 2218
54 61 3827
50 98 3000
42 70 3474
28 53 1997
33 84 1612
63 85 3463
12 63 3371
58 91 4880
29 95 236
18 98 120
8 33 1218
26 96 2944
45 97 1266
4 87 612
63 71 556
41 95 1743
40 59 3362
73 76 1765
38 57 1132
30 39 3666
69 74 2756
49 60 711
31 47 3808
42 78 2692
47 74 2104
2 63 26
6 8 1069
50 78 4046
27 75 3662
26 53 834
0 94 815
22 39 2760
74 86 755
13 18 4385
28 83 4577
12 84 4834
43 54 3939
13 88 1178
21 58 2785
30 49 1074
18 42 2228
17 54 1612
22 85 3648
4 49 588
25 54 1711
49 53 356
10 17 2481
24 69 545
11 44 71
37 46 3464
66 76 967
88 93 1942
18 26 3487
10 54 4645
38 48 3733
33 75 2838
29 97 2283
5 53 1200
35 43 601
61 73 3742
27 59 4684
39 40 1809
15 68 2223
33 96 3831
62 86 3389
21 73 2584
39 56 597
75 78 4582
16 33 3337
21 84 3405
50 65 4787
16 22 3917
15 28 4933
48 51 3031
16 66 3834
21 48 1570
35 93 4810
10 24 1618
64 69 2996
79 94 330
32 99 2125
26 93 2157
57 85 2713
63 72 4549
60 92 4872
79 90 4238
42 82 216
41 61 3330
1 5 1756
84 94 1863
27 62 3514
19 76 399
4 96 4048
37 59 479
12 57 3904
83 85 3495
10 86 931
37 66 1810
14 90 3514
28 95 494
2 44 945
7 13 3815
35 91 4829
48 64 1894
18 32 4078
9 56 2895
76 99 1467
64 80 4597
22 59 2549
46 54 3550
65 78 2516
8 69 3182
61 68 2648
4 10 4692
16 43 4093
19 20 3305
25 92 1890
1 96 2524
27 86 1202
59 67 1946
3 36 1958
9 58 3615
14 74 3156
68 98 660
21 29 1621
38 66 2580
32 87 4662
56 74 1018
0 89 2753
17 59 2273
8 40 1044
21 23 2968
29 87 1552
8 58 3318
18 50 2038
28 57 2591
5 70 4590
71 76 3003
35 41 189
96 98 4661
47 64 3742
76 79 960
25 96 1143
20 63 3634
12 62 752
19 59 2656
19 92 2916
51 87 308
25 55 416
76 89 3887
12 37 2161
86 87 4878
30 46 1116
27 40 4824
4 39 4298
2 38 1712
54 94 1933
41 67 771
36 74 4237
42 75 2036
15 23 1509
41 99 1027
21 53 358
22 25 446
29 48 4540
41 94 748
23 67 643
74 94 2400
9 14 648
20 28 170
7 77 840
14 83 1709
67 97 3356
37 97 3905
20 79 306
4 40 4336
0 77 4251
5 57 3411
29 44 782
62 69 449
74 90 2700
64 91 3946
27 64 1162
42 97 69
51 89 35
57 58 2252
33 66 2072
23 33 1634
58 95 1443
12 68 1231
52 59 2172
26 56 708
72 88 4770
7 40 426
0 78 3149
3 25 4171
16 81 1496
46 80 2989
4 15 2472
35 98 589
44 72 2465
8 42 3069
27 93 1659
79 86 2658
12 53 1692
63 69 4713
47 70 3432
35 92 3465
33 64 4834
19 35 171
44 65 1020
47 71 4650
39 51 4714
89 99 110
8 89 12
17 82 1511
80 98 930
8 65 423
27 82 2041
76 86 2126
1 99 746
24 25 932
17 29 1311
63 95 1058
0 5 2226
59 68 1124
43 74 2210
16 37 3575
46 59 1348
28 58 1439
12 16 1659
53 93 893
18 31 2639
47 65 1791
41 43 619
3 57 995
53 96 2246
55 72 3988
35 99 2097
60 75 4478
83 84 4604
24 33 2876
29 85 3507
40 79 210
26 67 27
66 70 321
19 46 3373
23 48 4139
44 86 3613
11 41 2441
1 62 169
28 44 476
14 50 2127
23 26 4810
75 81 614
60 65 3642
8 26 1760
10 35 4854
2 79 1717
28 86 210
54 70 1874
4 29 1105
63 87 481
51 56 3105
59 85 1239
0 83 668
26 34 948
30 42 1982
56 90 161
39 70 8
41 64 4417
79 80 4413
49 95 599
49 52 4273
14 33 4190
61 63 938
45 79 2255
3 52 1229
1 21 1013
81 86 49
18 47 3921
18 46 2962
30 63 3650
52 64 3571
24 27 1751
32 79 818
31 75 3453
34 77 4414
46 75 843
66 82 2056
7 44 1755
17 23 3665
66 84 3147
4 71 3172
38 76 797
20 59 1405
44 79 128
6 29 2052
21 85 3961
9 41 310
50 75 2260
37 43 4163
68 92 749
18 20 4463
32 33 58
34 71 3049
4 34 2150
52 75 3483
80 91 1417
26 97 1255
24 80 2641
53 64 1023
60 73 2129
50 90 2367
19 37 4606
30 93 3258
9 34 2936
40 64 4627
23 55 4747
29 33 1970
89 93 109
65 95 4490
73 83 4048
81 87 421
81 99 2794
69 71 3577
9 46 2046
10 36 3802
2 60 710
57 60 979
13 26 2902
76 82 1121
28 31 2142
12 41 555
61 86 3964
3 99 2459
58 76 4453
66 99 3442
21 60 4622
56 73 3984
37 50 1312
18 65 2201
51 63 1040
51 84 3503
5 52 1261
29 32 935
15 20 1404
14 28 4417
23 91 1209
46 66 228
8 11 4716
20 35 18
6 82 4546
18 86 3780
0 43 2231
10 34 1662
19 97 442
2 33 293
30 90 2898
39 76 3977
50 68 701
22 78 338
66 90 3138
31 56 1082
39 63 1619
12 70 4687
11 96 2743
43 61 3949
80 92 3125
12 19 3324
55 97 2704
12 99 3791
36 96 2857
35 78 2141
39 58 1699
62 95 3608
0 87 2752
82 89 3258
15 95 2582
15 71 4248
26 33 1365
30 88 4285
48 83 3903
36 68 2971
7 66 2155
4 14 4945
10 94 4535
19 81 3200
21 96 4866
19 51 1646
15 72 4948
2 41 2514
55 58 4058
68 77 246
15 29 3671
13 74 1032
78 98 2982
6 65 1188
42 59 1110
45 89 4091
46 60 3138
60 67 4763
45 76 2333
20 25 386
49 96 2422
44 52 2544
37 96 4581
23 87 4751
7 17 698
7 41 565
24 34 1361
23 78 3188
58 85 2601
56 81 502
71 77 1816
59 93 2968
33 49 3367
32 92 4311
64 92 1899
67 84 4344
20 60 4628
20 88 4053
46 52 560
8 92 4490
31 44 559
11 52 4322
46 65 2584
83 92 269
13 20 301
97 98 4404
30 36 2601
36 99 4189
69 70 4427
11 85 1486
79 89 3497
14 48 961
52 84 1226
18 64 678
57 64 3002
64 71 135
18 35 1714
64 96 3698
12 58 2775
1 89 769
7 74 335
70 82 4043
15 49 4292
30 40 712
31 66 2515
5 21 954
41 60 2321
64 67 574
16 74 1111
40 69 325
13 77 1235
30 38 3014
78 84 3084
11 34 4676
51 85 3184
36 61 1175
27 90 2779
59 60 2277
71 72 924
43 94 4482
19 69 4656
11 12 1883
11 66 3023
10 15 2711
25 51 4704
28 61 3059
11 98 3201
9 96 1857
9 37 1329
23 59 4552
82 93 1518
34 78 3449
41 85 2364
74 91 3194
34 62 3945
24 86 4138
14 78 2484
9 54 3307
11 57 4944
14 31 4651
13 82 1217
17 73 2758
12 43 2172
0 97 1336
9 10 1304
44 96 1362
3 62 1218
15 82 2756
65 71 2
65 87 4149
9 61 4363
21 34 1225
19 91 1801
27 68 1506
52 99 219
43 47 3087
68 71 984
6 24 2266
8 72 424
57 84 194
22 98 284
14 30 673
5 40 1339
35 75 1280
83 93 4362
11 78 3070
7 69 4203
4 47 2177
16 55 1123
59 62 2083
42 81 886
24 93 2080
27 39 85
0 36 3215
40 54 3910
65 85 2576
54 92 333
16 86 3424
4 84 1544
18 55 4629
37 99 2915
8 67 4284
23 80 3302
78 89 3627
23 71 275
31 74 2473
30 74 2964
14 62 1850
30 78 3898
13 81 1721
42 53 1376
33 45 2598
30 75 694
8 96 3270
54 89 1192
34 86 2732
13 31 3405
56 98 4072
81 96 4491
95 97 3184
62 74 3266
5 69 1413
35 82 2547
68 85 2867
19 94 447
22 77 2425
18 33 2713
14 89 866
0 32 2868
14 67 2080
92 99 2838
40 88 3861
6 95 3597
8 74 596
20 67 2684
23 68 3453
58 62 2234
7 71 303
20 30 2978
0 53 2909
27 67 542
51 86 1488
46 56 749
14 69 2955
78 95 3535
7 59 1950
45 73 3312
37 92 3283
5 26 2291
52 65 1326
4 32 972
30 77 1575
4 70 2455
2 29 2240
1 79 3173
68 86 593
33 89 1015
51 55 3704
2 74 3326
5 11 755
10 20 4298
53 66 4540
1 71 1187
31 69 1368
43 59 4163
27 63 3714
23 75 3496
27 96 3713
40 80 1869
62 76 3344
24 53 4852
15 78 1149
47 55 1561
34 99 1594
0 62 1582
2 52 779
19 31 803
50 61 73
82 96 4114
31 46 4191
28 75 4764
12 44 4887
52 97 2272
2 26 2012
78 90 1496
19 38 2972
10 73 4003
38 42 2443
58 65 4163
22 76 4243
46 85 2190
2 99 2945
3 32 2194
0 56 1583
46 90 4527
48 69 3817
33 56 1827
13 50 1273
7 91 4248
33 52 3871
18 67 1683
26 38 3119
15 45 1253
28 71 843
30 62 674
88 95 1246
3 76 3857
43 87 2127
20 94 4056
21 57 768
20 97 1604
16 18 2655
51 88 114
23 86 2145
63 99 341
8 64 2736
67 90 131
15 22 3506
4 59 550
5 93 280
39 77 577
60 99 1638
2 59 666
0 68 4476
2 91 4507
7 52 1406
23 42 4060
40 87 368
56 93 4635
39 62 2513
26 78 62
69 97 4172
23 97 1235
48 52 1918
58 67 572
7 43 328
59 77 4374
43 86 1597
45 52 62
19 29 722
18 19 4748
6 31 1423
45 69 2480
36 76 274
95 96 2259
36 53 1117
88 96 3858
37 80 4487
37 61 2072
64 78 4949
28 94 2374
9 69 1392
23 65 4743
27 95 2044
53 79 1244
13 95 3313
20 99 3934
37 58 3547
48 56 3401
12 14 1161
14 34 4734
32 45 3308
64 89 4504
24 44 1640
57 66 2134
29 34 1708
7 78 3835
7 21 3120
3 65 751
24 63 3082
50 87 4238
15 56 451
1 80 4265
14 26 2650
62 90 1539
80 89 2063
34 66 3599
6 62 380
32 38 4434
5 46 2857
49 81 42
13 87 1360
48 49 1483
15 98 2977
38 91 2831
68 73 2138
4 69 1522
35 46 70
27 34 662
89 97 3106
0 16 2514
76 98 3924
15 66 3202
13 71 1949
47 67 1230
71 86 1661
13 25 3843
23 37 1049
66 73 735
2 55 4460
9 27 4448
0 42 401
1 75 2080
63 64 4943
40 45 3805
16 21 3710
31 41 4938
45 92 1568
13 86 4083
35 76 3384
29 56 549
23 72 1562
25 90 333
61 95 1980
11 79 2669
14 70 917
4 35 1881
73 97 944
45 95 4538
74 88 4711
28 38 67
2 27 2518
47 53 3528
42 50 2561
41 79 3957
12 18 3145
10 63 1482
7 86 3025
27 92 141
65 80 2141
8 45 1511
28 66 1979
52 88 434
34 87 1635
39 82 4887
44 59 659
24 99 790
26 45 17
45 65 3305
26 85 3946
10 70 3721
33 86 1144
40 92 4737
13 39 4224
54 78 4777
69 80 2016
74 79 3837
42 66 3622
61 87 4075
50 85 2567
80 97 3495
3 11 4769
35 67 4649
13 53 1993
24 70 4533
4 43 3305
16 84 694
35 63 72
15 58 4551
30 92 912
33 61 2984
13 24 1133
28 63 2863
7 72 2731
1 81 2587
37 53 3051
15 94 2322
16 45 803
20 26 895
39 59 2884
20 39 2580
4 82 242
73 88 923
52 93 378
44 61 3849
10 25 3501
20 68 2486
9 13 546
30 80 3318
40 98 1622
51 92 256
54 79 2302
31 48 4609
9 73 1059
81 89 1590
25 28 4079
13 35 3369
44 60 4140
40 47 4276
64 68 4220
43 85 316
31 53 4569
39 93 4771
9 97 456
15 46 1093
50 80 30
20 75 1782
36 38 3445
53 74 4506
4 21 3524
30 58 4350
7 14 4015
31 90 749
0 95 4895
8 34 1442
1 54 2329
32 62 1906
10 18 1891
2 50 2031
9 70 997
8 15 2559
1 90 2969
20 55 4335
4 51 613
51 82 1901
48 81 44
40 71 2514
24 46 917
43 53 3144
2 95 1509
9 92 2348
26 46 4948
11 43 1838
75 85 11
30 61 4763
65 74 2156
32 86 4054
8 66 305
11 45 725
15 27 4471
4 9 640
57 70 3260
37 95 1962
24 51 2464
35 68 133
42 94 2466
26 98 2575
56 96 1319
20 85 2338
39 61 2711
52 85 4793
26 32 3653
61 94 4618
67 98 2104
8 49 1519
40 74 1494
34 68 917
37 47 4370
47 49 2606
6 71 2987
26 91 115
24 97 2691
37 85 3072
53 92 404
69 72 1328
70 71 181
17 50 3099
54 75 3556
5 23 2104
14 16 1130
7 51 2646
72 79 348
14 41 3137
42 46 4875
32 73 93
36 89 1952
90 95 918
72 73 997
40 72 699
10 66 4390
33 99 2816
23 81 1716
22 32 2456
7 53 1180
33 53 3764
17 66 3730
9 89 882
22 28 1562
5 8 1539
45 98 720
30 44 1056
12 24 3477
52 58 4499
51 52 4296
28 30 3097
21 44 3419
36 47 1890
37 60 726
65 93 3054
27 43 133
41 66 1757
25 86 3347
49 87 1238
24 85 333
4 74 2498
58 64 4632
2 18 4013
58 98 687
26 57 2196
61 99 4914
59 72 2099
20 77 4470
11 23 2900
60 61 2600
7 36 2117
11 87 4719
52 77 2711
33 87 3980
29 75 1070
11 13 786
6 99 1287
2 48 3266
49 88 4361
45 86 3390
3 27 4455
30 47 3115
5 63 2746
57 99 519
16 58 2992
13 66 2638
29 92 16
38 81 3521
15 33 2349
1 93 152
65 70 1318
45 62 3213
34 41 4440
26 80 3082
44 90 1829
21 68 890
37 70 443
12 86 1769
19 33 26
30 95 1923
14 42 226
64 81 3262
48 59 4319
27 70 4117
15 77 3493
67 82 1950
23 62 849
54 90 4079
27 94 282
58 73 611
11 51 4508
5 85 1544
8 95 4234
15 73 10
36 55 4634
49 89 4188
42 89 1920
65 75 37
32 89 2601
6 94 2575
38 50 1038
21 28 350
16 39 3811
78 88 672
28 34 1220
46 51 2757
71 92 176
86 88 2086
28 87 4381
6 88 522
38 78 3785
21 24 3591
51 78 3013
23 73 2456
50 64 4345
24 58 4549
14 84 2637
62 65 572
46 95 1133
15 48 795
10 16 3444
26 44 3434
88 92 4314
52 90 1511
55 63 4258
53 65 3247
8 98 3480
28 90 4699
61 80 2570
39 47 2836
8 78 4220
49 77 299
26 76 587
27 81 3023
63 77 3448
91 98 2192
7 18 2838
22 82 2122
75 91 551
5 29 4646
77 93 1751
80 93 3880
50 66 686
59 61 1203
1 94 1081
1 88 8
52 66 4785
22 93 2223
7 93 443
18 92 1885
13 44 3158
4 27 3135
20 74 798
5 76 1670
35 94 2152
20 36 2930
26 81 845
5 28 2775
17 24 2885
65 67 2366
48 78 662
4 89 4725
37 42 2283
69 85 2749
49 99 3380
14 27 4441
5 48 145
8 22 4915
29 94 3339
24 41 2025
52 60 999
13 37 499
46 82 2947
5 33 2207
1 13 3532
8 39 3268
44 47 3449
10 41 2194
0 61 2376
29 64 354
10 93 1630
20 83 4346
10 78 4420
15 47 1590
13 69 2635
1 85 3298
48 77 3078
0 73 111
7 47 3666
2 89 4386
6 63 475
16 38 4427
4 66 2957
22 92 3477
35 66 1108
15 79 2882
13 96 4933
30 54 1957
13 51 3288
39 80 1323
41 74 4343
17 34 3587
2 69 4208
32 81 1886
57 78 2892
1 41 4775
51 97 2297
27 50 1735
35 74 1655
22 80 1120
1 86 94
0 99 1489
10 57 2372
57 91 4676
4 83 785
45 47 810
17 81 1866
14 92 4906
20 42 1820
33 77 4689
35 97 3521
1 73 2983
37 39 1058
82 94 1677
84 87 735
15 50 3424
21 25 1738
0 2 2599
71 81 2600
35 89 2034
29 42 626
71 93 4309
60 82 3891
63 66 3825
2 22 4684
56 79 2940
25 85 1728
50 53 3347
6 80 713
62 88 3639
37 79 2906
44 64 3491
3 66 1426
7 35 4869
15 69 3992
27 45 2891
9 90 3184
22 72 3371
82 92 1472
44 97 3667
4 75 4915
29 45 1875
31 95 1599
51 73 969
89 95 2813
11 28 4912
28 77 2815
72 77 3905
0 55 4536
14 45 3099
29 77 3457
41 51 158
17 88 4924
82 95 1227
9 81 2014
10 51 737
69 94 2381
55 64 670
8 77 2140
17 25 3763
34 90 3498
43 78 3856
44 80 2184
17 55 4323
18 59 1860
12 40 2656
80 81 3652
39 45 3390
50 52 4276
7 89 4673
19 64 859
34 89 984
51 59 4718
37 90 3449
19 73 1319
40 60 1170
45 57 236
61 83 4653
19 96 1911
18 34 1748
13 79 325
49 58 3618
3 69 2295
53 86 87
63 82 3074
44 57 3066
64 94 2093
49 85 315
44 67 1888
7 55 1596
13 49 1525
51 81 3944
22 87 1565
19 56 4870
32 40 365
2 20 1246
55 61 4754
76 91 3271
2 28 3102
32 65 802
28 91 967
32 47 81
35 83 3536
38 40 837
44 93 1277
35 88 782
35 52 83
48 67 4437
44 74 1476
47 57 747
0 92 4271
25 64 2093
43 65 754
2 53 1024
65 79 1573
50 74 264
55 57 3810
37 84 1666
5 35 3962
81 97 4191
27 61 2194
73 91 4378
49 86 234
0 26 3744
16 72 3973
5 49 2193
49 68 895
0 44 3307
63 74 1246
26 77 4038
85 97 3794
16 36 639
12 42 2113
50 88 4089
4 90 1334
30 41 2932
79 91 3384
11 25 1348
40 89 3522
43 69 1617
34 73 2257
79 87 3875
40 58 1244
45 99 2059
25 88 4214
35 51 573
63 73 3589
62 81 957
52 63 885
11 35 2129
39 74 1510
25 56 1390
62 96 704
59 96 3543
10 96 4797
5 38 3262
21 66 4114
86 94 4059
13 33 3159
75 87 3252
44 54 341
38 44 3397
26 66 349
53 63 534
44 48 21
69 75 2723
63 80 3624
8 31 1009
47 99 1394
24 90 3863
3 68 3879
22 81 2454
16 62 387
50 84 1947
47 63 3704
24 95 4718
61 92 3961
64 73 566
5 68 2538
98 99 1737
12 78 4643
23 30 3374
19 68 2716
28 60 3807
47 66 2341
39 55 1686
26 72 4320
5 47 1752
19 43 1848
25 32 4414
65 97 61
44 94 2386
0 20 2317
34 82 442
74 76 1349
41 87 17
60 66 4079
9 22 60
49 71 2823
8 70 2909
35 36 1383
40 46 3968
36 88 1560
45 68 1306
32 41 3263
17 19 4468
86 92 4279
56 70 2784
12 13 249
8 17 1704
23 50 2507
73 75 440
1 44 2955
41 62 145
35 95 1702
39 49 2875
15 93 203
89 92 2232
0 21 2990
83 97 3789
82 85 3732
59 84 3264
44 89 2749
29 60 433
80 85 57
18 28 3209
47 59 983
23 25 3998
16 32 2843
68 91 1440
16 52 4621
30 57 2377
35 47 3929
7 81 2817
15 88 631
72 82 541
61 97 2309
22 58 2923
48 54 1787
7 65 4201
53 58 1888
49 69 1100
62 89 2249
30 99 4072
84 99 1895
12 82 4231
21 80 1905
57 86 3544
71 88 2123
34 69 441
28 59 3289
20 73 876
49 74 684
65 73 380
6 21 1856
4 50 2646
3 45 1926
8 54 4442
0 23 4786
31 83 109
29 68 3197
8 43 879
84 97 2791
4 67 1594
36 84 1675
21 30 1575
11 31 774
17 92 4528
3 54 3546
62 97 4846
73 77 3127
15 54 4912
28 29 2640
15 25 2549
41 81 2756
40 67 32
54 67 599
4 54 3401
15 17 570
10 72 2149
64 77 3186
83 86 2502
31 38 2130
39 60 1123
24 62 3710
21 50 139
87 98 4474
41 82 3788
73 99 2373
14 61 2296
15 92 2749
7 84 1392
21 37 1368
72 84 3325
43 57 3381
51 95 4459
6 90 2815
24 83 4337
62 79 1351
32 70 1318
6 76 2384
3 51 2117
26 92 3192
79 88 2039
22 57 700
45 71 2690
66 94 2361
88 99 3413
11 30 2886
5 64 718
60 91 1076
9 68 732
86 90 3180
16 98 4813
46 99 3198
42 61 2916
8 19 1718
30 70 1183
31 35 4427
35 48 734
16 61 4756
60 77 2305
13 98 2339
21 91 4428
52 72 4611
21 35 2343
9 16 567
56 67 2120
37 75 4272
36 56 1851
44 83 3366
28 85 3624
0 72 2542
4 86 4653
52 92 546
42 93 4551
0 25 952
4 17 533
22 97 1226
3 90 592
50 95 431
68 95 1924
93 98 4045
51 65 3580
3 96 10
16 94 2309
18 57 2200
8 23 633
34 84 1294
0 9 4749
26 49 1104
4 73 2454
40 65 451
33 50 3638
35 86 2401
17 18 1639
21 63 374
52 62 2242
3 92 2176
5 77 2319
47 86 3286
16 27 1692
81 94 3222
18 80 2838
4 93 4121
73 79 2723
12 69 4684
63 96 5
56 60 803
59 98 1813
20 69 2624
78 91 2320
69 98 4830
9 48 4942
3 44 4080
55 59 860
9 64 3749
31 99 1460
52 70 1627
13 32 270
85 86 4330
66 97 3387
40 56 1931
43 77 4665
69 96 4629
38 46 4347
6 10 333
12 67 3837
64 93 2742
12 52 265
20 24 1430
12 33 1581
34 80 3417
13 47 3668
10 38 592
11 69 1903
37 78 4603
37 81 2256
62 78 3880
34 81 4921
51 83 4852
63 88 4684
13 27 2343
40 95 179
16 77 1385
42 57 4684
56 91 3924
51 60 101
31 87 1095
41 55 4669
14 55 1160
16 99 3886
54 74 3991
25 45 1382
17 37 3833
7 68 3698
56 64 3381
7 26 3341
52 98 1453
29 76 601
51 96 4783
7 95 1341
62 73 4234
7 63 260
75 77 354
27 48 2066
20 66 3415
23 84 3153
7 56 4121
21 99 3800
0 34 4117
26 90 2374
18 43 4749
19 80 3336
38 45 1316
50 60 2308
22 54 2308
17 53 3622
15 81 2645
28 56 2104
16 71 1641
38 92 1503
24 50 2075
28 41 2923
53 57 938
25 37 2102
83 96 2731
23 34 2028
18 71 902
13 40 605
50 63 2217
23 82 4878
41 59 4479
12 79 2106
19 57 4588
42 55 960
30 73 1100
54 72 1634
34 67 4270
3 46 4867
13 45 60
66 93 1898
41 52 3830
12 92 4153
19 90 4145
38 43 1660
20 45 3247
93 97 2196
1 52 2690
50 57 2495
0 6 1900
45 94 4454
47 92 3387
9 32 3316
17 71 4268
61 85 1658
22 88 2777
0 84 2601
4 97 1949
53 84 1155
20 52 868
69 84 2040
8 25 3765
28 92 3042
66 68 3125
16 63 3377
19 84 4757
26 70 3272
1 27 3954
78 96 689
70 91 2313
27 31 2184
42 67 2363
67 80 1130
8 36 3721
14 56 1336
11 83 965
41 92 3356
11 14 1879
39 52 964
58 79 2349
0 58 380
74 85 3272
49 91 440
43 52 4355
20 95 948
72 90 3076
43 80 3526
36 83 320
11 37 26
49 59 4583
19 77 503
69 92 636
7 88 3905
7 33 1855
38 93 135
51 53 1764
49 97 1088
64 82 3730
0 79 4738
49 83 4825
6 22 2400
40 57 1057
28 40 2180
33 69 661
3 35 3343
16 20 1227
53 97 3624
47 54 140
0 40 4909
26 65 49
61 69 4935
6 74 4194
29 47 2965
69 83 2721
48 82 1820
44 87 2049
5 42 4932
36 86 283
52 95 4736
44 66 4372
26 74 3757
12 95 1892
22 36 2045
28 35 2404
34 65 3257
63 70 291
40 66 581
9 38 1673
6 77 1377
1 67 3375
57 77 537
42 62 1618
71 91 2621
49 82 795
1 87 3765
2 46 3752
28 97 2808
1 3 906
11 48 3018
85 98 1137
62 77 3859
73 90 1788
72 83 1881
17 95 1293
42 65 595
29 39 2008
56 97 2251
14 66 559
29 37 3591
51 98 3438
24 55 4250
4 55 4753
16 59 3961
37 86 3006
77 87 4592
39 89 2138
71 97 3084
11 32 1919
47 97 959
26 29 2771
46 94 286
45 93 1637
45 90 2668
61 70 219
82 98 4509
81 98 97
8 90 2468
68 97 338
3 34 3423
10 44 3556
75 86 2712
43 89 2978
14 63 1662
3 82 2371
60 95 4481
8 32 4190
19 95 3985
6 30 3118
0 8 1750
91 96 1779
26 62 3759
15 40 2548
23 35 236
39 69 2775
97 99 2630
11 27 1348
27 58 468
29 98 489
24 37 4508
43 60 3278
41 90 3293
43 73 4899
47 61 2812
38 95 3707
15 62 64
15 43 3958
67 96 3907
5 13 3755
80 96 1815
10 98 913
81 91 144
66 83 3487
2 56 3281
72 97 911
90 98 2108
41 84 1764
10 55 100
18 69 4005
52 71 3543
54 55 231
3 18 848
36 40 3420
72 93 331
49 78 528
20 82 3548
42 72 655
1 74 2293
43 45 819
14 24 3900
71 82 2853
27 73 4543
29 46 1425
28 49 3288
53 95 2953
77 94 199
29 43 3749
13 41 1902
3 28 1391
13 94 2101
33 72 347
31 98 2266
47 87 3449
0 85 51
60 80 1245
49 64 616
34 93 932
50 82 3283
28 64 2810
39 64 171
6 28 1512
21 76 2093
58 70 3655
1 63 4269
11 16 824
33 74 587
57 73 3034
22 60 1911
4 12 2136
25 34 2886
74 75 30
41 53 1820
31 33 2520
6 39 2701
22 66 4770
61 91 2277
34 49 2576
27 36 3074
25 89 101
27 29 1376
25 41 4458
21 87 505
15 63 1078
36 73 1245
36 82 4017
62 72 3041
18 24 4277
65 77 4705
25 74 2768
38 75 3448
13 28 2827
18 91 2148
57 67 4367
2 54 2789
82 90 3324
15 24 222
11 64 1387
50 92 2928
4 38 1499
12 34 2458
7 85 468
19 98 3648
10 62 1788
7 62 1335
23 70 959
68 81 3878
10 92 4532
29 30 2599
3 19 68
26 95 526
29 55 2413
84 89 829
0 82 1468
10 42 1862
9 11 4372
8 57 2211
29 65 1902
0 11 573
14 99 1197
30 37 4175
48 70 2589
4 20 180
4 99 2124
23 58 185
35 57 1713
12 89 2859
12 45 3824
33 73 4935
79 99 3132
50 79 2692
3 98 1259
77 82 1524
87 90 117
23 29 192
2 58 4666
72 86 911
22 68 1482
52 80 1932
41 93 4332
21 78 1814
5 51 395
14 22 3850
18 70 3179
55 89 4081
12 35 2989
19 71 2780
39 92 368
17 44 1018
30 81 3794
63 92 1924
34 50 1066
12 27 2807
12 46 1775
66 79 74
57 98 4155
26 89 4874
19 24 2169
52 67 2077
15 90 918
55 93 3570
1 29 4565
38 39 3431
17 51 3004
62 75 543
26 71 4906
2 32 3250
19 36 3521
85 94 171
17 27 4376
17 76 4635
4 36 145
11 63 3441
26 39 733
8 47 4462
7 49 2396
7 23 887
6 19 1988
87 93 545
44 85 3612
36 93 1317
19 28 53
16 17 2300
1 66 592
24 61 2634
38 77 3281
10 52 2836
29 62 4109
31 62 3812
42 63 4424
89 91 1351
36 98 1429
69 77 2180
71 99 3763
47 80 2581
71 94 4693
49 76 4176
59 83 1176
68 96 396
58 88 2314
67 81 2924
27 41 2323
45 66 1090
25 71 2788
55 86 2118
22 51 879
42 43 822
1 72 4533
20 71 4528
20 90 1655
28 82 953
14 40 4357
19 83 4804
35 77 2022
17 68 1794
53 99 1620
43 81 1793
1 50 2421
36 41 2
57 69 1888
21 81 197
38 67 4762
46 78 2112
10 60 3936
7 82 1902
9 93 501
2 92 4403
37 71 733
53 70 4310
10 59 2436
71 75 3268
47 78 3544
4 79 821
19 25 4099
2 65 3061
17 58 4943
5 61 2528
16 26 4775
74 80 4717
49 56 867
59 89 3985
20 76 1143
1 22 728
13 78 2769
45 75 4228
75 94 4749
34 85 1735
67 71 1298
27 84 4376
29 54 2450
1 47 2158
10 91 2092
22 94 1325
18 49 2154
1 30 2144
23 95 3170
77 98 1963
66 69 2922
9 31 3701
30 98 1504
31 96 4727
6 58 161
8 91 2713
34 38 3965
55 71 4709
20 38 820
3 81 3478
78 79 109
14 35 2535
24 72 1076
27 78 295
44 70 146
5 79 958
18 36 1534
67 99 1016
21 26 1996
50 72 2249
2 16 837
16 91 404
33 60 3309
44 63 862
8 68 3454
34 35 3246
3 5 1485
70 90 3434
13 42 2096
11 94 936
17 38 3990
28 36 396
92 93 2669
55 92 4067
19 44 3224
19 78 2061
29 83 4906
15 89 449
24 81 3146
1 4 830
2 93 1518
24 43 1206
15 37 479
51 79 1226
40 53 4260
16 76 440
15 31 3222
57 72 4143
60 87 989
48 73 3307
56 75 52
6 16 4216
25 66 2910
9 24 1336
54 60 665
10 46 4180
48 62 1188
42 84 2353
42 73 3313
5 12 3244
4 72 3810
12 60 1839
85 93 783
39 97 4801
55 96 4214
18 62 1327
8 12 4878
41 63 3655
24 49 251
12 96 2897
11 20 284
13 56 983
0 4 3996
37 55 4709
33 88 882
34 48 957
9 84 1547
70 98 1365
77 99 709
24 76 3076
90 97 4713
64 90 1759
59 94 3496
29 63 1872
83 94 3166
21 65 3166
3 91 3489
45 74 1510
56 99 603
13 58 2640
50 54 4335
6 67 3625
49 65 1055
35 90 1426
78 81 1091
32 96 3161
18 48 2934
38 47 2052
5 59 414
1 83 82
42 85 1521
66 86 3928
70 80 1464
12 39 3235
23 96 2000
7 61 2838
6 78 1226
13 68 242
9 17 1248
24 47 1610
43 97 3186
53 98 1586
24 94 2069
41 78 2038
20 89 2204
65 66 4643
30 72 277
96 97 4227
15 91 747
20 31 615
46 72 4215
53 69 1002
20 40 858
3 75 1993
5 78 2620
24 98 3551
3 89 3243
9 59 637
23 66 1544
38 65 3811
61 71 273
2 51 397
10 49 2551
33 62 4387
37 57 4795
33 34 3255
11 33 168
30 53 1042
3 15 3350
42 71 625
43 72 1666
22 67 980
4 13 217
73 94 4612
29 81 709
32 54 2163
33 59 288
67 68 1935
17 57 2258
25 81 603
1 61 2690
54 96 2719
13 70 2307
14 52 1544
25 79 4237
17 64 1121
10 43 1487
37 56 4849
0 90 78
72 96 1322
18 37 4576
30 91 3391
3 24 1641
27 51 2585
1 10 3569
23 57 2859
1 95 4046
43 75 3237
80 95 2321
9 30 463
15 55 3190
37 89 4392
48 98 36
37 48 595
48 57 4405
34 72 1683
6 18 1870
82 86 35
50 69 3729
20 80 3544
53 72 503
33 55 3719
50 77 328
25 99 2812
57 61 337
27 89 99
44 81 3908
70 86 2816
11 93 2798
63 67 4121
38 73 3513
3 37 2756
26 30 4341
6 42 1926
16 82 1936
32 49 3409
76 95 3167
14 64 1821
30 84 246
3 22 1410
26 87 3282
76 81 4359
1 51 3626
78 85 508
85 88 515
23 74 2679
43 93 370
5 32 4325
22 44 2217
56 83 2947
85 87 3406
87 95 2370
25 26 3646
41 88 3720
28 51 2415
38 69 1074
61 78 4100
86 97 4076
1 39 3312
11 15 4717
42 60 2217
7 83 39
24 36 2819
45 51 942
34 39 3888
19 52 2387
20 81 3374
6 12 3356
33 63 4688
31 58 1086
51 61 2660
36 69 806
5 14 1263
21 79 2769
15 38 4547
85 90 3948
14 87 4149
1 23 4914
30 51 577
33 38 490
47 91 3661
12 32 4673
10 81 1005
2 43 3898
69 99 2600
9 91 3318
72 81 3389
7 19 2893
32 60 2206
37 72 3247
54 84 1620
4 22 2232
66 72 2272
63 94 304
55 87 3708
30 34 3325
31 88 1083
31 40 1634
65 69 1973
17 52 4491
69 95 1294
33 39 531
53 80 418
10 84 524
81 83 4676
19 27 2864
74 98 3016
76 77 4328
65 76 2390
85 99 2189
11 95 4799
80 90 2766
20 43 2448
27 77 3973
9 25 1541
28 69 1192
4 25 4514
45 53 1775
54 71 2889
10 27 937
10 68 4096
61 72 3623
40 93 4097
56 95 2175
11 21 2351
15 51 2354
34 79 4825
34 91 4556
11 92 437
9 45 3604
8 13 4768
36 75 4849
82 83 1932
9 80 3674
73 95 92
3 63 3446
66 91 790
1 40 4145
17 32 3808
57 97 3876
35 58 831
75 96 399
32 56 3841
58 82 2018
12 17 715
46 67 708
35 37 686
4 63 4815
5 65 1556
46 86 2601
47 76 951
3 43 3198
47 75 4097
22 95 1924
57 96 1844
9 95 4859
11 29 1241
55 84 1934
49 94 591
9 23 4430
66 78 4392
18 61 4312
38 70 4112
19 48 2402
4 58 2330
58 68 914
9 67 1983
1 98 3230
12 22 4058
56 71 4008
6 73 2796
19 30 4772
44 45 2893
25 52 2847
1 46 6
0 76 4811
52 56 3398
25 72 1891
14 20 3251
13 17 1055
11 80 4031
62 64 4724
38 55 4418
56 85 1173
68 88 4447
63 79 318
9 19 2536
59 80 3914
27 44 4930
33 65 4491
27 79 1143
11 26 2300
4 48 4693
31 60 772
0 29 4013
11 72 4091
68 70 1874
21 92 4427
14 76 1616
60 79 4392
37 83 2769
10 53 3911
83 98 3109
8 29 66
54 99 1695
70 94 4401
49 90 4069
51 68 4104
31 64 4088
41 98 3081
57 76 984
37 51 2370
65 90 4058
54 81 2158
47 77 658
55 76 4247
55 60 120
1 33 1635
88 89 2957
39 98 4786
28 67 2507
42 49 1360
61 67 2911
87 96 260
22 53 3959
16 35 927
29 90 1869
31 71 2099
3 88 856
35 49 4848
73 86 922
29 72 2159
74 78 2922
16 48 957
29 69 4071
75 99 3072
12 56 1729
53 56 3590
28 98 4723
18 97 4108
30 33 3957
52 82 964
35 96 3501
10 65 569
66 71 4323
91 93 1325
32 80 718
14 15 959
36 59 1395
12 47 4016
9 66 4420
5 17 3799
17 99 1726
27 80 1652
0 91 3565
1 60 781
43 49 3772
44 84 1498
78 92 1289
52 57 2044
3 58 908
3 41 3617
64 72 4108
36 37 3338
36 64 2281
12 29 2031
59 90 3915
67 91 1132
19 49 4916
23 52 2556
76 84 61
11 67 2303
12 74 1816
2 25 4121
7 99 2008
39 73 4413
42 64 3795
7 31 254
18 23 4170
41 70 2257
69 76 2657
14 79 4721
65 94 4122
80 88 4009
66 88 4404
62 83 2012
56 72 15
54 98 1658
15 34 4239
26 54 4717
5 66 4566
90 94 806
21 93 2443
1 7 1769
15 70 1079
59 70 1946
20 61 953
32 36 651
7 67 849
17 47 4140
18 89 944
50 56 3270
60 72 2388
33 57 3213
64 99 4874
92 98 625
43 82 3567
33 54 1906
51 75 3501
23 85 3392
71 87 1855
0 70 518
8 14 1361
0 3 152
40 91 2668
17 75 47
19 55 3605
83 95 4444
48 65 3590
66 87 2513
48 84 2411
17 86 3342
16 34 52
22 33 3394
12 36 1631
27 66 8
9 20 1854
49 72 4626
1 55 1213
84 86 1590
6 47 3146
32 95 4317
18 77 2646
3 74 4418
51 64 3535
0 39 4247
39 87 1211
3 93 1919
7 34 50
40 63 3673
45 88 2428
1 18 200
8 80 1544
25 27 1579
21 31 3375
77 95 1798
0 18 4144
4 26 1504
82 88 2724
13 36 967
14 73 1132
93 99 2227
47 85 1141
5 18 4096
2 7 4110
2 61 927
19 82 2895
11 36 514
29 35 4733
7 76 2217
33 47 3189
65 91 4217
7 90 1440
5 27 3990
3 16 3658
16 93 3696
22 63 2832
58 80 2590
61 90 3609
4 6 4566
55 90 3238
22 52 3108
25 98 449
8 30 582
11 68 1008
13 64 2133
4 33 1311
4 30 2464
12 88 4892
41 58 3623
6 79 4570
6 49 3863
50 71 4777
14 43 1702
7 30 2168
27 53 2690
39 75 1142
75 92 1289
2 36 569
46 91 2874
17 46 2169
58 71 1026
55 74 4392
42 76 1431
15 32 2816
9 87 961
48 68 87
68 83 2611
7 80 3438
60 97 1360
23 92 4341
18 79 4173
42 88 4837
52 74 2981
8 56 795
10 64 4743
58 72 2271
80 84 1159
13 16 3716
53 89 4561
3 80 3585
85 92 540
59 92 807
7 37 4760
3 4 4280
83 99 801
29 88 4236
31 78 4097
39 43 2761
34 92 4651
48 91 3496
26 37 3849
45 91 3634
2 5 21
20 84 1634
49 66 953
59 76 1810
70 74 3264
29 91 1414
57 88 4451
16 47 4131
14 68 2679
20 49 4179
6 84 1603
34 75 1410
51 94 368
12 38 2065
22 47 2233
35 62 2357
8 61 3493
1 36 1035
51 93 4720
18 88 1026
18 52 1167
26 64 1683
32 39 3949
6 96 1248
7 15 4290
36 85 1787
44 58 4917
40 81 1406
16 31 746
14 95 954
31 45 3325
81 95 4662
79 93 245
14 23 256
14 21 688
5 37 4693
35 64 2865
22 31 1382
22 55 2337
40 44 3799
25 30 4927
6 35 4748
34 60 3555
33 93 1427
68 80 726
47 48 2998
35 85 160
70 92 2174
0 59 3656
54 77 4927
4 53 1353
42 96 2458
9 71 1575
32 42 4189
11 47 3780
39 90 2967
12 49 1184
63 86 3067
28 99 1311
49 63 1268
7 20 436
2 57 105
36 67 1175
11 84 4389
50 94 2082
24 32 4916
9 55 3300
79 96 4608
64 76 852
23 89 4504
43 55 341
24 71 3043
36 46 859
4 28 2514
3 8 1374
59 79 167
90 99 2966
30 32 4657
33 70 3079
19 61 4308
61 84 4537
24 87 3741
58 75 575
84 90 1401
41 91 4457
12 87 1752
16 30 777
5 96 479
19 72 4129
93 96 4140
51 71 1530
46 89 2138
26 36 493
29 67 906
8 48 2248
41 69 1558
5 86 536
74 99 5
11 19 4336
25 69 1576
3 55 4552
31 86 4645
66 96 3332
45 60 4862
60 69 1717
45 56 3027
14 88 1029
29 38 1794
49 93 3338
25 47 3899
47 88 1033
46 69 3584
0 47 2505
60 89 3886
53 76 155
34 76 421
20 64 2309
10 21 802
31 42 140
27 65 1401
8 82 2935
8 75 3990
35 65 3112
19 40 296
60 84 4491
38 83 2715
28 55 3630
88 94 3881
20 50 2272
24 28 1937
4 46 3845
8 71 7
59 99 1523
5 89 2645
32 66 4060
18 44 2120
30 96 623
37 91 1322
66 95 250
70 77 160
7 12 2472
38 87 414
23 83 2685
4 5 2467
33 43 4423
59 82 39
25 58 4934
53 90 3451
61 96 770
19 39 1734
16 28 42
7 32 4818
15 35 3536
64 65 1956
3 97 3055
77 88 561
5 56 4233
15 30 3500
25 33 2440
38 41 3341
6 57 3499
10 26 3308
4 24 4548
23 41 1662
50 59 4489
48 55 3874
39 42 1766
25 29 4253
3 14 3874
2 90 145
25 60 910
78 99 585
14 94 2272
42 79 2861
49 51 462
6 97 1396
11 18 4151
64 75 1294
6 70 1882
14 58 1025
38 88 1153
16 95 2724
44 82 1871
8 21 4693
30 48 1294
20 37 3336
27 46 3921
5 88 1411
8 63 2626
41 57 124
53 71 3671
30 64 3641
6 64 3629
46 93 2116
23 76 1866
46 84 2778
75 80 369
14 93 4858
24 73 1896
14 36 4036
7 73 1291
67 73 540
63 75 1841
6 15 2086
4 8 4849
9 63 3004
55 91 56
1 35 2914
47 58 3525
22 79 2593
28 47 1736
4 65 2724
37 82 2168
33 40 4812
46 63 3407
9 75 3092
36 62 1274
25 65 1546
75 89 4690
15 16 1174
33 36 1171
41 54 1790
67 76 2345
93 94 3814
58 86 4044
44 98 2451
41 44 1237
30 76 2646
62 93 3616
54 87 2618
47 94 2952
87 89 4648
3 23 1541
22 62 2007
16 29 1282
6 33 2760
46 49 3039
91 97 4891
10 83 733
54 65 4472
29 74 1879
40 78 1763
33 58 4117
11 65 324
70 97 1643
33 97 943
16 19 4887
62 66 4938
25 42 1912
39 83 2218
43 92 2650
27 35 959
48 75 3562
1 77 647
34 96 1055
30 97 3022
12 31 1105
30 65 529
22 71 4782
23 44 706
95 99 2623
52 69 4483
27 97 584
19 85 2756
35 55 3480
64 85 3748
88 90 3859
17 45 2241
76 93 4528
16 88 2413
35 80 1159
8 86 2145
23 64 4214
12 76 1470
29 58 472
28 73 4917
23 94 1100
1 64 4613
6 98 4227
60 78 2578
60 86 341
19 89 15
6 72 2224
42 48 760
54 91 3544
43 64 82
14 51 819
47 96 2678
32 88 4134
33 82 3889
3 9 4331
60 74 4068
53 75 2954
48 85 2119
37 52 490
80 83 1112
24 39 4378
17 48 1586
23 24 3857
5 91 786
74 89 4564
19 60 3629
9 44 2686
35 71 816
38 68 346
11 55 632
41 73 1497
46 87 1621
16 89 498
46 76 3430
34 59 1553
18 25 1323
93 95 4579
21 70 1727
48 90 4695
64 98 3747
36 90 3873
18 63 3829
22 99 393
23 63 2245
16 56 3039
18 21 4885
32 43 4754
13 76 3194
56 80 3890
47 81 2993
10 22 4449
43 76 621
71 85 3889
38 64 2006
61 77 1620
42 99 3603
25 43 3573
22 38 1981
5 75 1676
3 87 3735
60 83 892
3 79 2734
48 94 716
71 96 4933
34 88 3970
22 46 632
2 23 1515
34 51 2312
1 20 3356
90 96 3819
44 99 1268
51 70 157
5 45 3770
17 41 1492
23 31 4414
70 79 4428
51 72 2498
28 79 92
13 84 4127
57 79 1398
22 74 2401
22 26 2546
61 81 979
26 83 2343
48 63 2751
56 59 3277
39 41 2926
5 54 1330
58 59 2249
3 50 21
5 16 1633
23 61 4487
6 81 2460
13 54 4420
4 76 3585
54 56 1976
21 69 582
46 96 4720
0 98 3502
