1000 5000
1 0 3715
2 0 4323
3 0 3720
4 3 2098
5 1 4851
6 5 2028
7 0 4233
8 5 2673
9 1 2597
10 3 3838
11 4 2342
12 0 1372
13 5 4262
14 9 3528
15 2 1337
16 13 754
17 1 4127
18 0 543
19 18 3326
20 8 1440
21 9 3139
22 13 2261
23 6 1633
24 5 2073
25 3 3131
26 18 439
27 16 138
28 23 616
29 24 2458
30 18 3820
31 1 366
32 20 312
33 21 903
34 16 2717
35 11 3486
36 25 2081
37 19 4750
38 32 3635
39 9 2794
40 17 4537
41 17 4734
42 11 308
43 27 2939
44 3 1449
45 21 3591
46 34 12
47 2 1006
48 26 1400
49 16 496
50 32 2827
51 18 847
52 33 3152
53 26 3732
54 25 414
55 42 2034
56 11 1330
57 19 3403
58 36 695
59 23 1117
60 25 2415
61 37 2495
62 1 1368
63 19 395
64 55 611
65 54 4281
66 11 195
67 11 2511
68 56 2906
69 45 4377
70 12 2361
71 55 2479
72 51 4792
73 7 3572
74 25 3173
75 65 2585
76 30 1498
77 51 3512
78 0 3599
79 12 4165
80 58 3514
81 24 1535
82 21 863
83 3 2081
84 69 3423
85 48 3294
86 44 1617
87 22 294
88 42 1871
89 45 2468
90 80 4269
91 24 4910
92 56 1987
93 4 3763
94 8 2699
95 68 2348
96 17 363
97 82 1644
98 94 4477
99 25 3720
100 83 3630
101 88 648
102 12 3815
103 6 3946
104 24 3372
105 52 1559
106 15 1547
107 105 1385
108 18 1558
109 75 4019
110 58 3828
111 5 3497
112 108 3244
113 15 2286
114 63 1815
115 90 110
116 67 2791
117 17 1164
118 74 1489
119 36 1169
120 87 4664
121 95 3115
122 109 3554
123 60 2198
124 60 766
125 93 311
126 8 4192
127 82 2682
128 90 4837
129 28 1514
130 66 2290
131 30 2680
132 4 520
133 47 1793
134 128 824
135 89 906
136 16 2699
137 87 4302
138 24 646
139 43 2853
140 111 256
141 68 4506
142 45 1909
143 10 4529
144 19 3366
145 48 3850
146 90 3137
147 30 4264
148 55 2204
149 136 1802
150 65 1067
151 124 4062
152 17 385
153 46 2910
154 5 1282
155 70 43
156 24 4930
157 148 1904
158 120 3342
159 158 2116
160 53 2283
161 103 162
162 88 1895
163 30 3473
164 134 2837
165 46 675
166 9 2734
167 60 3963
168 96 1787
169 159 1432
170 8 2792
171 52 4115
172 52 119
173 125 1258
174 162 1526
175 97 1476
176 12 4782
177 176 3098
178 107 4898
179 118 932
180 64 1221
181 63 3894
182 59 621
183 28 3611
184 68 4540
185 16 3438
186 170 1691
187 144 1402
188 40 3694
189 45 4292
190 165 159
191 81 3391
192 14 332
193 7 1598
194 127 2516
195 40 3479
196 154 1856
197 71 611
198 10 4941
199 124 3938
200 179 4751
201 7 950
202 70 1240
203 196 4593
204 196 1092
205 1 2409
206 55 2321
207 161 4178
208 207 2636
209 115 2447
210 169 4935
211 59 3125
212 113 331
213 136 970
214 110 898
215 35 371
216 90 2139
217 87 1433
218 66 4996
219 209 2404
220 176 3140
221 2 2132
222 179 199
223 97 1059
224 155 698
225 163 4243
226 27 3727
227 44 2991
228 216 4604
229 205 4272
230 228 3325
231 158 4214
232 141 4796
233 165 2565
234 92 3764
235 71 343
236 217 4451
237 216 4853
238 131 2654
239 67 2132
240 48 414
241 66 833
242 71 3594
243 134 4959
244 40 2591
245 89 3904
246 214 2234
247 203 2582
248 130 4440
249 126 1373
250 178 4223
251 127 531
252 209 4941
253 34 3634
254 249 4496
255 137 3218
256 97 3574
257 255 3651
258 207 1060
259 175 3670
260 39 4643
261 198 3183
262 99 1902
263 82 675
264 43 4734
265 25 3804
266 194 427
267 173 479
268 120 319
269 27 2401
270 265 4661
271 268 3173
272 78 467
273 100 398
274 185 4410
275 0 2363
276 269 4961
277 164 2812
278 11 2792
279 58 4936
280 259 3857
281 26 4634
282 33 4094
283 50 3662
284 34 2638
285 91 577
286 131 4264
287 258 187
288 155 4902
289 160 3956
290 210 2586
291 269 2347
292 281 2428
293 170 1631
294 164 1584
295 26 137
296 119 3980
297 262 1929
298 164 271
299 144 102
300 1 1678
301 122 4058
302 124 3733
303 29 997
304 60 2048
305 161 2131
306 152 548
307 12 2484
308 161 4171
309 57 3837
310 52 2369
311 227 4877
312 170 399
313 89 1336
314 81 4422
315 244 3116
316 145 2956
317 212 3455
318 201 661
319 181 380
320 71 2965
321 206 379
322 157 1646
323 120 903
324 277 1721
325 116 935
326 318 2699
327 191 1141
328 20 4973
329 237 3820
330 143 3369
331 263 3874
332 277 2415
333 111 3353
334 47 332
335 65 55
336 122 2607
337 158 4101
338 284 3633
339 71 4509
340 227 4295
341 25 2584
342 131 2897
343 124 4976
344 78 1000
345 58 3824
346 286 3529
347 246 2807
348 167 302
349 85 4672
350 258 4954
351 192 4174
352 35 3859
353 345 1633
354 173 2899
355 105 4575
356 194 3985
357 67 1615
358 341 504
359 298 4601
360 234 766
361 222 4365
362 322 3671
363 275 4149
364 24 2347
365 202 3394
366 351 992
367 234 3538
368 343 2250
369 225 2775
370 184 4882
371 106 2501
372 146 391
373 352 2556
374 5 3990
375 41 3900
376 59 3690
377 79 2969
378 232 1315
379 40 1988
380 111 4434
381 288 2278
382 241 921
383 325 3448
384 136 2633
385 322 1588
386 64 4999
387 10 553
388 82 991
389 299 3971
390 155 3312
391 275 157
392 122 2127
393 300 4496
394 352 1817
395 101 3300
396 172 863
397 378 2101
398 203 1854
399 229 1073
400 285 4100
401 366 129
402 89 3791
403 397 4956
404 207 220
405 341 3296
406 231 2353
407 284 1979
408 217 3048
409 134 2303
410 398 4181
411 106 1963
412 400 4501
413 125 2350
414 115 2258
415 329 3518
416 271 97
417 138 4452
418 349 4798
419 149 4320
420 293 3795
421 23 2888
422 308 4538
423 122 3840
424 312 812
425 283 4427
426 123 1661
427 181 1192
428 235 2661
429 408 26
430 413 24
431 190 2618
432 63 2571
433 297 1802
434 383 898
435 116 730
436 178 3823
437 212 849
438 191 2638
439 65 2589
440 377 1435
441 70 2322
442 23 198
443 281 4760
444 309 118
445 258 2137
446 157 2779
447 333 652
448 397 2640
449 55 864
450 64 4742
451 413 1978
452 348 2936
453 260 3877
454 365 340
455 119 853
456 202 1941
457 66 3686
458 52 1899
459 190 3880
460 258 2467
461 332 4824
462 379 148
463 133 1823
464 6 4457
465 4 3701
466 84 2423
467 226 1331
468 414 79
469 171 993
470 80 4399
471 247 1892
472 83 3386
473 260 3331
474 306 3854
475 82 4552
476 361 472
477 51 4723
478 133 2034
479 189 4412
480 61 1621
481 243 2902
482 87 1705
483 89 1806
484 365 2746
485 43 517
486 355 552
487 256 4045
488 342 133
489 130 1634
490 351 1382
491 227 1674
492 275 3066
493 230 2350
494 166 1074
495 357 294
496 401 4473
497 295 593
498 164 3980
499 116 644
500 433 4087
501 92 784
502 380 2547
503 439 1904
504 326 4450
505 25 2422
506 314 4062
507 63 492
508 185 943
509 35 2725
510 5 4173
511 423 3523
512 422 1004
513 343 2674
514 440 4087
515 96 1386
516 236 3241
517 417 2321
518 270 4509
519 43 295
520 351 697
521 279 3200
522 150 1652
523 335 4869
524 408 3945
525 523 4239
526 98 4840
527 30 2317
528 358 4970
529 74 351
530 161 3047
531 453 4904
532 12 3459
533 462 924
534 394 4442
535 434 1051
536 75 3983
537 369 4332
538 28 1179
539 492 446
540 398 2487
541 217 4842
542 295 2204
543 112 2109
544 173 2013
545 289 1625
546 112 1715
547 42 4340
548 475 1974
549 207 1109
550 323 1111
551 413 3005
552 186 2891
553 465 4003
554 242 289
555 169 601
556 65 126
557 19 3735
558 116 4373
559 197 2552
560 266 4636
561 431 4788
562 499 3847
563 286 168
564 314 1862
565 366 199
566 276 2974
567 376 1640
568 317 2456
569 83 974
570 480 4970
571 227 4511
572 145 4069
573 193 4865
574 432 2085
575 399 2319
576 155 2190
577 76 2460
578 287 3187
579 371 3365
580 11 2439
581 470 1498
582 538 3303
583 523 1470
584 489 3765
585 194 3993
586 25 1412
587 216 1638
588 153 3902
589 318 4269
590 45 3836
591 29 836
592 504 4952
593 120 3501
594 560 2350
595 358 709
596 227 3465
597 114 1981
598 233 2947
599 360 1197
600 424 25
601 174 1481
602 153 3206
603 265 2028
604 247 1650
605 492 1978
606 439 4827
607 117 3874
608 353 3470
609 139 4491
610 262 4272
611 137 1868
612 125 4884
613 301 300
614 240 3426
615 363 3826
616 356 1024
617 282 2221
618 71 4436
619 312 2090
620 402 1804
621 568 1238
622 228 3369
623 204 3818
624 216 1036
625 136 2776
626 159 2200
627 327 303
628 259 1615
629 135 1857
630 71 4395
631 233 860
632 51 411
633 597 1498
634 498 4055
635 598 3615
636 300 4088
637 114 2808
638 122 916
639 428 4453
640 94 2210
641 1 716
642 21 117
643 630 4311
644 498 82
645 475 895
646 422 4550
647 530 2734
648 139 648
649 526 1407
650 245 3140
651 178 1967
652 328 3745
653 270 3288
654 45 1301
655 326 3745
656 162 2704
657 87 639
658 56 4841
659 553 3226
660 452 3575
661 241 1766
662 568 4255
663 518 2342
664 515 1633
665 373 3579
666 238 2920
667 130 206
668 280 1470
669 610 1584
670 329 3457
671 46 1470
672 519 32
673 65 3712
674 593 4156
675 25 3666
676 30 2851
677 313 1945
678 533 2637
679 386 4139
680 395 3649
681 106 2989
682 363 1419
683 430 3742
684 527 685
685 513 1529
686 100 1388
687 375 592
688 114 1684
689 510 787
690 622 4353
691 365 3853
692 399 2124
693 217 4697
694 253 4790
695 615 1957
696 141 4742
697 96 16
698 302 1121
699 57 1115
700 612 3589
701 393 825
702 333 4175
703 272 4424
704 372 3760
705 124 3307
706 279 2944
707 346 3798
708 375 4195
709 276 1848
710 74 4765
711 287 3325
712 354 656
713 320 3968
714 294 227
715 422 4189
716 562 3416
717 176 81
718 100 3475
719 504 1197
720 161 600
721 243 1566
722 176 4753
723 240 2063
724 441 3827
725 670 4528
726 91 289
727 383 4796
728 478 345
729 664 814
730 497 2657
731 456 3153
732 536 4738
733 463 1237
734 89 1288
735 362 1539
736 494 4367
737 115 3482
738 505 485
739 305 2767
740 701 1072
741 284 1658
742 145 873
743 558 1801
744 623 2003
745 700 4577
746 450 927
747 551 4188
748 311 1864
749 453 748
750 610 3175
751 608 1595
752 405 3933
753 415 4371
754 429 292
755 248 4308
756 487 4497
757 381 99
758 509 919
759 127 1546
760 745 3338
761 495 2794
762 315 4513
763 723 4525
764 583 246
765 111 1918
766 375 673
767 18 3762
768 743 1328
769 677 1679
770 354 4486
771 769 2096
772 740 4130
773 36 3095
774 495 4876
775 700 1154
776 286 179
777 397 4492
778 10 4713
779 255 2001
780 414 107
781 355 4618
782 478 1488
783 219 4679
784 51 1150
785 390 2122
786 185 2600
787 215 3427
788 365 3189
789 220 1977
790 53 3069
791 535 1714
792 269 3266
793 48 379
794 369 853
795 91 986
796 27 3621
797 88 4097
798 773 3412
799 751 3618
800 430 4446
801 608 731
802 768 1071
803 762 232
804 527 827
805 691 4297
806 133 4956
807 583 3226
808 802 1887
809 132 4862
810 522 4627
811 78 2786
812 598 269
813 523 428
814 123 850
815 552 2257
816 318 4348
817 39 3270
818 400 1234
819 340 3361
820 194 4346
821 94 1215
822 756 418
823 47 4020
824 85 4562
825 728 3543
826 804 4116
827 200 4495
828 548 3350
829 528 3013
830 178 1572
831 557 1445
832 512 2765
833 739 3704
834 708 4305
835 235 3028
836 98 1759
837 590 2055
838 167 4859
839 290 1485
840 289 4950
841 188 136
842 276 15
843 460 2732
844 344 4885
845 822 4459
846 50 1381
847 567 2323
848 418 3442
849 363 846
850 391 1012
851 231 3070
852 302 1853
853 367 4632
854 639 4028
855 408 105
856 688 4448
857 278 4529
858 255 4613
859 318 3239
860 232 2681
861 49 4996
862 301 3911
863 294 982
864 689 4859
865 78 4432
866 640 4622
867 158 4646
868 641 2755
869 604 2277
870 681 3290
871 133 4129
872 413 4792
873 357 3000
874 536 1604
875 650 3657
876 764 1361
877 304 2843
878 542 3436
879 524 2950
880 95 4408
881 612 3264
882 487 2602
883 128 2324
884 670 962
885 804 2052
886 544 619
887 456 699
888 218 3350
889 299 1788
890 34 2582
891 162 4740
892 515 2352
893 767 1436
894 17 4157
895 113 2974
896 589 4345
897 535 3895
898 611 2983
899 759 3498
900 573 5000
901 600 692
902 237 4199
903 261 496
904 94 1966
905 772 1286
906 22 293
907 400 2383
908 312 1069
909 275 1553
910 429 3571
911 111 3089
912 166 3321
913 844 1253
914 771 1451
915 597 3014
916 279 1146
917 450 2256
918 305 4776
919 575 2992
920 585 3332
921 860 1194
922 65 547
923 342 2596
924 748 1723
925 159 4031
926 807 2434
927 920 61
928 260 3490
929 646 4408
930 41 2361
931 386 840
932 307 4956
933 409 1938
934 45 4322
935 103 1782
936 897 171
937 580 1908
938 541 2744
939 804 1475
940 905 648
941 510 3479
942 751 1551
943 714 2777
944 92 908
945 756 2048
946 825 4813
947 338 2661
948 778 1529
949 653 3659
950 652 1956
951 310 4979
952 732 2122
953 532 2254
954 187 1807
955 646 130
956 678 3597
957 138 1124
958 660 1778
959 201 4066
960 794 1909
961 617 894
962 718 931
963 669 963
964 934 1802
965 783 1167
966 623 4211
967 214 3178
968 955 1987
969 491 4733
970 920 3170
971 46 1347
972 498 4511
973 424 3527
974 109 1070
975 606 3629
976 436 3805
977 874 4271
978 631 1141
979 715 2650
980 439 3820
981 916 1420
982 175 3772
983 327 4661
984 514 4654
985 125 307
986 228 1730
987 911 4890
988 501 3638
989 952 2770
990 732 3608
991 411 1248
992 306 4937
993 550 2213
994 457 1280
995 255 3034
996 647 2168
997 312 2221
998 544 1139
999 543 470
787 839 3272
137 758 1167
709 934 2002
77 243 3601
431 675 3437
127 173 3642
755 898 1992
505 977 3614
208 816 2471
123 843 296
725 977 894
335 732 687
455 828 212
324 415 4500
244 456 2652
756 890 1966
29 520 2023
506 883 893
329 831 1130
836 994 3589
413 637 3383
32 297 1033
883 976 78
642 825 1167
265 317 1970
433 489 2201
621 925 57
231 873 2067
533 567 2702
108 170 4504
250 825 220
93 252 2005
151 678 4344
66 721 2589
260 731 1835
108 342 4816
543 899 2215
13 456 1854
877 879 1938
423 746 699
155 840 388
180 892 1029
118 654 2520
363 449 3694
99 873 2518
560 766 4139
879 928 1832
220 972 4288
441 899 10
356 503 4637
468 880 1833
64 327 2452
168 304 4842
542 730 2617
125 540 3739
55 719 1581
816 937 3050
227 258 3556
180 926 4490
30 982 1452
306 501 4756
200 275 4843
847 950 4093
488 870 4002
520 799 1385
231 344 369
42 348 2145
175 514 2160
387 664 376
321 758 3614
288 832 4558
169 458 475
45 753 3963
238 442 4316
395 856 2317
446 528 4503
676 692 3075
574 618 1767
531 684 1363
85 499 199
555 741 3589
838 979 4600
94 515 1580
400 781 1561
274 349 1011
19 683 2553
910 919 2812
454 886 919
186 366 1534
168 784 4774
357 502 4441
40 384 2358
47 619 880
411 707 4494
296 348 3858
45 106 4638
434 462 1704
760 905 489
149 530 1536
746 784 2366
106 911 1848
166 786 1224
352 883 2256
666 668 3731
185 490 4035
415 998 4143
527 669 3430
268 784 4121
477 788 406
179 805 571
105 940 3707
437 539 513
514 556 4557
336 396 1755
217 662 3667
380 714 1756
676 957 1778
139 562 2909
699 961 846
16 676 2547
828 936 2199
465 546 290
9 788 3468
130 602 1075
230 468 4730
494 751 3925
229 675 4838
406 778 1274
293 333 4195
519 689 3937
104 624 938
200 694 3155
954 960 738
521 903 1002
91 937 4549
74 801 2894
362 554 1257
130 998 1926
521 803 4038
412 534 310
180 215 1441
50 113 4002
317 972 4381
631 972 3736
150 794 3908
137 211 2462
175 366 2405
253 590 4794
601 835 4182
163 992 42
17 93 4751
63 276 3427
228 979 543
296 391 4066
21 226 1749
380 963 3261
19 28 3912
389 771 1371
604 715 4413
123 190 1430
622 748 3929
658 741 1652
52 699 1077
256 662 4899
762 940 22
488 713 3246
189 845 922
490 690 2000
214 556 2453
802 883 4805
198 623 4792
782 897 2482
421 728 2926
899 977 704
67 626 4607
162 688 513
260 860 1738
179 833 963
52 269 4217
180 812 461
106 702 3174
90 306 2474
543 586 2951
0 948 3719
323 715 4376
45 104 2236
170 978 4552
766 809 153
820 905 1961
556 773 2080
70 644 2582
249 317 2199
3 255 3323
164 966 427
421 715 2714
577 589 2120
71 563 4135
171 696 2304
312 672 148
684 941 596
501 899 4655
506 962 4185
20 883 1953
187 317 2445
645 735 2330
703 954 979
235 982 867
708 823 4116
709 849 90
163 559 2796
406 782 1863
786 894 2823
338 863 1779
743 975 4245
320 498 663
851 921 704
106 381 4530
584 787 2106
462 559 2919
427 856 2350
97 429 2571
518 560 3903
569 598 3434
9 117 3057
20 551 2372
711 750 4400
32 222 3069
523 822 833
83 327 4518
155 528 2660
4 422 1375
139 891 905
279 945 2349
827 927 3067
530 830 204
119 948 4304
43 710 1929
53 613 1474
376 590 1469
19 646 4664
487 652 2387
656 731 2093
278 387 1857
305 762 1038
474 919 4376
90 912 4475
115 664 1526
484 708 1522
746 748 797
603 927 4590
48 909 2042
254 814 2360
34 483 2056
166 209 4380
22 482 3429
287 450 80
721 741 3323
509 563 1044
642 828 135
340 575 1936
208 366 490
65 255 249
161 948 1611
427 469 1361
663 858 4110
54 93 2193
593 714 712
52 165 2001
516 825 1743
136 573 721
59 792 1901
510 895 2974
546 940 1573
326 960 4001
69 646 601
436 866 1309
191 944 1554
303 365 1904
173 243 1530
641 989 159
489 897 4475
238 909 100
200 464 1291
699 929 2163
506 627 2364
671 826 2991
706 966 299
187 552 1231
184 514 242
376 534 2473
275 728 1885
116 354 1723
116 768 2441
226 449 4791
230 443 4768
168 788 4649
402 996 1862
489 978 3955
23 729 3338
45 780 32
339 436 824
187 282 2379
313 845 510
245 580 2538
144 718 1911
52 381 1092
104 199 3269
11 587 1243
414 623 3082
535 966 3867
7 312 2239
467 638 2776
6 864 4885
466 883 2948
20 57 2932
432 508 2866
210 808 2359
394 618 1958
306 831 4949
129 669 4097
124 814 711
163 450 70
410 845 492
701 742 2697
728 969 835
902 988 520
574 965 1923
270 419 4631
9 687 142
121 742 1659
269 367 4665
312 471 3155
386 644 1748
703 788 4514
253 464 2026
224 897 4532
758 936 2701
99 276 693
475 813 910
22 914 4556
538 709 1859
87 802 1196
53 620 4477
343 416 3593
453 546 1787
680 796 3516
513 975 1715
344 835 2430
286 618 2121
215 985 3187
161 268 3086
258 868 1378
144 428 1728
73 939 3442
408 756 3939
202 734 4510
165 915 4812
549 565 2523
124 860 536
369 932 3804
463 589 827
369 643 4048
627 661 3729
309 312 2285
344 591 2795
716 927 194
360 648 1878
282 813 135
154 929 4591
517 742 2267
347 600 2798
200 549 4537
520 560 1514
20 796 3350
638 871 2768
521 545 715
210 755 1916
791 920 1021
83 394 1709
38 803 2234
583 652 752
23 628 3939
69 133 1481
357 623 673
551 947 4722
532 943 2637
389 711 2272
176 335 1223
369 738 799
129 733 1837
9 641 2156
85 116 2845
557 856 3854
72 571 1936
183 196 2868
81 348 1420
316 531 1362
250 830 1910
516 961 1877
507 598 677
511 960 3008
142 522 1528
703 800 223
63 563 1397
312 336 3325
279 689 4080
499 600 1658
928 938 4237
224 258 1342
440 623 2258
207 470 1399
865 922 3145
569 662 2663
64 515 3617
66 166 2710
513 849 3808
693 838 445
462 841 2360
392 726 2310
391 732 3971
118 858 446
447 809 4515
234 825 1672
161 766 2298
22 188 3097
83 417 3187
309 610 2260
120 557 1009
686 761 2458
303 962 419
16 592 4262
217 719 3029
272 735 2804
589 596 276
163 815 4190
459 703 2504
327 720 657
173 647 951
602 869 2520
460 753 3600
155 168 2133
341 523 4978
521 811 3255
79 80 1054
344 443 1744
357 932 94
35 324 3796
285 853 244
85 500 2045
0 132 254
91 581 2491
76 664 1630
247 735 84
545 975 2944
126 441 4265
103 776 1896
470 877 1948
202 388 1145
49 519 1688
315 981 85
98 677 671
119 960 2569
601 687 2126
436 781 4402
320 886 2025
319 417 3313
403 586 955
147 308 1148
227 856 407
405 817 3900
652 655 4824
281 471 3206
59 177 831
651 967 541
4 78 2539
29 579 1960
751 805 2518
297 470 2246
352 404 1713
154 948 3618
294 582 601
749 794 3814
66 487 699
808 895 1466
230 715 2465
17 92 4816
199 208 3940
79 821 3639
427 581 4735
810 923 478
524 940 4847
446 485 4021
532 578 2560
453 624 3542
461 643 3935
159 831 471
478 827 4643
242 972 323
705 712 2791
236 334 2333
181 378 696
382 742 4737
181 746 3807
82 897 4762
337 396 4749
63 382 3597
239 877 1847
3 955 4627
451 738 3380
467 658 4588
65 531 746
552 559 683
81 339 2786
360 467 2852
217 382 1275
478 508 729
81 687 3235
32 548 21
134 588 4591
394 979 2651
777 986 3039
105 479 598
51 124 994
679 962 3587
36 318 2521
134 938 3202
147 655 1880
185 622 3217
593 862 3997
15 760 3167
450 633 4650
94 203 614
87 886 3917
762 991 4489
69 676 2003
876 973 2064
639 688 2178
525 999 470
243 570 4052
676 907 2299
319 853 3804
357 707 95
297 569 4709
95 678 741
540 824 131
259 330 4006
246 660 2331
616 844 2630
379 832 4556
410 442 3832
694 969 57
308 588 2939
700 823 3288
140 675 610
663 888 2626
226 339 1753
83 989 160
72 297 644
474 755 700
712 812 4485
10 293 4324
50 543 4785
270 488 476
424 583 4291
568 698 1697
320 817 2642
473 580 2492
329 490 4908
120 838 422
63 242 4502
166 431 978
608 698 1740
392 801 1462
202 382 682
463 592 870
541 553 3924
96 936 4921
51 241 1306
452 645 4128
301 921 3327
319 870 56
31 656 676
231 998 1324
274 585 3750
287 640 140
383 921 4011
458 660 32
673 776 979
444 946 3745
152 589 2081
375 738 3720
257 574 873
373 922 4623
1 866 3227
207 837 261
661 993 3610
100 916 4736
241 950 2009
285 291 1466
790 854 3919
83 379 1743
138 401 1699
277 705 2916
129 623 1935
197 941 1547
690 724 2217
232 273 3925
56 504 2818
411 944 4803
649 857 1802
242 337 1463
463 466 3341
887 950 1877
753 827 4688
188 425 3755
150 875 829
260 318 1617
645 792 404
120 592 909
378 907 1992
373 616 2446
474 849 4259
175 522 2849
33 813 2410
180 545 4094
703 974 763
150 288 1164
178 982 435
992 997 4002
345 455 1832
210 294 1808
181 423 705
193 306 4447
96 220 1414
19 613 3667
118 542 4500
380 409 600
107 697 3707
484 690 99
30 146 2633
412 934 1919
319 713 1458
4 39 3649
434 800 3665
274 639 2980
247 341 2999
485 607 4291
415 602 283
253 453 3936
583 806 1634
607 770 2540
304 833 1336
56 923 4414
37 665 2230
256 980 589
20 837 3439
636 666 2086
174 941 1472
165 866 4247
829 885 962
461 626 2086
3 21 4532
371 541 2413
423 598 4513
811 859 1181
144 716 3482
682 954 4849
33 523 616
611 912 2604
830 880 2363
547 599 1900
640 744 4030
193 523 761
328 682 3784
46 835 140
502 567 4919
142 826 377
683 694 5
221 282 3944
232 270 4263
514 810 3222
99 624 4922
171 657 2728
120 700 692
459 978 1808
155 373 2692
140 555 791
140 208 2355
108 405 3999
131 390 4567
675 850 1468
96 399 176
210 949 4495
37 306 650
126 759 1201
19 700 3315
136 424 146
519 583 2356
93 237 4738
842 973 2829
615 910 1191
36 485 3021
341 631 383
366 419 3562
442 506 511
50 400 1001
280 532 2436
279 305 1657
500 707 2064
342 958 4522
712 988 2959
203 861 4380
68 330 918
66 450 3830
166 738 4004
929 959 3533
655 913 854
383 505 2813
532 640 3145
804 922 3252
296 476 3187
390 523 437
185 967 2745
303 667 2543
572 716 2958
329 505 609
467 897 4996
114 411 216
231 355 4137
220 928 2626
33 454 1233
619 788 1048
55 738 3550
199 632 1101
427 753 706
321 666 3233
103 766 3892
167 412 3325
775 903 2365
564 593 4688
206 614 594
395 495 1363
6 844 872
278 443 1510
118 276 5
318 801 1796
546 783 4198
90 468 2735
367 775 317
293 894 3612
802 905 1241
365 748 3468
500 938 3994
266 709 4148
148 542 1024
397 666 1932
153 562 1553
437 577 2292
101 759 2605
497 506 2353
510 624 159
89 417 1988
377 555 3267
369 844 1958
330 663 2696
471 798 1987
433 663 1514
741 799 1412
184 452 336
784 978 4858
56 986 1841
421 655 4538
285 790 3543
245 526 2267
36 973 3382
20 358 3704
324 418 495
349 972 1855
40 661 4037
70 344 624
65 110 2176
281 903 1649
683 688 1500
895 992 1573
204 611 1181
241 515 2070
334 748 4893
292 748 671
439 558 671
429 759 3437
642 876 4609
128 668 4414
584 932 1094
285 635 4463
913 923 2792
125 511 505
445 637 201
438 899 3169
136 269 1639
682 973 2249
692 698 824
264 718 1846
115 224 2250
62 449 3207
435 572 533
834 913 2132
114 723 3107
131 764 3040
35 310 3784
302 676 2032
718 786 985
28 825 1107
21 808 1524
9 932 2255
119 385 186
112 147 4378
20 455 1056
17 530 4402
68 541 734
355 369 812
34 774 836
203 353 3440
88 900 2274
252 900 2597
515 700 626
508 955 1201
815 821 1678
527 900 3497
16 431 1436
131 713 4844
16 609 4561
611 907 1501
96 299 3049
470 728 4565
819 894 1853
285 908 4637
107 915 4553
451 548 2370
939 946 1420
155 191 1291
607 623 1274
744 809 4447
247 351 2491
501 925 3124
177 618 3729
190 619 546
634 643 3898
348 937 308
405 733 249
300 341 2127
110 400 4068
34 319 4496
191 640 302
331 501 1334
276 552 2832
375 965 434
677 917 3206
181 387 3141
504 903 277
403 779 3070
399 732 1486
0 569 544
273 584 4020
288 872 3184
598 967 1871
389 499 984
82 482 118
105 966 246
14 380 4364
175 176 3309
414 648 3791
47 156 2690
688 753 2628
607 646 3646
654 973 3390
241 357 1079
690 927 3874
763 958 2775
513 994 190
582 667 3251
277 585 4257
105 709 3247
333 351 954
259 764 2306
535 730 2903
528 883 1089
362 770 1428
24 555 474
393 945 524
287 471 1986
41 467 587
295 490 2761
12 208 1375
176 705 1103
119 140 3320
261 393 3031
390 740 2524
8 592 717
734 818 1197
513 990 2212
165 203 3348
230 889 97
301 644 943
392 958 4246
86 504 4286
443 591 512
426 917 2531
479 759 1073
397 616 1585
33 630 4886
10 683 4856
677 913 3633
36 799 3225
557 562 4569
644 816 3586
671 729 4101
768 797 3050
583 839 766
242 867 3546
752 880 437
29 908 3664
0 744 1535
57 972 1890
532 975 781
559 735 935
502 883 2049
677 792 3616
528 916 66
320 799 3590
776 834 3182
484 518 3894
123 533 3774
47 652 3471
656 911 2014
101 790 1008
114 495 2144
813 991 1224
422 885 3960
7 69 773
242 824 2489
52 748 587
482 542 2317
486 732 3545
390 445 2816
636 652 1272
729 914 4766
708 982 1277
191 224 731
70 844 765
98 985 108
823 904 1456
446 785 3186
115 741 2637
12 257 1834
289 912 1646
556 597 345
106 167 3556
252 342 3399
243 951 2335
160 235 1034
643 747 4119
433 868 3150
519 863 1446
10 33 168
3 474 1758
843 889 4798
46 892 878
307 977 3568
474 783 2381
91 242 1762
195 347 137
865 940 1863
69 510 15
15 87 94
62 934 3085
337 565 4721
62 624 4006
24 496 4414
525 554 4619
186 246 3318
360 394 2915
404 855 3153
588 952 2033
250 345 692
456 607 4020
467 965 13
119 123 2841
791 917 3902
148 932 3825
78 354 4424
112 977 3473
73 809 1507
539 620 2557
292 465 656
288 656 4810
566 854 1115
176 992 3939
836 840 3014
182 746 4089
878 959 3875
16 933 402
39 908 57
356 381 4267
589 766 2002
431 586 4143
159 732 4701
389 882 61
346 811 159
264 863 3665
77 907 3108
332 857 2371
584 928 1530
190 922 4278
318 941 4003
557 700 3019
482 788 2418
90 978 2743
683 774 4705
654 900 4953
318 470 321
726 734 1187
203 999 4466
918 994 4059
174 289 876
289 783 460
233 930 587
194 939 3727
956 997 239
448 575 3661
343 645 3094
17 702 704
958 970 3130
484 924 3797
596 947 4957
775 948 421
454 535 1812
91 784 1711
162 466 861
520 592 1970
502 506 1384
434 447 2446
841 985 1726
7 757 2303
142 561 2122
268 813 4150
109 281 1311
139 457 220
160 734 3377
447 681 1593
567 880 3821
451 844 2520
765 925 4154
428 667 3918
45 582 2514
293 342 266
26 393 3198
549 901 4714
257 692 516
66 274 113
347 969 248
236 707 314
18 470 4556
523 770 4920
308 405 190
280 650 3491
297 375 2810
122 612 490
88 813 356
504 633 4297
382 699 637
90 552 3436
2 974 4390
588 918 157
537 940 173
158 501 2420
35 428 1130
397 723 1778
145 440 4124
346 496 490
103 644 1741
90 106 2327
74 792 4923
441 609 861
148 260 3249
223 736 680
227 895 2655
277 739 1545
32 995 1958
144 390 3457
108 113 3272
453 516 4529
944 947 2182
461 689 3979
46 411 1091
462 908 3060
711 905 1748
305 566 2137
314 654 4740
281 475 798
30 384 679
462 482 3490
181 976 1740
606 758 4653
288 774 4738
521 618 4721
186 303 3478
331 547 3310
879 923 4418
713 894 4485
287 650 2153
661 895 3874
67 649 157
70 587 4322
49 649 406
714 803 282
308 463 3448
36 363 109
0 600 1168
412 910 3324
450 670 673
219 340 3325
253 673 379
491 512 688
461 743 3598
13 693 2402
134 203 3041
394 587 55
212 702 2078
235 770 4148
162 400 3758
132 582 3969
129 454 4906
182 600 3425
38 998 1787
430 517 3022
218 615 4551
660 987 2431
27 856 4151
332 790 1324
472 575 3572
434 733 2098
120 280 3161
334 785 3602
475 703 667
325 926 966
56 333 1198
636 864 429
215 665 4995
50 991 3132
17 948 2829
116 925 2110
339 694 1621
323 464 2864
347 395 1061
302 951 709
604 726 2269
370 705 19
737 781 3965
728 940 366
316 741 3105
224 488 848
300 494 1932
38 805 3887
317 848 1828
523 835 2819
261 562 4154
435 514 3300
428 994 4093
138 170 3185
495 517 572
182 273 2368
710 808 798
118 671 4557
71 405 278
199 583 2186
431 512 4796
157 439 159
305 920 4071
93 682 1
306 797 2151
883 933 1998
181 298 2354
96 627 3452
254 810 811
239 593 4250
64 909 668
578 846 2995
781 875 2351
859 881 530
376 544 1935
494 500 381
764 769 3835
382 894 4226
5 631 760
968 982 3882
802 929 3266
267 973 1859
92 901 4699
274 312 2230
569 633 477
677 785 2175
228 939 1653
303 736 2607
297 625 2965
493 693 4386
234 820 4968
421 974 4960
513 822 3677
655 714 3978
401 455 1168
723 756 1014
284 808 3456
916 931 4613
143 588 1691
724 932 4301
761 808 3905
88 851 4922
36 581 1974
274 774 1984
417 790 894
35 88 3155
34 949 4896
674 985 1375
867 876 3231
381 750 2014
38 582 1637
365 961 110
504 684 764
59 781 2128
154 683 3440
89 189 4470
715 799 904
277 851 4644
287 706 2751
65 204 4421
532 727 1087
196 312 4136
188 714 2435
224 423 3129
536 888 4874
182 769 1239
374 401 4178
819 866 3240
859 998 4709
514 720 1993
201 937 6
416 948 3495
46 625 2004
214 371 2279
53 964 2074
416 546 1077
162 575 4884
49 694 4762
212 898 621
493 669 3990
79 129 457
116 262 69
253 928 4731
488 801 4983
523 573 3663
343 438 4157
695 986 4683
172 921 2835
147 460 1192
437 622 2573
485 874 2766
24 248 202
251 612 4431
428 607 2242
153 653 790
166 535 1462
47 732 4447
385 652 4971
681 949 1323
294 893 3901
675 879 2200
343 495 1872
105 130 736
100 808 2160
223 265 1761
173 819 4073
287 555 71
234 917 4963
204 599 843
732 789 3390
439 650 4798
483 678 4942
237 854 1631
920 966 2648
479 676 2499
35 120 4582
728 967 2181
401 451 1625
269 951 2104
251 979 2453
857 947 4039
437 527 486
189 398 467
937 975 2606
571 971 3382
123 196 2349
171 358 4138
126 863 1131
531 607 3968
89 268 1803
136 583 367
175 335 4687
286 475 2143
108 322 3965
474 655 102
234 591 3450
812 984 1414
116 843 1985
431 605 1590
90 637 4480
140 206 2314
174 842 2895
244 613 111
104 705 632
79 852 1318
519 751 12
235 704 3759
43 327 4521
480 877 1009
147 165 2314
544 651 3471
196 794 2450
72 704 3176
202 348 1412
430 796 1047
294 348 2051
454 986 4779
396 963 1173
476 688 1050
284 923 3427
229 543 324
681 757 2306
141 640 2284
370 668 319
605 812 876
836 883 2926
143 314 4701
659 876 3987
14 706 2835
768 871 4857
648 864 1915
51 789 121
182 716 3397
435 581 3563
735 779 1135
250 794 1551
586 633 70
412 413 1770
439 536 3816
575 590 4341
492 613 4825
26 770 1994
125 913 3808
164 271 3089
90 863 191
706 817 185
89 398 1477
494 531 455
103 792 3490
524 636 4679
874 916 903
46 732 2939
206 940 954
43 773 1707
758 982 2351
412 827 3146
33 960 2514
52 315 3383
679 885 4470
4 635 248
61 402 3706
541 585 4680
594 620 4164
86 726 4559
53 756 72
166 784 1891
576 976 3170
32 643 2573
483 619 3304
416 444 3262
450 621 4652
209 603 746
309 901 2669
252 967 2496
16 641 4249
75 966 1194
488 837 3731
165 641 3908
91 143 4874
428 561 1899
35 122 2918
455 611 1875
386 394 841
647 905 3064
514 580 1863
594 776 2465
278 763 1653
160 769 2059
402 855 4589
304 870 4206
173 587 2095
184 401 2610
618 848 3276
79 186 3999
236 622 4993
716 856 329
756 899 4693
282 874 1751
453 481 3749
177 615 1869
501 529 107
83 721 1843
287 970 4485
213 929 2877
664 692 1726
15 606 825
212 664 2056
715 908 382
627 893 2676
19 262 4498
295 681 236
400 805 1569
261 862 2326
284 466 132
759 943 635
640 997 79
267 773 3823
278 328 643
284 339 2280
531 612 3999
308 361 27
405 896 1947
230 437 4402
462 484 1708
399 771 4563
5 806 2584
689 886 3067
835 965 4654
636 890 2768
92 160 4135
982 999 1152
765 770 594
620 925 618
547 601 1861
320 348 2278
99 242 3751
727 939 423
756 785 1686
191 935 4068
705 962 470
58 538 4771
585 590 702
11 537 1990
495 710 3370
114 910 3008
218 377 419
421 790 2651
113 297 493
352 476 2656
919 934 4923
369 509 1025
616 714 3293
250 885 1343
93 703 3919
12 525 2028
68 823 1233
311 689 2895
5 844 4318
198 742 3875
125 795 753
677 847 3990
758 985 3290
31 280 581
338 797 3255
458 681 1724
307 590 4008
765 985 1336
271 558 3219
135 347 107
478 708 3545
14 819 4268
768 851 1805
377 629 4720
82 602 390
330 619 1296
176 589 955
408 680 4931
188 222 4326
647 712 3103
767 840 340
156 439 1428
64 625 2012
155 330 21
20 165 2297
2 735 4825
512 514 1740
194 333 246
90 733 1491
228 808 1200
185 226 1946
110 624 4741
541 666 3544
101 487 4203
535 840 2144
136 517 3813
480 845 4151
303 543 3775
204 501 3110
108 825 1030
270 807 900
507 639 385
4 304 921
59 896 3514
463 783 2262
273 973 565
328 789 710
118 629 2474
37 959 4883
30 69 4980
730 787 3770
30 433 4961
699 948 4864
152 263 2605
41 860 1473
238 636 4969
389 784 3296
701 849 3784
842 907 3309
333 542 4996
705 890 520
620 985 1690
761 905 2243
35 962 4272
110 583 385
173 988 3145
727 791 1129
97 502 1898
55 118 4632
223 991 2024
242 417 2970
709 994 4179
699 902 652
648 798 2704
651 868 4013
263 437 4009
532 987 1046
87 289 3656
252 687 658
445 646 4644
219 848 2156
7 993 2685
558 644 2372
174 185 2940
139 883 4617
400 481 768
476 775 4311
465 472 4376
200 665 4616
443 664 1175
104 315 3686
24 620 3870
29 812 3261
433 800 390
545 885 3860
48 596 4935
464 616 3958
832 863 4547
38 872 147
162 555 2390
485 652 4883
273 625 2481
693 985 1300
235 395 282
780 992 1867
103 145 563
872 962 2661
535 953 2023
115 328 1108
167 601 552
636 760 135
156 515 2418
24 840 2592
927 956 3731
510 977 1666
336 694 2185
312 714 2560
541 781 4182
21 178 113
196 825 4951
778 919 2624
75 944 3355
475 530 2057
273 953 3939
219 342 1241
551 772 3138
105 780 2201
241 816 3065
261 647 3302
453 938 1822
577 995 2870
503 583 316
39 391 1151
205 882 729
103 818 3109
505 816 4055
553 717 3426
22 479 672
803 915 3822
490 735 2538
109 214 3927
821 867 4789
265 461 2472
310 760 3703
310 884 102
445 618 1989
34 766 2061
625 725 2916
148 993 4385
300 613 4507
212 861 1927
228 664 466
440 529 1550
766 983 3855
311 605 3403
72 134 4311
37 321 66
299 747 2127
535 649 2352
301 571 3615
189 371 515
425 998 3542
124 817 3221
873 914 471
46 557 83
397 473 3844
263 860 4225
361 478 2853
154 784 1703
142 555 4143
359 789 4188
18 535 652
871 954 1630
848 988 4638
100 795 619
508 860 305
717 741 2027
319 330 187
174 881 4835
117 795 837
61 670 3636
291 553 1327
207 692 2747
31 240 429
320 708 3570
401 910 4512
429 802 379
118 248 3186
251 348 2076
5 427 4083
294 652 4189
438 446 3571
690 748 612
489 601 84
287 589 2831
872 994 718
350 679 2530
262 269 3557
172 630 1345
51 638 603
414 872 837
67 757 2185
136 328 1455
15 152 541
761 986 3891
91 779 1971
531 966 4926
392 756 252
219 705 367
382 557 2702
430 818 1722
300 332 2560
360 387 4698
43 131 2358
99 105 2407
206 745 956
313 697 4820
721 853 4254
182 241 124
481 660 1938
93 536 1074
52 140 59
229 816 3052
187 863 3759
833 852 4739
847 912 12
86 382 4845
242 620 4131
959 974 1629
899 948 3975
572 642 2043
177 217 2285
180 513 4788
106 202 1837
719 955 2419
223 665 3918
46 736 488
344 618 194
662 785 2543
163 619 4300
430 814 4596
148 816 863
9 442 1674
331 468 3843
532 615 1315
20 642 4224
265 616 2809
524 559 800
225 922 1849
56 934 3958
395 632 3360
515 831 3755
78 256 4801
197 223 4526
96 673 3664
199 332 887
175 991 1404
619 700 4083
428 754 3055
14 250 4392
738 744 2989
160 626 1343
358 919 4690
161 301 3475
774 910 3023
152 396 2920
1 64 2178
319 707 3246
224 508 912
374 609 2030
124 897 1643
508 607 2169
916 992 3315
727 788 4716
520 955 1850
284 366 939
149 923 4909
356 713 2381
46 851 4551
66 81 2384
560 991 2435
98 460 4332
238 657 1796
593 628 2475
53 189 1092
680 960 4160
159 482 2400
290 367 1891
87 183 4781
104 734 1214
119 949 1213
766 929 935
284 851 416
418 450 369
479 570 3532
669 906 632
166 624 3303
288 985 2420
446 872 2334
382 747 763
64 851 35
229 504 3314
460 942 209
538 640 3663
487 714 3785
445 778 4051
551 636 1130
247 858 1579
266 921 900
272 316 3772
445 537 4256
895 896 3522
42 125 4086
647 910 2563
453 910 1025
282 559 611
390 440 814
236 457 658
540 831 1261
783 942 1676
98 349 2898
723 776 2802
51 802 3055
46 342 3082
299 654 3945
520 636 287
708 830 80
330 913 46
76 347 1816
959 979 274
124 718 3599
25 935 824
157 534 2368
399 672 793
689 895 645
361 962 4812
667 901 2406
449 951 463
213 711 2293
229 995 2173
79 396 2824
175 934 2856
187 877 4559
718 906 263
62 996 1399
214 756 4417
37 542 4678
297 798 1126
30 453 4988
167 294 1894
121 311 3163
307 497 2450
636 841 23
412 995 440
450 996 2600
439 997 2001
812 930 3215
470 890 4724
311 514 348
264 919 2429
119 648 3861
163 884 795
551 872 1986
132 191 2712
743 748 4241
322 436 4074
104 642 4454
554 654 1523
138 779 2783
816 983 1547
495 629 1621
4 594 1992
112 652 4951
617 649 4920
34 799 1026
59 548 4360
166 225 4251
339 545 4614
296 779 4637
695 832 4184
595 682 1076
505 850 565
196 801 1694
354 566 4949
514 954 96
769 781 3448
220 680 2697
374 409 416
155 325 2112
396 577 4912
153 601 4386
686 757 2562
631 886 3454
94 381 1096
269 615 88
106 177 2487
697 884 1012
570 853 4081
573 671 3276
677 711 4512
230 866 4179
266 302 4428
104 694 966
509 582 1641
64 457 1071
690 913 4672
905 988 4775
872 954 3807
223 490 1501
206 609 4620
85 640 3156
97 104 580
40 125 3079
8 861 3404
517 826 3101
680 772 920
12 866 3421
584 727 2095
451 845 4548
84 623 1145
733 783 1182
109 851 310
174 957 4208
558 678 2162
505 831 1413
712 895 3538
186 561 3047
294 486 1496
124 480 2944
142 537 2466
307 361 2512
141 243 3036
545 726 2919
142 420 4593
76 529 1025
6 816 1961
100 810 3551
317 358 3688
128 716 4169
693 809 4602
30 999 3791
940 985 1296
666 901 2351
346 412 1189
35 766 4142
675 722 1548
85 544 2745
306 794 4071
366 617 4237
411 818 4364
321 849 4677
216 458 4482
166 279 923
334 902 3387
358 654 3253
83 476 479
525 697 2911
408 534 3631
563 598 3389
234 835 221
236 592 1213
176 193 1323
259 611 389
218 224 2687
697 825 1270
749 947 280
706 783 1715
278 365 1164
558 590 907
241 258 3519
507 885 2846
175 644 3790
462 858 709
36 957 200
267 270 891
918 932 3710
111 274 364
84 761 4698
246 578 4977
169 489 3356
421 925 1789
88 386 3261
654 797 3993
406 596 33
435 993 3535
146 878 1514
263 449 4103
157 864 1334
39 761 4286
187 674 1586
40 851 2102
342 365 816
159 380 1777
164 277 384
394 966 1664
250 883 2432
64 386 4139
227 607 1191
2 158 1296
97 174 3541
144 449 1233
83 112 2096
468 487 2111
198 973 1304
554 690 3942
300 358 281
830 908 4279
764 838 3311
638 683 2713
231 924 2797
34 282 3504
239 439 3531
416 631 2522
611 713 364
43 159 4252
162 847 3463
16 109 836
4 454 3898
37 216 146
502 827 1513
112 432 3413
711 856 206
429 558 4784
327 639 1972
291 946 3809
491 492 3961
94 550 3465
60 244 2692
483 649 567
460 619 3224
725 939 2471
2 689 1669
224 734 3609
120 785 3892
345 992 362
227 542 2325
191 411 3098
182 640 3970
813 964 2207
222 601 4412
666 802 4449
613 654 4288
327 682 2737
186 304 2471
357 496 2747
798 800 872
471 903 1678
70 615 2123
306 367 3970
437 806 3620
464 592 3251
123 180 4409
134 383 3422
214 487 1900
505 519 2653
467 988 3028
282 571 3400
755 771 3956
348 833 3953
445 958 4421
462 740 2108
38 757 2049
60 595 635
317 618 4111
594 634 1880
0 546 4943
135 648 4002
349 472 1967
323 769 1533
98 217 2743
472 703 1709
410 704 4316
288 506 1523
55 659 2555
858 990 2619
187 682 4091
533 786 2882
460 711 2719
393 784 3190
177 493 680
881 976 2460
514 941 3400
61 508 258
953 963 2890
674 817 2164
450 451 987
103 906 3351
682 748 3330
690 770 1498
407 936 998
83 610 661
330 566 3540
88 837 984
126 178 4378
379 568 2032
403 750 114
862 908 302
612 943 3859
198 213 2358
581 891 2482
231 580 319
203 406 4393
611 927 1269
452 823 2265
27 631 1763
363 582 4602
175 355 1282
669 930 2250
377 813 2718
474 610 677
112 809 1680
791 934 2622
113 902 846
457 841 147
235 552 2181
353 470 2294
269 670 3532
369 819 1863
568 786 2195
138 429 1639
491 837 2118
752 929 4114
626 898 3164
133 459 4918
85 734 2091
510 655 2965
319 361 1848
428 793 4134
142 959 1808
498 789 1829
215 244 3966
841 902 3637
729 781 1206
634 689 3684
339 489 813
12 745 3550
54 897 1375
454 987 3043
167 404 3371
77 406 3702
669 909 895
146 991 469
242 866 906
159 529 840
275 326 237
255 292 1615
163 593 1823
373 716 4259
120 710 669
410 655 4831
180 857 3581
167 828 3446
38 221 4240
41 445 3700
438 913 409
321 637 4330
14 838 4341
167 627 4607
152 199 1620
301 360 3670
137 914 2991
393 628 4797
2 880 114
228 300 4893
491 682 3602
335 827 4514
30 534 2188
19 413 801
261 524 1507
359 710 2915
157 635 275
646 926 779
836 868 236
198 602 4591
306 648 702
276 847 1751
267 390 3002
576 723 1374
286 623 4317
433 885 348
185 368 443
511 607 3918
766 976 786
726 753 333
483 879 1072
56 757 3575
112 732 4082
407 583 1394
296 935 3080
237 423 341
683 770 2033
857 862 84
127 715 199
737 818 1616
542 955 3006
114 459 4822
165 868 2671
414 875 3400
190 402 431
305 816 1877
479 997 1083
771 948 880
501 906 3042
46 226 3226
395 593 4544
721 849 3086
287 304 4360
903 981 3861
612 615 1610
158 298 767
624 932 4971
434 703 237
205 869 3295
315 502 1394
140 632 4142
272 898 1767
618 897 2226
66 924 4483
747 827 706
567 686 4556
261 982 2238
266 766 1367
863 867 714
431 677 3284
452 521 1457
672 896 2765
190 279 1669
666 710 3301
711 870 4467
330 627 3404
27 774 2307
627 818 4051
463 519 3692
211 789 3622
111 698 667
226 574 1702
1 725 1937
155 869 3509
424 452 1558
744 906 2344
259 834 2102
160 756 3845
41 212 1477
670 674 3912
176 331 3356
4 576 4812
794 975 4696
380 786 4482
253 543 3684
129 409 511
269 716 2144
328 522 101
450 954 4184
38 118 623
272 318 3057
263 598 2250
172 468 4055
117 887 3710
132 592 4154
232 501 1986
724 934 4156
546 772 4021
477 499 4930
314 486 2860
219 457 3193
618 715 11
239 713 3872
212 563 4750
400 891 4871
355 980 521
239 268 4036
476 905 585
132 560 3298
169 730 1986
783 789 4697
191 901 615
246 816 2172
740 990 2988
84 251 4689
35 832 4752
178 810 4144
533 812 913
696 853 2833
517 882 184
591 933 809
207 513 1452
384 918 3909
338 507 1450
171 213 4533
40 200 3618
911 921 2417
155 474 3338
522 732 2218
104 737 4752
24 983 1774
66 397 3941
633 719 3659
225 418 705
353 449 3221
839 954 2190
615 627 2201
653 836 4379
80 475 2549
309 613 3963
520 571 1140
53 231 4531
612 794 3971
41 627 1443
304 589 1567
369 696 992
510 799 2474
579 859 526
75 213 280
185 192 143
448 564 4960
461 849 4984
139 642 3861
187 918 3850
807 835 3112
618 831 874
535 978 4119
658 685 2422
521 850 812
131 171 2045
376 758 4593
127 361 3767
518 609 4295
416 957 2908
283 738 2319
18 673 1413
510 989 355
497 601 3876
5 784 4982
314 793 444
60 395 4483
242 677 2740
651 864 924
330 812 2010
436 741 1557
355 863 2523
573 589 3093
327 889 1911
102 808 2507
450 495 3769
75 116 1743
389 625 1761
34 154 1952
311 390 648
228 638 4987
580 996 4578
45 243 237
277 891 3837
152 460 4554
348 869 476
156 592 927
223 973 4925
61 476 688
259 629 26
473 909 1436
507 728 3355
781 806 4583
26 729 3886
124 302 4458
162 474 3390
800 967 1241
67 408 1360
133 821 1430
261 755 3916
267 606 2582
849 912 292
2 790 595
468 910 669
897 941 4128
664 894 2975
1 594 3951
49 143 1322
320 363 1353
484 781 4802
745 942 4866
311 785 894
341 350 3895
416 774 270
179 533 836
10 783 2382
299 622 2363
120 581 1758
302 873 365
552 924 312
755 841 4833
146 498 993
392 528 3365
838 840 1164
364 917 4017
745 896 1718
91 576 747
22 359 4614
629 805 1581
574 795 3130
693 712 65
803 946 3580
82 280 1402
90 372 3397
442 951 3867
23 783 4586
89 403 1463
336 610 4477
630 644 1534
267 697 2376
508 554 4305
339 847 4667
406 570 3592
478 931 2223
576 715 293
280 733 3842
202 275 1524
494 735 3484
39 175 2359
600 647 3536
585 973 3636
54 175 3892
242 421 555
566 595 3194
243 485 3052
21 927 2727
39 912 1298
69 352 1333
375 455 4436
34 633 2249
169 567 82
567 998 295
367 512 1062
557 884 570
642 947 623
146 167 3234
178 729 3391
6 614 2953
220 502 358
334 493 1676
116 351 1299
62 741 1015
302 930 630
522 800 1869
95 969 1060
662 947 97
86 816 3610
431 628 2060
710 779 3194
537 670 1971
7 895 907
350 918 3293
10 20 1083
519 535 4986
799 919 1824
262 656 4837
569 835 2809
31 349 3101
154 779 2453
385 731 1976
715 790 82
418 611 947
99 868 667
436 761 711
309 955 4346
352 584 4186
305 892 4312
542 834 2553
703 835 491
70 816 2548
336 789 2107
267 519 4427
46 629 2257
186 890 1000
910 937 1698
121 833 4248
175 958 1517
474 799 3318
768 940 1075
304 310 1841
65 456 4575
51 955 1689
379 866 3449
247 874 4461
458 519 3309
267 950 1770
238 733 2374
645 861 13
320 375 911
278 603 3606
177 308 1514
73 471 3995
763 944 4927
342 482 1717
47 312 308
962 996 3995
21 775 97
39 104 3411
194 450 4668
48 348 4377
113 522 834
364 366 3956
573 615 3312
449 632 1865
776 858 2096
288 522 4647
288 434 2278
12 981 2203
76 580 1276
339 746 4721
332 796 258
146 373 578
628 773 2793
247 281 2678
233 339 870
144 846 1611
518 879 2506
71 763 1776
93 247 2289
695 838 3503
382 940 4612
545 786 2944
44 510 3749
326 902 3092
409 974 4850
504 706 1327
10 218 4733
202 435 2829
665 713 1952
52 473 1657
210 954 4888
276 366 1596
614 875 2482
2 510 36
140 180 910
399 900 3067
178 996 2396
464 472 4743
416 685 1084
249 788 2232
789 897 1834
79 234 3047
357 648 233
962 964 1886
84 637 4528
832 978 434
479 871 4561
387 876 703
687 804 1399
864 905 223
35 922 2048
85 177 3092
818 918 327
673 824 2393
323 954 3216
291 507 993
317 509 1458
171 303 3178
146 205 2058
211 525 2437
656 887 371
602 723 2237
220 391 196
309 943 479
549 777 4902
261 968 4437
601 894 4609
409 967 2022
505 584 1545
423 864 3765
396 489 1066
18 965 717
437 677 2341
460 931 3012
281 460 2807
765 984 3903
512 750 1293
70 247 1277
43 601 4327
649 741 4507
887 921 4815
241 547 1394
383 439 3085
778 834 1348
35 577 3531
599 809 1378
218 444 172
165 429 1033
580 902 1818
14 34 1085
695 996 2740
502 833 343
88 951 171
777 908 3779
60 332 4835
429 926 3576
453 969 1508
441 571 1437
293 844 2580
231 835 1853
935 957 4843
309 489 3254
567 973 4188
623 924 803
410 490 4352
357 489 4592
270 998 519
267 509 385
475 929 2272
247 573 1270
506 759 4594
21 42 3050
101 947 3892
309 576 1885
285 653 1282
134 292 1155
566 660 3013
219 696 1692
237 337 3930
450 639 4882
421 585 116
328 700 1259
330 979 1596
92 507 995
22 825 3044
118 229 2597
41 763 4026
471 713 11
230 785 3384
210 754 1379
43 608 4597
193 824 4077
834 876 4494
369 742 1664
537 713 1674
12 748 1873
461 940 2561
178 631 3986
627 929 2700
897 929 4859
71 99 1018
113 889 4138
339 561 1386
770 933 3046
131 362 3245
494 979 1138
527 965 3178
284 971 140
281 312 4543
157 997 4245
554 872 3372
475 897 3939
276 475 576
168 193 1
31 184 1947
183 414 685
250 271 4577
133 487 859
25 853 1458
321 521 923
51 696 4610
764 903 2759
483 775 4042
728 959 410
805 998 3268
416 789 2271
312 314 4769
84 794 2999
203 445 3045
665 974 2385
148 755 2478
263 789 4059
103 255 2399
132 692 4916
48 965 605
113 114 3911
362 534 4788
810 812 669
406 534 2199
69 163 2760
68 257 2175
285 439 4231
341 513 1480
455 649 1113
176 391 1334
199 333 2567
552 948 2741
213 297 4756
58 187 248
513 980 223
132 446 4872
150 835 3049
207 895 222
138 930 3824
314 665 2490
302 796 1272
222 250 2709
393 435 4887
104 767 3599
199 585 3963
755 857 3262
243 669 3023
650 660 3167
156 169 1949
514 993 4928
30 865 4308
125 189 1901
39 523 2787
297 302 3089
684 795 1582
430 734 4820
638 686 1107
331 701 3170
188 295 3484
355 632 4126
287 318 2412
226 367 3369
124 604 1056
90 349 343
516 583 169
59 823 1105
91 835 3536
725 945 3368
179 402 3870
333 445 4684
951 980 4798
52 647 366
556 687 4651
375 734 892
34 451 1267
215 718 4924
3 697 3956
15 709 1462
865 984 3674
362 604 299
58 803 4358
49 452 4421
462 845 936
690 945 3683
351 518 2300
368 432 1874
94 166 4736
213 904 3945
398 413 2986
16 746 221
213 702 3026
487 576 1376
251 555 2791
120 145 3457
196 638 2329
302 632 4072
483 725 3530
7 533 4449
98 99 4451
547 625 758
688 972 3351
25 836 1426
70 879 2060
225 571 4652
387 497 2249
5 470 729
43 665 2368
696 904 4065
477 623 3
220 751 4286
153 594 800
751 936 2999
101 453 3643
597 714 1079
242 847 3619
403 548 227
431 871 3715
431 719 1120
272 555 16
747 933 2084
348 886 2270
353 555 4165
116 642 2219
430 964 1378
245 513 3230
414 887 2849
464 665 3519
131 494 875
207 771 3777
85 529 511
97 984 767
163 991 4254
125 267 1896
432 914 3455
365 458 2143
43 879 4514
252 788 3696
588 719 3863
328 454 3153
121 390 3063
628 964 4768
235 769 2739
117 199 453
25 219 3378
8 379 3897
293 533 2496
18 894 770
34 290 4788
17 792 2215
333 503 2917
640 750 2023
133 693 337
68 177 4256
130 224 3143
1 313 3978
47 355 687
832 982 4511
222 314 4749
53 414 4363
467 737 1204
245 496 440
327 717 4666
486 784 1259
388 419 9
21 82 4280
0 904 177
770 788 2357
20 876 1863
243 792 124
571 966 1384
340 450 2856
297 950 1768
856 978 3316
563 668 2250
533 660 4253
3 797 4833
511 717 877
50 767 2008
317 765 4727
442 773 2872
630 666 1426
173 883 4203
171 549 484
20 118 4696
308 340 1408
632 957 3333
31 177 2035
379 712 4672
74 289 481
64 747 1247
1 450 3593
98 425 3950
307 834 2719
293 479 1803
279 629 285
929 948 1941
288 573 1659
20 735 3699
590 912 3978
552 962 2337
67 673 3074
130 618 4742
388 634 4534
79 511 2663
461 912 929
162 706 4888
247 391 4155
470 937 3965
408 576 3484
292 436 3336
183 878 4602
547 981 3496
11 319 3005
110 695 4905
611 949 4671
105 591 4036
282 376 3788
354 827 4755
862 984 3866
181 801 3139
17 957 1770
97 504 3871
602 961 2728
767 781 1158
110 602 4998
168 789 402
749 949 1773
66 951 3640
252 601 111
119 853 4086
332 650 4509
468 661 2078
159 627 4622
77 755 2221
539 780 3193
523 613 854
360 657 4355
267 755 441
894 954 1151
20 701 3896
33 186 3677
340 970 2911
186 888 3663
123 661 2412
51 388 594
442 905 1859
345 589 2318
195 568 4873
482 959 802
135 241 1223
148 541 1378
126 183 3075
479 851 49
405 569 46
51 219 2053
104 130 2403
627 922 3240
568 903 1146
125 876 2532
7 636 3542
273 461 1612
135 535 4404
102 306 3453
211 351 4840
339 985 2000
241 777 4442
394 431 4974
862 913 2219
427 952 4568
168 926 3670
21 929 1689
687 748 3119
264 816 2515
121 300 2188
595 882 3641
439 886 81
14 386 112
87 385 3694
372 764 2069
493 701 778
57 904 163
486 758 1389
170 582 1117
88 242 916
54 881 1302
330 677 4469
201 308 2865
357 529 3285
114 230 2359
349 913 3581
306 396 1329
449 578 2404
722 987 438
166 379 1915
411 981 2387
146 369 4438
551 963 128
226 685 2873
37 718 485
504 986 924
183 368 3406
626 765 4817
438 767 1374
488 876 3242
390 993 4663
84 820 996
105 949 1592
207 353 422
49 339 292
377 899 3317
201 634 2635
192 381 2711
355 541 2000
197 451 3526
56 788 2504
191 494 1855
91 97 3533
169 197 764
229 874 2611
149 705 3848
71 500 4977
347 661 4911
323 974 4284
611 828 720
193 347 2835
72 936 3386
270 574 3560
147 465 3796
106 999 501
332 483 4541
456 478 3925
381 934 1839
81 664 1785
352 456 2346
689 700 821
451 650 3055
239 878 1105
103 327 1694
418 924 1320
502 877 2504
39 509 4979
235 748 113
81 714 110
517 989 657
309 483 3398
190 899 411
456 636 295
28 835 4564
202 822 2016
78 82 4173
438 811 4363
403 943 597
908 932 2910
284 342 1775
689 778 214
222 535 372
115 303 4525
233 235 3784
753 893 1730
464 504 1322
116 527 1015
182 980 2814
216 843 4878
231 474 2268
333 419 4129
173 254 193
105 190 1417
331 333 2872
268 973 314
82 264 4906
96 210 1565
127 919 1929
330 885 4448
892 918 3348
619 647 3542
569 623 952
152 665 156
22 833 2079
549 913 4028
59 800 1717
595 615 2458
439 668 801
226 283 2858
397 414 1874
211 322 4227
156 916 895
905 940 1798
215 330 435
506 659 2113
807 936 62
59 673 3089
72 391 2950
150 941 4542
505 641 2907
502 660 3082
541 894 4362
555 742 1164
762 831 275
273 379 4442
431 676 3713
500 566 241
211 631 969
453 774 3599
32 450 2398
171 585 93
561 748 1622
326 446 3699
256 765 3970
95 212 3328
28 347 362
511 578 3120
512 834 2864
567 715 3849
574 894 3369
538 594 14
292 469 3311
18 736 1407
666 902 11
16 605 1894
420 922 3969
81 583 4563
386 967 1422
371 806 4967
80 218 1089
641 722 798
372 797 3266
144 908 3341
147 750 1481
360 422 1852
218 743 4446
539 990 2071
469 570 1682
605 775 1354
293 980 1600
693 779 3866
2 362 1444
195 752 4882
131 679 1313
112 589 1930
2 512 3278
429 908 3007
92 418 4423
20 221 150
59 354 3108
314 727 589
610 721 944
377 800 3247
556 888 4294
274 670 764
650 907 4254
61 806 4600
533 558 4666
205 678 917
528 555 2383
347 660 4376
227 528 793
288 555 2030
772 791 4124
808 834 986
572 873 1511
88 413 581
220 437 4043
77 627 181
273 985 385
47 56 478
402 578 4101
374 855 1056
499 603 4637
655 753 2547
557 915 2785
280 801 2658
56 961 2730
1 125 2531
415 564 1539
32 476 4223
173 976 2054
48 232 3371
443 752 3792
578 794 561
106 800 2593
258 761 3023
472 669 3007
702 712 1505
105 945 3406
176 585 4676
439 754 1531
104 747 51
495 521 3051
593 810 896
275 511 3837
130 335 2658
684 885 1494
456 650 3694
386 494 2486
504 987 4625
505 678 4559
608 965 192
94 181 3770
34 745 3825
830 997 1483
344 756 4167
514 826 1677
130 490 3014
273 332 4408
196 984 2878
799 815 1513
162 447 1352
110 951 4943
423 926 2450
80 226 4296
884 930 2181
697 730 2339
728 849 2419
522 842 3341
491 584 4304
563 985 344
2 42 315
477 875 4722
318 423 1332
316 947 2697
226 363 4318
493 656 2984
165 204 454
90 729 3970
407 570 3207
233 480 1341
84 498 1981
720 723 3031
343 601 3950
292 302 3446
797 802 1853
399 920 2827
29 179 1409
326 936 2390
133 521 2130
949 981 2843
746 955 351
312 604 1841
578 706 2320
638 908 239
152 392 3082
112 605 488
151 201 989
170 415 2233
109 586 1436
116 959 802
705 839 649
384 804 3972
147 788 3435
15 963 3263
72 890 215
371 690 1968
121 773 1729
654 929 2711
178 851 179
401 540 4792
156 774 3544
101 664 2060
423 569 3268
408 568 995
38 717 3882
556 641 4467
23 384 2133
487 718 4473
570 700 4749
161 538 3174
219 902 4209
276 406 809
323 856 1440
227 407 3075
638 963 1965
549 838 3348
48 592 83
865 874 95
301 814 3078
441 508 795
730 884 883
674 714 194
147 635 3581
565 925 3983
595 624 3554
404 552 2630
6 959 4469
88 104 4772
381 508 1253
890 982 3490
217 378 3265
435 927 4153
474 827 3567
755 929 4021
5 846 582
342 615 836
440 995 3167
694 850 1405
33 716 1556
225 238 2750
170 819 714
58 686 1152
893 993 1226
252 534 3053
133 393 3040
361 952 216
141 457 4166
160 487 2811
478 694 2462
302 909 3935
168 303 4741
601 795 3840
768 904 4738
55 793 2051
601 652 3969
278 441 950
56 818 224
511 585 2530
477 700 4383
15 398 2748
263 734 4810
237 469 1427
317 593 1591
203 713 883
672 937 2339
241 976 4101
11 415 2844
241 820 3185
6 735 2710
311 398 910
127 331 2889
220 980 1669
577 617 4543
498 571 2133
343 623 38
64 498 1822
562 796 1288
140 788 2138
480 912 1835
258 320 2337
322 527 4221
617 739 3331
272 604 35
292 411 3618
136 884 2540
77 162 1228
882 959 1962
23 472 2450
492 550 4727
503 545 1530
260 350 4697
69 895 334
33 267 2367
440 687 4952
461 479 1134
361 684 2219
58 852 4574
916 926 1282
270 715 4829
642 814 2232
299 465 1965
464 603 585
634 782 608
262 642 4626
96 734 1200
125 443 1102
387 742 2601
262 800 1490
310 980 2255
474 606 2024
358 525 306
87 995 3749
188 987 1474
202 624 3032
254 449 2753
432 962 3151
68 397 4813
148 608 3192
122 317 2351
762 939 2390
693 733 414
61 223 2092
906 923 1369
542 578 1277
100 665 3011
392 536 1215
453 686 3088
30 964 369
388 839 862
231 844 2932
199 325 603
483 615 3792
234 245 2869
325 950 3318
826 911 4658
90 621 3579
18 782 2449
612 914 1483
605 946 702
116 451 872
494 576 1604
303 514 471
503 998 1940
103 875 3080
623 950 4961
166 859 3618
504 907 4158
468 982 4921
728 973 301
284 640 992
129 289 889
173 342 1402
98 674 3137
109 656 3504
537 590 3412
186 190 3914
9 659 1612
509 571 2483
35 830 3234
268 714 4964
35 479 1476
3 501 1385
474 550 3655
227 890 3233
50 496 3123
212 837 3216
813 876 2949
189 217 4076
270 289 1485
372 988 2801
136 393 326
216 335 2990
693 827 4128
205 862 2069
349 604 2044
327 407 4003
695 711 1296
508 773 373
751 777 1148
682 811 195
240 937 4956
322 699 3089
488 906 3769
61 633 4920
214 759 2126
286 951 1994
151 894 726
429 494 230
208 975 4548
85 613 3909
400 661 853
276 865 148
466 674 1117
186 353 3967
504 603 439
479 773 1317
169 379 2430
563 751 2184
205 699 1845
625 886 3495
143 999 661
452 936 81
141 220 4003
734 984 4288
145 938 4904
444 995 1281
669 803 2662
306 473 1507
133 711 4115
646 921 3652
339 804 2756
347 818 760
275 491 3179
248 255 2874
424 990 370
757 793 3016
114 452 1664
173 401 3658
672 930 2284
598 954 4898
411 553 2196
626 893 383
62 366 4705
76 923 4824
392 765 629
212 370 2400
677 724 4942
337 445 1370
97 105 422
43 898 1097
399 953 4104
174 279 3438
261 653 2711
718 789 3769
147 854 1743
17 18 3028
587 613 4132
387 766 3169
195 815 826
546 614 4358
272 750 1050
487 668 908
460 479 4051
0 916 4933
589 725 3033
239 623 1347
323 991 411
318 527 2204
583 800 3393
698 854 1090
447 912 4148
108 843 4283
764 831 2188
148 634 4343
254 457 4341
219 341 2923
386 881 1956
697 925 3799
385 777 1461
702 782 4423
757 852 2198
216 574 2559
111 433 1004
755 854 4305
223 742 2606
601 926 3684
150 741 642
134 761 3981
898 916 4515
622 990 3781
229 467 4654
27 401 2982
419 591 3553
26 857 4692
758 772 4492
154 306 686
364 725 4329
23 661 2814
174 860 2533
55 397 730
98 745 3338
364 405 305
223 688 4293
259 636 3363
475 606 300
338 730 3011
45 970 1758
613 957 3834
571 995 3579
487 589 710
205 501 4568
822 986 1434
623 675 2898
110 817 906
541 592 3457
387 857 3
44 726 436
257 940 3632
507 949 1576
790 792 940
356 949 3015
416 420 572
52 161 262
909 986 1667
280 769 742
560 977 3729
27 218 4291
754 803 3136
80 137 1640
151 840 4014
62 976 3494
312 915 4269
263 981 1606
296 842 272
252 853 1120
796 802 828
691 738 3720
157 255 3532
13 897 4659
79 263 1377
202 873 4157
148 900 2345
3 325 3902
335 498 1422
570 694 2938
6 687 4319
513 747 1570
253 920 1312
393 414 3343
50 748 4514
48 138 2975
227 780 459
738 917 888
513 523 1855
430 966 2565
176 605 2015
132 404 3408
479 701 2681
33 747 1141
284 311 3967
366 642 2956
385 405 1010
71 682 1110
506 517 3630
402 728 4639
132 631 110
335 481 3182
405 925 1389
15 67 4955
168 880 3782
204 699 349
113 745 882
245 532 42
465 800 4022
177 264 130
560 989 1262
613 904 4846
109 536 875
4 898 2465
601 851 3991
39 640 1561
312 738 3066
39 313 2256
877 999 4931
691 848 1189
650 844 1504
95 489 260
80 128 2667
470 648 4911
164 346 2105
371 442 141
386 824 3224
1 79 1221
651 726 3580
525 546 2926
113 637 3336
718 898 1530
883 972 3964
228 317 504
261 467 3114
197 738 4810
8 545 2509
427 629 2463
269 419 2375
607 671 1869
798 985 2789
555 748 4930
612 680 927
743 922 968
101 895 3234
100 677 1000
301 309 1418
651 888 2395
653 660 2172
14 200 3196
63 355 4631
65 97 1381
604 982 4143
461 991 3842
483 489 1016
590 703 456
299 411 633
290 628 4508
6 350 3911
466 635 1384
56 746 975
629 788 3506
235 878 1035
139 789 1609
910 963 4557
911 993 2987
158 232 4003
44 650 2638
137 620 4299
277 969 106
613 906 840
639 874 3226
114 453 3575
414 671 4799
397 955 3496
282 727 3655
665 778 2117
323 337 1297
446 556 1272
801 838 3765
358 779 4639
88 359 4491
319 362 4752
21 196 1819
110 525 2298
829 878 4430
457 477 1846
347 408 4586
303 550 1168
496 923 4553
930 943 718
691 785 53
283 769 4689
346 621 1878
197 938 3323
582 980 1182
455 820 3500
539 810 1560
641 886 3250
228 731 4792
340 423 3031
549 602 4573
253 536 4867
419 445 4454
510 834 1495
218 487 1157
566 702 390
554 731 2434
249 511 1117
300 749 1151
290 815 4200
838 839 3710
666 857 1743
101 203 1083
82 261 3425
133 627 3443
68 668 3217
714 781 2037
711 857 2795
657 679 2337
53 592 806
461 900 2793
3 693 815
425 461 544
405 457 2535
345 930 1428
338 380 4776
128 904 2581
312 590 2969
490 915 4319
739 941 3482
36 93 1317
174 969 2848
425 435 267
283 994 4235
495 833 4214
414 728 4934
539 825 1000
839 865 4473
40 766 1922
84 394 2138
883 926 3366
354 924 400
769 901 3107
18 957 3109
783 852 490
194 499 2140
140 961 1631
317 605 1259
13 888 4550
340 783 3875
445 943 2163
153 771 4503
103 609 1653
200 664 4791
165 394 4537
23 679 2742
58 700 2692
452 674 3517
212 530 3578
109 470 2740
871 963 2694
22 929 2732
672 754 1709
101 236 364
55 864 3869
685 976 4269
164 243 819
127 286 1796
161 727 1412
203 836 4302
279 951 4681
198 301 3728
171 375 2139
112 496 4997
428 639 4151
472 586 2902
36 85 547
430 999 921
460 610 3058
145 655 4856
526 586 2328
5 61 1286
560 890 3849
725 769 4524
619 730 82
100 912 476
92 760 4519
642 908 2160
583 625 3347
596 712 3715
390 774 770
420 494 4302
476 761 2222
314 545 4982
468 771 3627
146 486 3528
81 271 2179
46 569 1614
157 467 4418
36 317 4860
9 903 3682
318 475 306
958 992 1232
624 722 3931
932 972 680
261 408 4103
39 73 4857
522 769 2147
675 848 4824
818 985 4818
652 853 1319
82 625 4423
120 852 3377
51 846 10
818 919 4305
53 874 2458
537 728 3823
230 905 2510
93 160 4803
368 938 311
348 410 3897
552 906 666
293 829 1882
196 973 2903
47 55 3990
287 427 3644
603 756 1479
765 800 1658
619 906 296
42 225 334
54 895 170
209 237 2412
543 768 2468
525 613 3155
52 155 2672
394 739 4743
171 498 1
153 638 4725
754 956 3880
166 952 3690
36 833 2102
151 794 3041
330 916 4100
736 750 1503
225 801 1844
61 387 4907
143 329 484
318 459 4263
5 648 1689
256 295 2225
169 255 1514
811 976 4679
443 723 2132
662 841 2189
352 511 216
734 889 1687
21 725 2332
371 430 2666
20 523 3870
590 837 1022
63 384 1413
515 699 4408
686 916 1350
638 947 2347
332 491 4295
908 949 2163
355 894 815
864 919 222
36 530 4752
647 752 367
138 825 855
589 770 4748
239 451 1695
662 976 1184
842 866 2501
137 255 185
573 638 683
625 638 2578
294 403 96
630 826 4634
164 443 143
19 382 4469
719 917 694
679 849 4165
123 151 2207
105 647 3517
66 962 3316
552 882 3670
340 808 2781
35 213 3557
269 299 1996
853 854 2492
2 540 2580
82 348 1343
367 994 3843
468 720 2462
768 816 562
724 892 29
479 579 2777
487 762 4346
482 769 3639
48 858 589
39 411 1625
612 629 864
614 850 336
389 554 1725
319 628 4198
235 335 1128
646 984 568
590 906 4842
568 732 2233
639 720 4335
284 877 2355
342 769 3153
522 536 2553
271 873 2974
74 258 1422
33 403 4320
32 594 1133
541 851 3285
508 699 1847
7 532 1119
760 970 3268
501 796 3281
20 900 593
150 895 1139
91 352 4703
191 206 1323
618 997 4493
128 786 53
538 756 4426
578 842 4909
603 881 4607
527 870 2544
171 884 398
176 783 574
303 503 4446
436 729 1856
739 961 2800
188 297 3854
511 831 417
312 465 941
968 984 1394
337 683 4773
494 886 1207
54 176 4049
507 739 1088
254 385 2774
468 813 3249
400 819 2994
161 878 1902
225 883 510
268 282 1230
216 737 2963
357 773 456
60 934 4277
12 315 2420
696 903 775
771 954 4579
119 172 3384
361 397 33
106 841 1885
36 348 826
461 598 1189
182 239 4103
414 652 1767
900 936 636
173 620 4889
594 657 1740
88 604 4421
693 971 3662
152 648 40
450 643 2882
169 869 1935
190 355 4471
450 888 1376
432 765 4245
534 796 1043
478 676 3808
529 605 3836
22 783 4659
357 683 3915
590 661 159
85 744 3868
182 602 4453
553 841 1984
88 996 2542
344 512 3449
547 712 2123
485 545 4863
170 991 4829
5 433 3917
44 918 832
347 936 2261
648 874 774
71 951 590
211 412 1189
749 805 917
386 503 3376
356 444 2052
183 818 4688
236 363 52
206 613 2991
300 611 2580
472 818 992
193 359 2966
783 845 3303
317 500 1049
157 838 3863
207 835 4267
606 807 3449
63 853 1331
854 864 1621
397 967 3032
436 656 358
546 735 3566
88 174 1878
627 940 3691
120 590 3663
618 976 1982
986 993 2206
213 521 1483
85 606 1577
37 53 4151
206 279 4856
221 725 4353
92 838 5000
459 531 3848
372 992 3712
115 177 1071
21 276 3682
463 598 1123
44 904 4365
307 460 659
335 338 1513
48 901 1087
606 621 1435
218 719 4584
121 470 3619
479 929 1053
23 873 3662
823 830 128
533 699 4764
331 508 2203
201 494 2151
71 840 3170
58 763 1789
575 976 4465
342 428 3524
680 818 4385
816 894 1599
159 830 2317
326 455 2986
249 437 2576
203 298 1534
75 369 4149
62 928 4346
265 637 3284
238 439 3371
83 169 4490
136 769 2104
58 646 3567
547 768 522
294 957 3114
538 659 2078
50 663 535
632 777 3633
443 988 135
490 708 4289
500 541 1186
11 477 1692
739 994 4698
