1000 5000
1 0 1001
2 0 1001
3 0 1001
4 1 1001
5 1 1001
6 1 1001
7 5 1001
8 1 1001
9 2 1001
10 4 1001
11 0 1001
12 7 1001
13 7 1001
14 13 1001
15 11 1001
16 3 1001
17 0 1001
18 16 1001
19 5 1001
20 15 1001
21 14 1001
22 21 1001
23 9 1001
24 15 1001
25 2 1001
26 21 1001
27 24 1001
28 8 1001
29 26 1001
30 19 1001
31 5 1001
32 20 1001
33 19 1001
34 4 1001
35 34 1001
36 23 1001
37 2 1001
38 13 1001
39 20 1001
40 21 1001
41 4 1001
42 19 1001
43 6 1001
44 15 1001
45 42 1001
46 38 1001
47 9 1001
48 31 1001
49 18 1001
50 17 1001
51 35 1001
52 47 1001
53 17 1001
54 12 1001
55 5 1001
56 36 1001
57 31 1001
58 50 1001
59 9 1001
60 41 1001
61 9 1001
62 20 1001
63 30 1001
64 25 1001
65 16 1001
66 60 1001
67 64 1001
68 33 1001
69 65 1001
70 28 1001
71 68 1001
72 31 1001
73 10 1001
74 17 1001
75 33 1001
76 40 1001
77 69 1001
78 29 1001
79 50 1001
80 26 1001
81 39 1001
82 51 1001
83 8 1001
84 60 1001
85 46 1001
86 41 1001
87 32 1001
88 23 1001
89 73 1001
90 55 1001
91 43 1001
92 31 1001
93 47 1001
94 4 1001
95 7 1001
96 57 1001
97 89 1001
98 40 1001
99 56 1001
100 57 1001
101 100 1001
102 97 1001
103 11 1001
104 4 1001
105 10 1001
106 41 1001
107 91 1001
108 52 1001
109 103 1001
110 48 1001
111 68 1001
112 63 1001
113 73 1001
114 67 1001
115 52 1001
116 108 1001
117 50 1001
118 107 1001
119 28 1001
120 36 1001
121 38 1001
122 47 1001
123 37 1001
124 18 1001
125 43 1001
126 95 1001
127 116 1001
128 16 1001
129 4 1001
130 67 1001
131 3 1001
132 107 1001
133 102 1001
134 100 1001
135 74 1001
136 68 1001
137 115 1001
138 97 1001
139 95 1001
140 81 1001
141 2 1001
142 101 1001
143 4 1001
144 123 1001
145 118 1001
146 17 1001
147 43 1001
148 59 1001
149 32 1001
150 135 1001
151 150 1001
152 54 1001
153 114 1001
154 34 1001
155 44 1001
156 12 1001
157 28 1001
158 21 1001
159 13 1001
160 60 1001
161 6 1001
162 142 1001
163 125 1001
164 12 1001
165 46 1001
166 85 1001
167 79 1001
168 26 1001
169 46 1001
170 28 1001
171 36 1001
172 129 1001
173 20 1001
174 152 1001
175 133 1001
176 127 1001
177 133 1001
178 78 1001
179 65 1001
180 175 1001
181 167 1001
182 116 1001
183 117 1001
184 165 1001
185 96 1001
186 105 1001
187 168 1001
188 39 1001
189 87 1001
190 20 1001
191 48 1001
192 135 1001
193 39 1001
194 46 1001
195 33 1001
196 112 1001
197 87 1001
198 72 1001
199 59 1001
200 164 1001
201 158 1001
202 34 1001
203 63 1001
204 25 1001
205 78 1001
206 191 1001
207 163 1001
208 155 1001
209 154 1001
210 60 1001
211 69 1001
212 118 1001
213 16 1001
214 48 1001
215 54 1001
216 96 1001
217 159 1001
218 144 1001
219 206 1001
220 121 1001
221 150 1001
222 87 1001
223 194 1001
224 116 1001
225 176 1001
226 223 1001
227 39 1001
228 220 1001
229 11 1001
230 44 1001
231 43 1001
232 209 1001
233 48 1001
234 187 1001
235 211 1001
236 57 1001
237 3 1001
238 59 1001
239 70 1001
240 78 1001
241 121 1001
242 173 1001
243 159 1001
244 191 1001
245 148 1001
246 61 1001
247 228 1001
248 84 1001
249 67 1001
250 60 1001
251 74 1001
252 242 1001
253 121 1001
254 141 1001
255 72 1001
256 15 1001
257 123 1001
258 176 1001
259 150 1001
260 112 1001
261 186 1001
262 116 1001
263 260 1001
264 201 1001
265 170 1001
266 38 1001
267 43 1001
268 183 1001
269 227 1001
270 231 1001
271 182 1001
272 229 1001
273 241 1001
274 211 1001
275 121 1001
276 17 1001
277 55 1001
278 83 1001
279 265 1001
280 15 1001
281 154 1001
282 277 1001
283 35 1001
284 184 1001
285 100 1001
286 109 1001
287 182 1001
288 72 1001
289 58 1001
290 266 1001
291 109 1001
292 264 1001
293 129 1001
294 189 1001
295 80 1001
296 142 1001
297 265 1001
298 229 1001
299 147 1001
300 83 1001
301 145 1001
302 296 1001
303 72 1001
304 195 1001
305 8 1001
306 38 1001
307 123 1001
308 247 1001
309 2 1001
310 126 1001
311 260 1001
312 248 1001
313 248 1001
314 71 1001
315 275 1001
316 117 1001
317 307 1001
318 179 1001
319 49 1001
320 309 1001
321 57 1001
322 175 1001
323 320 1001
324 91 1001
325 309 1001
326 116 1001
327 296 1001
328 103 1001
329 175 1001
330 89 1001
331 307 1001
332 215 1001
333 118 1001
334 130 1001
335 243 1001
336 195 1001
337 286 1001
338 31 1001
339 239 1001
340 276 1001
341 186 1001
342 157 1001
343 101 1001
344 240 1001
345 341 1001
346 125 1001
347 331 1001
348 84 1001
349 274 1001
350 1 1001
351 143 1001
352 344 1001
353 70 1001
354 285 1001
355 37 1001
356 258 1001
357 270 1001
358 270 1001
359 316 1001
360 125 1001
361 231 1001
362 320 1001
363 161 1001
364 294 1001
365 98 1001
366 87 1001
367 0 1001
368 189 1001
369 308 1001
370 243 1001
371 317 1001
372 22 1001
373 65 1001
374 340 1001
375 82 1001
376 175 1001
377 335 1001
378 142 1001
379 216 1001
380 96 1001
381 329 1001
382 63 1001
383 118 1001
384 222 1001
385 318 1001
386 151 1001
387 365 1001
388 102 1001
389 244 1001
390 116 1001
391 111 1001
392 137 1001
393 222 1001
394 77 1001
395 257 1001
396 288 1001
397 382 1001
398 308 1001
399 118 1001
400 368 1001
401 266 1001
402 59 1001
403 141 1001
404 57 1001
405 369 1001
406 5 1001
407 64 1001
408 183 1001
409 370 1001
410 293 1001
411 407 1001
412 211 1001
413 72 1001
414 268 1001
415 1 1001
416 182 1001
417 320 1001
418 95 1001
419 210 1001
420 272 1001
421 148 1001
422 345 1001
423 70 1001
424 420 1001
425 132 1001
426 37 1001
427 106 1001
428 51 1001
429 394 1001
430 221 1001
431 401 1001
432 154 1001
433 75 1001
434 307 1001
435 165 1001
436 370 1001
437 49 1001
438 434 1001
439 119 1001
440 207 1001
441 122 1001
442 431 1001
443 82 1001
444 313 1001
445 405 1001
446 254 1001
447 58 1001
448 383 1001
449 16 1001
450 48 1001
451 316 1001
452 141 1001
453 213 1001
454 222 1001
455 267 1001
456 240 1001
457 451 1001
458 50 1001
459 144 1001
460 186 1001
461 375 1001
462 307 1001
463 309 1001
464 222 1001
465 200 1001
466 199 1001
467 454 1001
468 81 1001
469 74 1001
470 152 1001
471 422 1001
472 48 1001
473 419 1001
474 240 1001
475 4 1001
476 419 1001
477 387 1001
478 436 1001
479 72 1001
480 8 1001
481 295 1001
482 402 1001
483 471 1001
484 395 1001
485 463 1001
486 331 1001
487 454 1001
488 446 1001
489 226 1001
490 323 1001
491 453 1001
492 16 1001
493 130 1001
494 36 1001
495 342 1001
496 92 1001
497 305 1001
498 146 1001
499 467 1001
500 204 1001
501 87 1001
502 191 1001
503 453 1001
504 62 1001
505 295 1001
506 397 1001
507 303 1001
508 128 1001
509 61 1001
510 330 1001
511 182 1001
512 335 1001
513 259 1001
514 361 1001
515 343 1001
516 148 1001
517 242 1001
518 134 1001
519 147 1001
520 235 1001
521 430 1001
522 393 1001
523 417 1001
524 107 1001
525 436 1001
526 263 1001
527 411 1001
528 50 1001
529 314 1001
530 407 1001
531 210 1001
532 386 1001
533 119 1001
534 282 1001
535 133 1001
536 195 1001
537 472 1001
538 332 1001
539 160 1001
540 26 1001
541 223 1001
542 175 1001
543 324 1001
544 85 1001
545 172 1001
546 99 1001
547 236 1001
548 233 1001
549 201 1001
550 359 1001
551 525 1001
552 451 1001
553 248 1001
554 452 1001
555 246 1001
556 494 1001
557 300 1001
558 207 1001
559 544 1001
560 413 1001
561 0 1001
562 53 1001
563 332 1001
564 140 1001
565 130 1001
566 193 1001
567 409 1001
568 168 1001
569 214 1001
570 290 1001
571 113 1001
572 310 1001
573 359 1001
574 483 1001
575 257 1001
576 327 1001
577 83 1001
578 134 1001
579 337 1001
580 60 1001
581 420 1001
582 466 1001
583 526 1001
584 441 1001
585 465 1001
586 321 1001
587 143 1001
588 571 1001
589 146 1001
590 303 1001
591 47 1001
592 396 1001
593 72 1001
594 402 1001
595 393 1001
596 434 1001
597 106 1001
598 163 1001
599 242 1001
600 26 1001
601 266 1001
602 282 1001
603 182 1001
604 110 1001
605 158 1001
606 66 1001
607 128 1001
608 303 1001
609 23 1001
610 206 1001
611 81 1001
612 497 1001
613 86 1001
614 236 1001
615 416 1001
616 163 1001
617 275 1001
618 435 1001
619 282 1001
620 376 1001
621 125 1001
622 118 1001
623 54 1001
624 152 1001
625 383 1001
626 290 1001
627 160 1001
628 476 1001
629 489 1001
630 148 1001
631 118 1001
632 381 1001
633 269 1001
634 33 1001
635 336 1001
636 171 1001
637 272 1001
638 320 1001
639 477 1001
640 168 1001
641 620 1001
642 480 1001
643 406 1001
644 97 1001
645 295 1001
646 10 1001
647 24 1001
648 266 1001
649 77 1001
650 478 1001
651 190 1001
652 201 1001
653 95 1001
654 238 1001
655 623 1001
656 140 1001
657 26 1001
658 167 1001
659 616 1001
660 21 1001
661 458 1001
662 91 1001
663 604 1001
664 582 1001
665 586 1001
666 380 1001
667 600 1001
668 35 1001
669 194 1001
670 156 1001
671 115 1001
672 12 1001
673 642 1001
674 66 1001
675 577 1001
676 7 1001
677 22 1001
678 410 1001
679 322 1001
680 372 1001
681 113 1001
682 378 1001
683 161 1001
684 427 1001
685 24 1001
686 109 1001
687 647 1001
688 242 1001
689 432 1001
690 11 1001
691 55 1001
692 270 1001
693 339 1001
694 607 1001
695 332 1001
696 548 1001
697 149 1001
698 93 1001
699 182 1000
700 443 1001
701 194 1001
702 199 1001
703 208 1001
704 287 1001
705 395 1001
706 299 1001
707 54 1001
708 396 1001
709 682 1001
710 241 1001
711 410 1001
712 582 1001
713 461 1001
714 362 1001
715 616 1001
716 389 1001
717 540 1001
718 509 1001
719 408 1001
720 134 1001
721 358 1001
722 264 1001
723 477 1001
724 673 1001
725 593 1001
726 177 1001
727 280 1001
728 170 1001
729 160 1001
730 402 1001
731 667 1001
732 608 1001
733 122 1001
734 517 1001
735 627 1001
736 662 1001
737 635 1001
738 717 1001
739 301 1001
740 336 1001
741 68 1001
742 674 1001
743 552 1001
744 452 1001
745 343 1001
746 660 1001
747 148 1001
748 467 1001
749 119 1001
750 747 1001
751 643 1001
752 601 1001
753 393 1001
754 92 1001
755 668 1001
756 330 1000
757 93 1001
758 496 1001
759 629 1001
760 636 1001
761 444 1001
762 449 1001
763 148 1001
764 372 1001
765 81 1001
766 424 1001
767 319 1001
768 561 1001
769 298 1001
770 382 1001
771 68 1001
772 302 1001
773 766 1001
774 604 1001
775 531 1001
776 533 1001
777 171 1001
778 39 1001
779 627 1001
780 433 1001
781 420 1001
782 40 1001
783 744 1001
784 68 1001
785 214 1001
786 265 1001
787 325 1001
788 360 1001
789 578 1001
790 623 1001
791 751 1001
792 209 1001
793 164 1001
794 43 1001
795 260 1001
796 106 1001
797 661 1001
798 784 1001
799 699 1001
800 323 1001
801 549 1001
802 308 1001
803 739 1001
804 492 1001
805 646 1001
806 160 1001
807 38 1001
808 615 1001
809 346 1001
810 7 1001
811 702 1001
812 174 1001
813 520 1001
814 264 1001
815 554 1001
816 734 1001
817 307 1001
818 697 1001
819 177 1001
820 484 1001
821 704 1001
822 410 1001
823 674 1001
824 672 1001
825 719 1001
826 274 1001
827 87 1001
828 658 1001
829 480 1001
830 202 1001
831 243 1001
832 306 1001
833 333 1001
834 591 1001
835 560 1001
836 592 1001
837 257 1001
838 569 1001
839 770 1001
840 97 1001
841 445 1001
842 773 1001
843 198 1001
844 711 1001
845 368 1001
846 408 1001
847 129 1001
848 94 1001
849 112 1001
850 239 1001
851 605 1001
852 125 1001
853 400 1001
854 578 1001
855 268 1001
856 237 1001
857 244 1001
858 152 1001
859 2 1001
860 721 1001
861 228 1001
862 270 1001
863 777 1001
864 541 1001
865 173 1001
866 11 1001
867 129 1001
868 851 1001
869 407 1001
870 426 1001
871 357 1001
872 615 1001
873 782 1001
874 645 1001
875 437 1001
876 125 1001
877 326 1001
878 460 1001
879 711 1001
880 574 1001
881 459 1001
882 278 1001
883 794 1001
884 81 1001
885 628 1001
886 318 1001
887 64 1001
888 510 1001
889 700 1001
890 115 1001
891 274 1001
892 225 1001
893 299 1001
894 395 1001
895 658 1001
896 293 1001
897 519 1001
898 597 1001
899 728 1001
900 877 1001
901 812 1001
902 363 1001
903 307 1001
904 810 1001
905 603 1001
906 58 1001
907 304 1001
908 499 1001
909 853 1001
910 17 1001
911 129 1001
912 274 1001
913 149 1001
914 439 1001
915 643 1001
916 41 1001
917 48 1001
918 672 1001
919 858 1001
920 190 1001
921 895 1001
922 301 1001
923 452 1001
924 147 1001
925 146 1001
926 789 1001
927 407 1001
928 602 1001
929 28 1001
930 49 1001
931 448 1001
932 505 1001
933 614 1001
934 630 1001
935 755 1001
936 791 1001
937 800 1001
938 637 1001
939 487 1001
940 320 1001
941 141 1001
942 89 1001
943 446 1001
944 49 1001
945 119 1001
946 370 1001
947 418 1001
948 783 1001
949 398 1001
950 402 1001
951 938 1001
952 158 1001
953 514 1001
954 507 1001
955 846 1001
956 132 1001
957 694 1001
958 762 1001
959 719 1001
960 20 1001
961 863 1001
962 118 1001
963 879 1001
964 109 1001
965 710 1001
966 753 1001
967 506 1001
968 349 1001
969 871 1001
970 894 1001
971 256 1001
972 706 1001
973 265 1001
974 773 1001
975 127 1001
976 864 1001
977 195 1001
978 117 1001
979 300 1001
980 189 1001
981 21 1001
982 324 1001
983 439 1001
984 720 1001
985 671 1001
986 327 1001
987 656 1001
988 941 1001
989 726 1001
990 688 1001
991 549 1001
992 48 1001
993 151 1001
994 507 1001
995 744 1001
996 860 1001
997 599 1001
998 722 1001
999 469 1001
898 948 1000
883 946 1000
68 322 1000
167 995 1000
626 990 1000
176 477 1000
29 514 1000
18 991 1000
44 949 1000
149 393 1000
10 667 1000
493 603 1000
329 698 1000
76 525 1000
271 569 1000
264 309 1000
99 657 1000
269 470 1000
346 633 1000
314 465 1000
298 873 1000
28 94 1000
193 887 1000
514 656 1000
587 743 1000
829 938 1000
312 956 1000
312 922 1001
789 825 1000
88 815 1000
152 510 1000
190 697 1000
436 934 1000
114 412 1000
432 618 1000
124 410 1000
148 512 1000
207 679 1000
95 549 1000
39 644 1000
233 835 1000
67 538 1000
329 618 1000
207 758 1000
373 622 1000
212 282 1000
380 526 1000
410 706 1000
28 416 1001
514 855 1001
222 707 1000
269 952 1000
563 767 1000
693 809 1000
379 545 1000
210 514 1001
229 647 1000
202 449 1000
92 635 1000
284 904 1000
111 272 1000
292 525 1000
446 715 1000
178 250 1000
458 761 1000
483 506 1000
457 996 1000
385 555 1000
144 214 1000
434 988 1000
96 900 1000
159 804 1000
454 900 1000
571 826 1000
294 510 1000
174 643 1000
21 823 1000
44 852 1000
182 723 1000
874 914 1000
461 582 1000
764 798 1000
420 654 1000
281 346 1001
348 941 1000
144 692 1000
306 763 1000
367 384 1000
254 395 1000
22 538 1000
8 894 1000
483 961 1000
55 843 1000
21 641 1001
205 995 1000
295 510 1001
353 979 1000
510 576 1001
671 769 1000
104 584 1000
326 963 1000
115 848 1000
719 745 1000
9 225 1000
359 407 1000
854 907 1000
198 975 1000
51 728 1000
322 848 1001
41 657 1001
47 410 1001
1 777 1000
90 508 1000
246 278 1000
364 636 1000
110 840 1000
450 650 1000
444 732 1000
381 474 1000
17 78 1000
247 522 1000
864 887 1000
421 485 1000
276 919 1000
244 832 1000
227 570 1000
79 468 1000
559 773 1000
536 816 1000
370 499 1000
411 757 1000
473 772 1000
650 878 1000
894 902 1000
87 612 1000
239 846 1000
45 969 1000
341 488 1000
187 868 1000
33 799 1000
75 700 1000
500 871 1000
183 289 1000
482 568 1000
388 850 1000
89 227 1000
19 332 1000
194 473 1000
758 988 1000
163 314 1000
74 849 1000
727 995 1001
396 547 1000
223 422 1000
363 519 1000
376 856 1000
544 616 1000
568 592 1000
109 178 1001
397 798 1000
198 627 1000
72 204 1000
16 573 1000
581 625 1000
74 747 1000
161 318 1000
256 414 1000
593 947 1000
91 232 1000
404 913 1000
409 627 1000
486 695 1000
165 721 1000
526 995 1001
512 707 1001
279 823 1000
19 170 1000
539 862 1000
399 549 1000
363 374 1000
387 420 1000
77 867 1000
537 827 1000
170 523 1001
958 967 1000
172 873 1000
35 689 1000
99 399 1001
130 913 1001
247 955 1000
420 787 1001
487 635 1000
87 928 1001
288 863 1000
487 798 1001
194 279 1000
353 596 1000
361 727 1000
149 672 1000
580 919 1000
518 953 1000
490 594 1000
288 407 1001
225 347 1000
340 914 1000
475 987 1000
824 994 1000
598 877 1000
57 318 1000
276 425 1000
84 529 1000
368 808 1000
346 986 1000
307 688 1000
84 416 1001
617 689 1001
3 929 1000
428 527 1000
595 863 1000
414 547 1001
124 775 1000
275 779 1000
792 856 1001
126 745 1000
679 733 1000
431 863 1001
433 630 1000
224 757 1000
104 453 1000
82 626 1001
119 366 1000
573 863 1001
700 975 1001
278 693 1001
303 981 1000
124 353 1001
88 698 1001
17 143 1001
456 473 1001
29 220 1000
549 562 1001
384 659 1000
105 657 1000
789 953 1001
792 892 1000
388 989 1000
234 282 1000
269 869 1001
177 662 1000
175 479 1000
547 653 1000
415 596 1001
307 845 1001
527 911 1000
150 700 1001
434 591 1000
646 747 1000
468 544 1001
377 504 1000
487 678 1000
192 847 1000
322 965 1000
181 206 1000
229 378 1000
689 804 1001
99 981 1000
301 884 1000
319 707 1000
296 681 1000
876 954 1000
294 625 1001
12 830 1000
384 722 1001
306 308 1001
438 566 1000
28 578 1001
288 998 1000
180 979 1000
37 463 1000
21 571 1001
210 994 1000
143 600 1000
256 633 1000
780 794 1000
501 725 1000
12 262 1000
362 822 1000
82 894 1001
155 551 1000
651 953 1000
567 958 1000
177 185 1000
363 677 1001
213 972 1000
10 345 1001
29 201 1001
659 992 1000
748 764 1001
702 878 1001
317 420 1001
637 808 1000
52 997 1000
457 698 1001
329 764 1001
439 524 1000
647 836 1000
366 665 1001
336 734 1000
360 466 1000
258 720 1000
186 219 1000
803 935 1000
8 310 1000
265 897 1000
654 689 1001
591 655 1000
228 820 1000
79 896 1000
17 566 1000
265 517 1001
256 596 1001
372 920 1000
116 970 1000
441 603 1000
504 777 1000
143 650 1001
538 676 1001
67 825 1000
430 888 1000
264 403 1001
654 965 1001
901 924 1000
195 374 1001
7 690 1000
561 670 1000
496 728 1001
268 278 1000
297 930 1000
674 928 1000
451 506 1001
178 198 1001
895 980 1000
53 681 1000
258 417 1000
176 396 1000
447 987 1001
50 913 1000
442 733 1000
106 604 1000
205 838 1000
5 249 1000
860 915 1000
633 769 1001
184 189 1000
339 401 1000
405 662 1001
464 859 1000
156 351 1000
57 105 1000
53 968 1000
120 459 1000
186 852 1001
643 658 1001
178 931 1001
795 926 1000
161 467 1001
608 693 1001
235 488 1001
734 840 1001
200 576 1000
456 732 1000
27 922 1000
352 987 1001
118 873 1001
205 244 1001
206 340 1001
516 549 1001
69 190 1000
379 576 1000
477 837 1000
424 899 1000
282 798 1001
399 640 1000
422 691 1001
121 965 1000
350 372 1000
203 766 1000
124 454 1001
440 698 1000
300 979 1001
305 797 1000
355 587 1001
87 970 1001
3 834 1000
5 33 1000
255 284 1001
277 378 1000
199 764 1000
613 926 1000
410 642 1001
619 889 1000
277 427 1000
490 570 1000
320 764 1001
81 311 1000
303 454 1000
55 906 1000
254 562 1000
39 770 1001
57 438 1001
125 951 1000
274 839 1000
152 704 1000
187 873 1001
495 714 1000
238 867 1000
482 930 1000
49 578 1000
241 436 1001
398 789 1000
134 760 1000
376 489 1000
91 827 1000
572 944 1000
178 509 1000
458 805 1000
91 277 1001
426 772 1000
325 585 1000
84 749 1001
87 975 1001
39 783 1001
39 306 1001
482 540 1001
385 451 1001
909 983 1000
311 654 1000
862 875 1000
131 537 1000
452 948 1001
214 381 1000
140 780 1001
134 135 1001
411 463 1000
242 886 1000
60 632 1000
206 870 1001
385 747 1001
517 717 1000
289 692 1001
538 949 1001
57 486 1001
244 378 1001
170 748 1001
761 930 1001
642 741 1000
25 171 1000
726 916 1000
726 907 1001
85 692 1000
268 949 1000
209 539 1000
504 896 1001
498 540 1000
333 615 1000
250 548 1000
148 410 1001
449 830 1000
88 624 1001
621 622 1000
936 965 1001
26 975 1000
112 130 1000
194 363 1001
175 406 1000
89 453 1001
463 600 1001
532 845 1000
63 667 1000
458 940 1001
461 578 1001
517 875 1001
729 827 1001
373 713 1000
90 694 1001
360 493 1001
308 600 1001
474 885 1000
452 723 1001
88 243 1001
731 966 1000
518 585 1000
30 562 1000
399 435 1001
365 725 1001
436 993 1001
95 374 1000
764 921 1001
843 949 1001
805 896 1000
240 318 1001
471 967 1001
215 309 1000
375 879 1000
460 642 1000
744 826 1000
632 635 1001
99 914 1001
98 584 1001
114 802 1000
203 782 1000
102 129 1000
314 515 1001
417 723 1001
613 661 1000
81 451 1000
694 706 1000
93 391 1000
225 374 1001
230 296 1001
201 528 1000
11 618 1001
500 600 1001
497 543 1000
85 581 1000
275 618 1001
87 933 1001
656 925 1000
166 899 1000
748 917 1000
432 931 1000
142 332 1000
510 669 1001
32 529 1000
134 509 1001
646 927 1000
396 574 1001
377 441 1000
114 888 1001
673 777 1001
970 980 1000
4 740 1000
13 194 1001
179 849 1000
466 625 1000
29 852 1001
153 775 1001
227 955 1001
385 445 1001
173 708 1000
395 754 1000
281 502 1000
422 692 1001
559 894 1001
131 834 1001
347 672 1000
99 483 1001
292 948 1001
267 635 1001
239 932 1001
326 705 1001
138 884 1000
204 762 1000
208 877 1001
124 974 1001
848 897 1000
152 817 1001
102 876 1000
39 588 1000
152 721 1001
23 387 1000
554 662 1001
566 588 1001
494 655 1000
482 832 1001
623 860 1000
420 887 1001
146 190 1001
527 725 1001
407 576 1001
192 302 1001
242 934 1000
602 984 1000
307 606 1001
616 858 1000
47 850 1000
326 578 1001
597 840 1000
89 302 1000
50 543 1000
306 782 1001
130 908 1000
549 624 1001
8 747 1001
353 955 1001
619 997 1001
307 909 1001
493 790 1001
168 863 1001
627 852 1001
106 364 1000
108 534 1000
90 524 1000
139 541 1000
325 981 1001
382 999 1000
301 622 1001
411 917 1001
737 807 1000
236 854 1000
294 588 1000
286 525 1000
120 263 1001
28 839 1001
418 634 1000
632 832 1000
530 774 1000
88 806 1001
383 600 1000
204 300 1001
119 471 1000
356 439 1001
390 980 1001
216 935 1000
137 149 1001
132 439 1000
94 782 1000
303 631 1001
355 440 1001
42 630 1001
12 418 1001
72 974 1001
280 409 1001
21 776 1001
213 651 1000
200 345 1000
150 194 1001
622 625 1001
611 626 1001
748 980 1001
167 810 1000
175 539 1001
716 943 1000
153 287 1000
69 885 1000
808 953 1001
141 840 1001
428 500 1001
658 866 1000
771 895 1000
441 583 1001
256 871 1001
471 618 1001
82 118 1000
29 134 1001
257 428 1001
123 443 1000
137 366 1001
434 684 1001
265 592 1000
121 709 1001
136 942 1000
475 509 1000
102 361 1001
182 699 1000
453 782 1001
158 805 1001
459 629 1000
184 363 1001
759 903 1000
662 838 1001
116 662 1000
523 662 1001
7 50 1001
863 996 1001
348 832 1001
215 970 1001
10 496 1001
84 596 1001
704 789 1001
465 526 1001
673 916 1001
217 988 1001
675 870 1000
694 791 1000
448 576 1001
441 579 1001
170 603 1001
929 948 1000
40 526 1001
363 798 1001
312 961 1000
223 972 1000
93 695 1001
596 767 1001
49 144 1001
418 700 1000
756 771 1001
464 672 1001
114 858 1001
10 921 1000
17 166 1001
225 739 1001
158 366 1001
534 605 1000
818 886 1000
303 420 1001
887 983 1001
298 553 1000
302 959 1001
759 800 1000
434 549 1001
33 808 1001
628 947 1001
775 807 1001
593 971 1000
657 868 1001
440 995 1001
133 397 1000
198 320 1001
350 829 1000
255 924 1001
820 976 1000
931 972 1001
109 609 1000
267 861 1000
258 975 1001
812 948 1001
450 554 1000
16 851 1000
784 897 1001
739 778 1000
557 834 1000
263 291 1000
465 992 1001
308 592 1001
62 943 1000
778 797 1001
1 131 1000
400 497 1000
236 315 1000
530 532 1000
196 323 1000
551 860 1001
372 954 1001
485 761 1000
449 748 1001
741 878 1000
429 968 1000
858 995 1001
169 330 1000
445 723 1000
17 512 1001
615 885 1001
7 12 1001
175 397 1001
348 904 1000
230 384 1001
204 807 1001
274 573 1001
608 875 1000
350 917 1001
36 61 1000
108 863 1001
544 549 1001
340 990 1000
185 686 1000
396 869 1001
93 131 1001
293 725 1000
438 902 1000
545 720 1000
614 769 1001
9 63 1000
241 985 1000
223 696 1001
262 422 1000
406 549 1001
26 604 1001
249 491 1000
512 800 1001
599 712 1000
137 562 1001
90 110 1001
239 790 1001
856 901 1001
597 910 1000
230 733 1001
434 494 1001
53 829 1001
89 591 1001
270 593 1001
632 856 1001
790 904 1001
394 921 1001
147 686 1000
257 440 1001
25 969 1000
48 634 1001
354 676 1000
299 482 1001
144 904 1001
769 803 1000
257 972 1001
490 706 1001
261 917 1001
799 855 1000
244 884 1001
359 453 1000
209 440 1000
4 917 1000
594 736 1000
116 167 1001
353 432 1001
455 640 1000
275 952 1000
99 281 1001
116 624 1001
562 662 1001
142 604 1000
188 326 1001
169 367 1000
190 605 1001
221 837 1000
38 88 1000
11 297 1001
446 693 1000
92 808 1001
596 804 1001
103 526 1001
617 759 1001
836 938 1000
941 969 1001
381 864 1001
183 184 1001
386 713 1000
19 633 1001
378 471 1001
80 470 1001
117 367 1001
551 897 1001
52 120 1000
395 430 1001
76 700 1001
63 501 1001
529 557 1001
214 503 1001
830 928 1001
856 908 1001
133 596 1000
602 658 1000
785 806 1000
42 156 1000
66 187 1000
683 780 1001
751 987 1000
690 765 1000
86 846 1000
87 598 1001
211 731 1000
328 354 1000
607 735 1000
857 934 1001
7 244 1000
593 724 1001
44 69 1001
177 398 1001
770 835 1000
43 821 1000
127 855 1000
559 777 1001
551 621 1000
527 529 1001
493 636 1001
570 873 1001
386 400 1001
213 752 1001
290 296 1001
101 294 1001
73 285 1000
97 395 1001
62 836 1001
46 683 1000
170 872 1001
586 841 1000
405 504 1001
88 112 1001
371 979 1001
71 907 1001
457 485 1001
145 638 1000
15 826 1000
677 960 1000
632 935 1001
61 83 1000
113 174 1000
155 873 1001
578 747 1001
344 626 1001
587 859 1000
557 977 1000
500 780 1001
185 972 1001
542 751 1001
571 957 1000
212 600 1001
212 781 1000
663 922 1000
15 720 1001
306 361 1001
196 273 1000
106 836 1001
250 273 1001
274 934 1001
474 935 1001
416 486 1000
286 463 1001
146 918 1000
92 947 1001
328 886 1001
463 838 1001
232 639 1000
743 993 1000
169 908 1001
25 566 1001
17 50 1001
398 956 1000
21 180 1000
271 720 1001
457 475 1001
511 858 1000
606 972 1001
558 665 1000
533 545 1001
2 117 1000
549 773 1001
550 717 1000
475 574 1001
656 901 1001
52 205 1001
327 766 1000
153 738 1000
201 509 1001
92 357 1000
517 848 1001
553 920 1000
122 247 1000
321 631 1000
303 816 1001
239 928 1001
239 728 1001
161 847 1001
596 599 1001
750 754 1000
394 929 1001
242 953 1001
349 719 1001
351 492 1000
166 691 1000
30 45 1000
49 486 1000
79 577 1001
265 524 1001
574 626 1001
94 432 1001
773 999 1001
440 695 1001
673 739 1000
679 884 1001
390 832 1001
150 743 1001
25 49 1001
468 496 1001
335 649 1000
177 386 1001
156 751 1001
368 445 1000
295 913 1001
366 729 1001
257 940 1000
56 214 1001
85 941 1001
100 381 1001
670 893 1001
101 551 1001
558 797 1000
341 563 1000
532 875 1001
109 566 1001
367 865 1001
510 626 1001
460 514 1001
450 776 1001
533 940 1000
610 983 1000
373 984 1001
639 647 1001
204 884 1001
90 207 1001
645 889 1000
63 966 1001
96 615 1000
728 818 1000
740 961 1001
846 999 1001
665 748 1000
81 184 1001
762 852 1000
576 628 1001
678 989 1000
9 494 1001
184 880 1000
55 236 1001
217 804 1001
426 626 1000
396 944 1001
898 914 1001
263 765 1001
838 974 1001
11 811 1000
812 852 1001
535 670 1000
87 209 1001
12 129 1001
361 497 1001
731 823 1001
602 973 1001
1 278 1001
408 877 1000
107 286 1000
753 950 1000
347 470 1001
377 898 1001
396 831 1001
49 872 1000
310 513 1000
218 790 1000
550 650 1001
526 620 1001
771 945 1001
503 827 1001
392 877 1001
161 519 1000
529 576 1001
74 320 1001
161 239 1001
65 428 1001
296 996 1000
43 344 1000
302 502 1000
371 433 1000
449 757 1001
373 414 1001
284 603 1001
262 779 1001
56 241 1001
535 636 1000
293 892 1001
165 204 1001
570 703 1001
10 568 1001
243 615 1001
243 373 1001
144 767 1001
53 322 1001
761 852 1001
306 951 1000
120 769 1001
781 899 1001
142 204 1001
346 744 1001
477 479 1001
506 508 1000
119 822 1001
326 567 1000
187 795 1001
212 884 1001
442 564 1001
201 986 1001
517 707 1001
138 327 1000
332 738 1001
108 110 1000
298 341 1001
52 598 1001
311 449 1001
116 603 1001
216 908 1001
340 342 1001
317 468 1001
221 304 1000
181 500 1000
419 587 1001
469 694 1001
487 505 1001
347 501 1001
337 529 1001
471 906 1000
570 776 1001
54 264 1000
335 713 1001
108 696 1001
179 693 1001
435 771 1001
22 427 1000
545 766 1001
201 326 1001
734 884 1001
289 798 1001
418 625 1001
74 855 1001
263 879 1000
180 310 1001
16 983 1001
207 268 1001
353 360 1001
358 921 1000
21 392 1001
249 968 1001
162 849 1001
887 899 1000
815 956 1001
96 354 1001
641 864 1000
807 953 1001
79 375 1001
193 790 1001
234 358 1001
17 730 1001
345 356 1000
264 758 1001
167 178 1001
478 953 1001
164 553 1001
787 797 1001
9 55 1001
402 570 1001
496 499 1000
473 612 1001
617 666 1000
428 521 1001
534 658 1001
131 339 1001
372 388 1001
400 595 1000
482 802 1001
302 944 1001
348 598 1001
208 732 1001
557 913 1001
146 856 1000
627 776 1001
562 690 1001
451 614 1000
122 848 1001
822 900 1001
156 856 1001
413 442 1000
66 71 1000
538 653 1001
740 770 1000
597 746 1001
328 954 1001
448 902 1001
321 598 1000
113 319 1000
82 386 1001
517 781 1000
37 728 1001
427 524 1001
295 512 1000
408 827 1001
360 809 1000
551 901 1001
163 442 1001
108 695 1001
110 844 1001
131 705 1001
613 638 1001
299 313 1000
379 468 1001
471 595 1001
130 281 1001
121 868 1000
194 398 1001
576 905 1001
790 950 1001
891 997 1001
438 630 1001
527 958 1001
4 833 1001
297 555 1000
14 862 1001
324 632 1001
420 632 1001
552 775 1000
64 245 1000
170 641 1001
56 571 1000
58 493 1000
393 800 1000
482 825 1001
524 553 1001
45 423 1001
293 851 1000
36 676 1000
640 797 1001
76 797 1001
542 812 1000
508 580 1001
192 444 1000
92 674 1001
611 735 1000
199 804 1001
838 971 1000
303 813 1001
57 218 1001
644 708 1000
58 847 1000
419 753 1000
205 958 1001
242 648 1001
570 992 1001
683 818 1001
463 466 1001
277 745 1001
219 935 1001
667 813 1001
663 838 1001
4 589 1001
482 949 1001
516 529 1001
624 941 1000
175 448 1001
114 955 1001
54 86 1000
783 992 1000
207 244 1001
268 356 1001
436 760 1000
142 776 1001
592 862 1001
306 930 1001
668 727 1000
68 202 1000
644 809 1001
384 456 1001
242 593 1001
465 970 1001
368 389 1001
6 32 1000
111 445 1001
452 610 1000
611 660 1000
215 918 1000
746 762 1001
805 990 1001
405 912 1000
644 876 1001
172 199 1000
412 655 1000
26 488 1000
260 985 1000
20 861 1000
181 878 1001
772 995 1001
237 925 1001
328 412 1001
21 725 1001
299 702 1000
480 897 1001
733 777 1001
765 794 1000
323 896 1001
260 484 1000
84 331 1001
11 517 1001
308 801 1000
694 880 1001
186 761 1001
108 764 1001
726 942 1001
731 803 1001
773 932 1001
170 615 1001
495 542 1001
803 867 1001
302 992 1001
502 602 1001
28 35 1000
320 752 1000
304 990 1001
101 329 1001
706 781 1001
8 266 1001
116 815 1001
742 963 1000
571 658 1001
582 690 1001
171 704 1000
12 602 1001
54 183 1001
134 639 1000
23 137 1000
122 426 1001
237 877 1000
185 286 1001
340 796 1001
568 682 1001
106 552 1001
552 649 1001
381 463 1001
453 884 1001
143 814 1000
677 873 1001
73 271 1000
22 704 1001
415 650 1001
471 915 1001
680 891 1000
143 625 1001
106 146 1001
669 999 1001
70 546 1000
30 752 1001
340 552 1001
454 580 1001
177 305 1001
102 649 1001
605 627 1001
450 677 1001
302 324 1001
777 815 1001
257 900 1001
375 568 1001
413 590 1001
143 739 1001
241 814 1000
460 522 1001
485 511 1001
461 517 1001
336 552 1000
293 935 1001
79 603 1001
482 963 1001
347 562 1001
280 545 1001
625 749 1001
266 689 1001
468 479 1001
424 630 1001
159 188 1000
809 880 1001
822 910 1001
267 372 1001
300 807 1001
427 782 1001
429 574 1000
53 952 1001
314 690 1001
166 894 1001
256 434 1001
133 532 1001
112 355 1000
159 762 1001
671 719 1000
403 980 1001
144 535 1001
354 388 1001
350 376 1001
427 677 1001
2 829 1001
494 640 1001
456 711 1000
357 879 1000
372 510 1001
247 739 1000
101 955 1000
226 571 1000
130 790 1000
343 396 1001
922 975 1001
300 834 1001
19 357 1001
143 236 1001
507 612 1000
708 746 1001
213 353 1001
399 988 1001
79 570 1001
802 832 1001
529 613 1001
367 439 1001
615 663 1001
709 972 1001
24 832 1001
715 886 1001
207 908 1001
254 941 1001
160 173 1000
228 823 1001
309 956 1001
715 874 1000
518 702 1001
723 813 1001
87 876 1001
291 443 1000
250 333 1001
502 944 1001
66 215 1001
525 921 1001
540 835 1000
290 643 1001
547 575 1001
833 957 1000
23 566 1001
314 844 1000
508 923 1001
724 751 1001
643 645 1000
545 915 1001
460 910 1000
330 756 1000
659 775 1001
30 681 1001
204 780 1001
557 780 1001
83 545 1001
194 481 1001
17 947 1001
422 515 1001
332 398 1001
337 518 1001
38 903 1000
787 956 1001
134 457 1001
882 995 1001
888 975 1001
565 618 1001
258 778 1001
536 656 1001
340 426 1001
203 441 1001
341 777 1001
235 922 1000
657 846 1001
276 371 1001
839 919 1001
87 170 1001
178 773 1001
525 619 1001
14 417 1000
21 39 1001
6 689 1000
95 512 1001
566 955 1001
249 958 1001
66 756 1001
755 800 1001
922 998 1001
223 603 1001
349 866 1000
370 973 1000
14 622 1001
239 596 1001
41 610 1001
390 406 1000
129 825 1001
769 976 1001
422 614 1001
377 505 1001
478 717 1000
926 986 1001
698 761 1001
145 972 1001
568 786 1000
717 914 1001
414 750 1000
518 926 1001
14 328 1000
212 847 1001
166 609 1000
6 371 1001
456 605 1001
672 815 1001
344 448 1000
713 957 1001
95 747 1001
41 80 1000
692 917 1001
309 774 1001
357 869 1001
403 613 1001
432 588 1001
515 608 1001
31 225 1001
70 587 1001
268 403 1001
758 896 1001
116 691 1001
77 100 1000
490 515 1001
423 988 1001
559 938 1001
669 867 1000
120 972 1001
0 881 1000
869 997 1001
565 960 1000
274 416 1001
64 112 1001
611 915 1001
37 538 1001
161 834 1001
201 462 1001
197 945 1000
176 253 1001
35 72 1001
41 394 1000
199 705 1001
86 712 1001
589 803 1001
254 771 1001
470 507 1000
82 678 1001
942 959 1000
648 977 1001
419 946 1001
537 944 1001
562 641 1001
251 485 1001
532 916 1001
493 746 1001
979 988 1001
356 608 1001
46 341 1001
455 927 1000
371 808 1001
21 933 1001
592 853 1001
238 415 1000
60 381 1001
144 458 1001
346 386 1001
513 696 1001
15 863 1001
417 617 1001
290 420 1001
697 997 1000
180 518 1001
49 950 1000
642 802 1001
353 566 1001
265 966 1001
696 999 1000
595 887 1001
231 505 1000
564 933 1000
263 992 1001
143 639 1001
27 136 1000
119 555 1001
87 699 1000
163 685 1000
201 373 1001
66 939 1001
130 598 1001
77 216 1001
514 977 1001
751 911 1000
137 674 1001
297 433 1001
514 519 1001
199 967 1001
190 256 1001
61 549 1001
427 580 1001
423 620 1000
516 526 1001
72 779 1000
86 884 1001
796 945 1000
504 893 1001
578 887 1001
697 730 1001
243 820 1000
99 574 1001
28 492 1001
96 656 1001
108 170 1001
210 798 1001
235 745 1001
504 524 1001
721 779 1001
427 463 1001
616 806 1000
55 987 1001
133 364 1001
270 507 1001
102 529 1001
91 977 1001
520 557 1001
270 605 1000
465 512 1000
50 192 1001
183 793 1000
66 427 1001
256 302 1001
348 784 1001
263 766 1001
144 196 1001
234 579 1000
596 612 1001
169 439 1001
542 901 1000
624 711 1001
379 885 1001
0 907 1000
457 881 1001
955 963 1001
111 876 1001
80 120 1001
116 768 1001
357 775 1001
112 296 1001
441 682 1001
107 275 1001
549 593 1001
813 906 1001
298 988 1001
329 833 1001
69 592 1001
83 572 1001
55 459 1001
348 905 1001
660 671 1001
817 823 1001
266 539 1001
589 864 1000
160 508 1001
823 891 1001
141 722 1000
14 771 1001
107 480 1000
247 521 1000
480 672 1001
51 692 1001
596 610 1001
168 914 1001
350 738 1001
478 482 1001
66 358 1001
71 453 1001
672 760 1001
419 490 1001
183 401 1001
171 361 1001
180 227 1001
775 986 1001
215 372 1001
819 927 1001
359 532 1000
831 934 1001
195 257 1000
336 989 1001
577 998 1001
241 537 1001
457 582 1000
270 941 1000
580 735 1001
336 959 1001
315 428 1000
385 404 1000
104 934 1001
92 583 1000
671 753 1001
372 523 1001
475 915 1001
621 796 1001
39 274 1001
318 838 1001
634 947 1001
174 202 1001
813 853 1000
440 854 1001
605 724 1000
323 617 1000
231 376 1001
266 907 1001
264 330 1001
455 812 1001
627 760 1001
222 358 1000
64 500 1000
71 316 1001
572 894 1001
117 238 1000
584 841 1001
801 811 1001
327 921 1001
229 976 1001
809 957 1001
576 713 1001
78 239 1000
567 847 1001
586 730 1000
694 995 1001
585 609 1001
785 939 1000
470 755 1001
88 834 1001
508 814 1001
576 655 1001
457 873 1001
235 770 1001
722 894 1001
205 340 1001
486 600 1001
476 556 1000
144 667 1001
612 676 1001
78 968 1001
378 577 1001
508 974 1001
553 593 1001
19 592 1001
686 972 1001
177 224 1001
384 746 1001
672 799 1001
130 558 1001
442 969 1001
405 522 1000
614 843 1000
38 759 1001
546 637 1001
193 977 1001
563 701 1001
177 757 1001
461 519 1001
117 859 1001
429 925 1001
91 224 1001
113 617 1001
307 919 1001
304 822 1000
128 782 1001
65 446 1001
327 551 1001
637 754 1001
83 896 1001
573 828 1001
299 969 1001
586 630 1001
300 521 1000
310 878 1001
479 542 1001
168 709 1000
852 906 1001
99 738 1001
360 530 1001
142 312 1001
52 507 1001
235 497 1001
41 43 1000
866 979 1001
132 267 1001
219 706 1001
805 863 1001
29 292 1001
120 838 1001
435 630 1000
158 248 1000
78 978 1001
238 819 1001
429 678 1001
344 814 1001
385 497 1001
671 701 1001
435 795 1000
202 791 1001
18 379 1001
570 989 1001
284 591 1001
916 959 1001
522 692 1001
113 463 1001
176 309 1001
187 486 1001
766 886 1001
560 754 1001
649 747 1001
451 772 1001
840 890 1001
340 675 1001
260 646 1001
314 853 1001
802 924 1000
284 507 1001
363 670 1001
506 911 1001
538 864 1001
207 331 1001
59 843 1001
334 492 1000
249 700 1001
762 900 1001
556 648 1001
440 541 1001
546 980 1001
623 953 1001
780 918 1001
422 508 1001
13 621 1001
205 377 1001
271 537 1001
382 511 1000
78 436 1001
46 211 1000
707 805 1001
89 958 1001
66 340 1001
339 498 1000
82 210 1001
205 763 1001
881 967 1001
296 925 1001
839 986 1000
557 970 1001
408 716 1000
96 147 1001
279 802 1001
209 624 1001
471 698 1001
420 993 1001
438 771 1001
384 977 1001
638 749 1000
5 340 1001
800 968 1001
307 629 1000
312 682 1001
176 661 1001
573 623 1000
468 956 1001
312 838 1001
314 573 1001
440 702 1001
779 881 1001
338 491 1000
350 686 1001
132 691 1001
262 800 1001
639 659 1001
297 832 1001
496 880 1001
661 736 1000
90 555 1001
500 959 1001
134 186 1001
641 662 1001
710 967 1000
85 508 1001
792 899 1001
858 969 1001
427 643 1001
47 749 1000
113 904 1001
57 300 1001
8 643 1001
650 678 1001
261 677 1000
510 960 1001
801 944 1000
146 855 1001
475 723 1001
560 727 1000
628 718 1000
98 486 1000
269 982 1001
52 96 1001
143 895 1001
444 754 1001
592 601 1001
514 869 1001
478 539 1001
179 687 1000
22 852 1001
338 873 1001
152 728 1001
84 86 1001
839 990 1001
488 875 1001
259 836 1001
359 581 1001
231 501 1000
243 882 1000
238 739 1001
501 620 1000
503 919 1001
218 690 1001
132 518 1001
200 254 1001
389 523 1000
69 604 1001
339 980 1001
573 916 1001
501 517 1001
57 490 1001
961 998 1001
28 975 1001
919 928 1000
595 943 1001
28 769 1001
218 638 1000
352 471 1001
352 776 1000
162 487 1001
267 575 1000
162 909 1000
875 942 1001
251 940 1001
342 524 1001
478 822 1001
159 750 1001
31 93 1000
52 61 1001
501 822 1001
526 742 1000
0 600 1001
50 328 1001
142 959 1001
122 277 1001
651 987 1001
160 629 1001
275 925 1001
437 804 1000
251 664 1000
552 745 1001
235 676 1001
259 579 1000
263 795 1001
15 298 1001
229 529 1001
608 791 1000
220 461 1000
156 269 1001
338 738 1000
106 302 1001
102 971 1001
658 959 1001
179 556 1001
343 470 1001
406 980 1001
183 366 1001
308 805 1001
808 868 1001
400 932 1001
618 916 1001
220 512 1001
326 768 1001
44 673 1001
682 698 1001
401 429 1001
481 698 1001
49 679 1001
19 263 1001
201 783 1001
445 567 1001
89 664 1001
123 383 1000
248 463 1001
133 931 1001
353 525 1001
1 705 1001
392 526 1001
126 274 1000
526 998 1001
614 633 1001
339 619 1001
91 766 1001
290 910 1001
838 999 1001
687 811 1001
386 632 1001
548 687 1000
103 477 1001
427 736 1001
150 905 1000
107 459 1001
29 795 1001
120 819 1001
123 488 1001
352 751 1001
370 839 1001
179 778 1001
507 511 1001
3 207 1001
780 908 1001
537 772 1001
512 726 1001
621 951 1001
671 823 1001
50 427 1001
220 833 1001
922 933 1001
237 638 1001
673 818 1001
525 611 1001
8 619 1001
648 858 1001
176 709 1001
362 634 1000
2 876 1001
78 742 1001
135 251 1000
946 950 1001
414 481 1001
697 764 1001
8 283 1001
421 977 1000
53 630 1001
31 444 1001
311 758 1001
285 299 1001
416 762 1001
174 800 1001
831 835 1001
88 883 1001
805 820 1001
667 824 1001
63 601 1001
562 745 1001
34 276 1001
85 919 1001
619 674 1001
155 954 1000
575 755 1000
3 517 1001
338 404 1001
294 797 1001
265 408 1001
396 992 1001
131 355 1001
726 882 1000
251 447 1000
5 141 1001
883 968 1001
183 364 1001
909 937 1001
363 686 1001
226 749 1001
462 524 1001
454 512 1001
890 984 1000
58 343 1001
10 11 1001
196 702 1001
214 386 1001
396 670 1001
278 494 1001
380 660 1000
29 860 1001
17 610 1001
761 846 1001
105 640 1001
787 938 1001
65 703 1000
241 612 1001
645 923 1001
262 538 1001
200 471 1001
81 503 1001
141 478 1001
612 750 1001
112 536 1001
166 618 1001
432 729 1001
583 735 1001
220 861 1001
339 543 1001
97 848 1001
84 661 1001
807 995 1001
150 393 1001
98 312 1001
460 997 1001
196 332 1001
163 645 1001
366 762 1001
349 874 1001
20 567 1001
256 822 1001
121 349 1001
85 624 1001
178 624 1001
315 684 1001
462 946 1000
606 634 1001
215 891 1001
380 569 1001
387 878 1001
719 782 1001
435 928 1001
299 896 1001
544 893 1000
742 905 1001
557 728 1001
346 647 1001
913 950 1001
71 744 1001
723 793 1001
891 937 1000
185 728 1001
286 652 1000
79 652 1001
410 487 1001
944 963 1001
152 280 1001
279 433 1001
76 876 1001
153 470 1001
133 424 1001
578 873 1001
78 370 1001
364 910 1001
459 496 1001
330 366 1000
304 962 1001
335 348 1001
561 947 1000
87 774 1001
450 676 1001
242 424 1001
563 636 1001
572 939 1000
4 896 1001
233 914 1001
84 606 1001
886 964 1001
343 658 1001
4 910 1001
437 865 1001
443 738 1001
566 997 1001
28 909 1001
257 563 1001
811 855 1000
211 968 1001
829 887 1001
568 921 1001
250 974 1001
54 986 1001
9 783 1001
201 758 1001
241 479 1001
42 354 1001
828 940 1000
429 899 1001
5 735 1001
105 422 1001
114 876 1001
790 824 1001
404 689 1001
322 874 1001
99 765 1001
539 794 1001
279 365 1001
70 744 1000
554 846 1001
66 308 1001
567 845 1001
364 628 1001
289 300 1000
152 670 1001
826 910 1001
105 272 1001
625 848 1001
552 575 1001
102 441 1001
638 656 1001
207 952 1001
122 984 1001
579 644 1001
207 355 1001
492 725 1001
166 926 1001
526 901 1001
163 454 1001
143 719 1001
727 772 1001
2 309 1001
251 320 1000
410 732 1001
163 877 1001
228 619 1001
548 646 1001
509 649 1001
256 745 1001
27 374 1001
152 542 1001
530 816 1001
47 428 1001
683 961 1001
362 414 1001
345 510 1001
119 806 1001
390 711 1001
923 929 1001
556 694 1001
571 667 1001
390 804 1001
692 947 1001
217 868 1001
580 997 1001
8 909 1001
24 645 1001
271 585 1001
160 281 1000
561 569 1001
446 785 1001
187 262 1001
206 644 1001
397 689 1001
84 147 1000
187 646 1001
322 643 1001
391 947 1001
45 795 1001
58 130 1001
243 971 1001
264 914 1001
77 282 1001
421 479 1001
197 215 1001
59 654 1001
448 979 1001
366 603 1001
242 722 1001
466 482 1001
55 727 1001
610 903 1001
55 944 1001
32 424 1001
578 660 1001
423 951 1001
289 362 1001
461 762 1001
123 885 1001
962 981 1001
351 636 1001
659 897 1001
212 982 1001
512 743 1001
446 559 1001
117 778 1000
243 566 1001
601 961 1001
144 922 1001
678 889 1001
570 598 1001
222 392 1001
608 766 1001
452 593 1001
457 562 1001
109 873 1001
125 957 1001
531 978 1000
854 969 1001
45 160 1001
428 816 1001
248 883 1000
286 742 1001
189 952 1001
315 501 1001
188 551 1001
71 333 1000
335 869 1000
449 921 1001
202 725 1001
320 585 1001
343 637 1001
265 371 1001
1 701 1001
86 897 1001
164 623 1001
530 819 1001
372 648 1001
80 696 1000
77 533 1001
59 922 1001
596 764 1001
834 852 1001
505 721 1000
50 621 1001
24 597 1001
239 582 1001
236 949 1001
105 147 1001
401 476 1000
184 793 1001
335 575 1001
20 185 1001
515 517 1000
25 414 1001
127 401 1001
189 437 1001
477 527 1001
276 623 1001
742 767 1001
412 519 1001
806 816 1001
122 180 1001
170 425 1000
234 381 1001
217 370 1000
162 966 1000
455 629 1001
778 859 1001
692 942 1001
269 326 1001
187 720 1001
234 779 1001
396 883 1001
230 472 1000
89 771 1001
106 485 1001
48 768 1000
494 846 1001
153 533 1001
694 727 1001
95 105 1001
735 992 1001
89 128 1000
788 794 1001
161 274 1001
100 261 1001
438 693 1001
5 32 1001
156 535 1001
70 395 1001
134 934 1001
68 883 1001
715 968 1001
108 468 1001
30 776 1001
672 991 1001
306 541 1001
88 886 1001
154 993 1000
409 448 1001
66 933 1001
521 873 1001
371 783 1000
525 784 1000
27 183 1001
638 825 1001
402 958 1001
754 895 1001
215 926 1001
694 722 1001
270 388 1001
387 859 1001
490 682 1001
489 637 1000
319 834 1001
57 413 1001
142 805 1001
53 371 1001
426 693 1001
508 783 1001
184 730 1001
115 513 1000
211 401 1001
169 771 1001
261 671 1001
904 914 1001
867 936 1000
403 778 1001
807 869 1001
29 646 1001
438 820 1001
276 565 1001
65 134 1001
51 268 1001
306 912 1001
184 484 1001
556 808 1001
115 299 1001
404 845 1001
505 842 1001
814 822 1001
155 435 1001
363 968 1001
235 541 1000
259 915 1000
349 777 1001
53 844 1001
284 994 1001
153 524 1001
7 922 1001
736 978 1001
111 591 1001
25 852 1001
615 763 1001
371 388 1001
3 619 1001
807 956 1001
640 930 1001
125 446 1001
464 773 1001
516 994 1001
507 627 1001
275 598 1001
667 758 1001
833 892 1000
620 685 1001
100 264 1001
702 991 1001
206 892 1001
204 245 1001
93 441 1001
663 890 1000
106 488 1001
165 961 1001
14 917 1001
363 571 1001
6 915 1001
740 966 1001
216 218 1001
472 989 1001
317 794 1001
385 846 1001
194 889 1001
774 838 1001
206 668 1000
281 500 1001
629 777 1001
176 291 1001
100 552 1001
229 688 1001
78 159 1001
362 493 1001
40 608 1001
137 808 1001
329 605 1001
536 936 1000
514 681 1001
80 924 1001
326 857 1001
338 896 1001
597 939 1001
57 907 1001
781 843 1001
122 864 1001
169 646 1001
421 628 1001
310 449 1001
693 799 1001
18 26 1001
463 942 1001
266 468 1001
137 284 1000
323 477 1001
484 849 1001
352 861 1000
314 332 1001
556 909 1001
279 540 1001
546 690 1001
90 172 1001
752 899 1001
140 314 1000
561 738 1001
930 985 1001
33 111 1001
588 788 1001
206 869 1001
31 784 1001
433 552 1001
414 442 1001
46 971 1001
163 679 1001
25 382 1001
622 624 1001
298 787 1001
690 953 1001
99 565 1001
533 944 1001
151 620 1000
207 274 1001
104 411 1001
138 429 1001
40 701 1000
506 686 1001
546 991 1001
536 971 1001
297 964 1001
97 867 1000
12 281 1001
626 857 1001
316 855 1000
426 992 1001
805 917 1001
252 558 1000
604 961 1001
425 767 1001
406 989 1001
41 311 1001
269 505 1001
322 976 1001
304 797 1001
32 215 1001
366 746 1001
82 162 1001
252 900 1001
138 896 1001
68 354 1001
444 740 1001
511 831 1000
28 102 1001
504 957 1001
117 866 1001
197 934 1001
504 673 1001
567 852 1001
169 708 1001
543 932 1001
759 847 1001
257 452 1000
324 765 1001
107 701 1000
120 347 1001
278 425 1001
427 648 1001
347 377 1001
232 865 1001
439 572 1001
873 937 1001
86 569 1001
219 800 1001
269 693 1001
491 514 1001
11 964 1000
439 802 1001
427 491 1001
292 793 1000
12 113 1001
102 319 1001
131 154 1001
565 733 1001
679 722 1001
440 632 1001
218 533 1001
679 770 1001
306 995 1001
477 486 1001
517 578 1001
686 939 1001
101 483 1001
780 931 1000
767 935 1001
179 257 1001
65 83 1000
674 815 1000
82 532 1001
740 864 1001
155 189 1001
343 800 1001
4 628 1001
809 983 1001
157 775 1000
681 737 1001
238 640 1001
67 372 1001
509 866 1001
753 819 1000
246 653 1000
508 875 1001
230 514 1001
301 710 1000
210 508 1001
159 377 1001
8 760 1001
636 731 1001
152 319 1001
340 963 1001
565 880 1000
115 967 1001
457 818 1001
636 800 1001
301 450 1001
144 809 1001
17 263 1001
3 97 1001
362 416 1001
272 878 1001
560 866 1001
146 623 1001
444 853 1001
196 270 1001
716 961 1001
437 854 1001
629 880 1001
422 750 1001
486 859 1001
468 471 1001
159 431 1001
200 219 1001
38 917 1001
870 913 1001
341 546 1001
82 634 1001
85 544 1001
182 495 1001
464 523 1000
216 728 1001
37 59 1000
164 890 1001
56 663 1001
399 839 1001
698 944 1001
617 832 1001
446 860 1001
644 943 1001
711 920 1001
671 754 1001
372 498 1001
406 774 1001
49 338 1001
437 600 1001
146 482 1001
113 259 1001
268 304 1001
90 387 1001
512 598 1001
293 715 1001
277 544 1001
627 935 1001
84 716 1001
720 728 1001
334 462 1000
82 447 1000
313 704 1001
240 272 1000
15 207 1001
141 771 1001
24 223 1001
486 964 1001
477 701 1001
342 775 1001
414 599 1001
22 781 1001
103 251 1000
158 755 1000
246 727 1001
187 578 1001
227 759 1001
140 807 1001
175 784 1001
517 817 1000
725 880 1001
564 842 1000
87 562 1001
4 61 1001
292 498 1001
525 593 1001
269 946 1001
287 539 1001
835 890 1001
150 646 1001
462 661 1001
453 883 1001
556 924 1001
421 515 1001
374 932 1001
578 722 1000
395 741 1001
227 428 1001
24 852 1001
122 263 1001
665 901 1001
293 702 1001
201 857 1000
31 188 1000
18 843 1001
321 567 1001
858 967 1001
170 638 1001
129 965 1001
596 825 1001
89 687 1001
93 244 1001
459 920 1001
7 475 1001
152 920 1001
492 946 1001
102 948 1001
301 698 1001
577 658 1000
140 947 1001
456 876 1001
326 701 1001
611 662 1001
808 890 1001
142 814 1001
207 368 1001
473 676 1001
69 212 1001
601 642 1000
100 276 1001
126 236 1001
219 452 1001
161 191 1001
471 622 1001
254 704 1001
733 736 1001
520 721 1000
369 951 1000
478 528 1000
390 483 1001
616 734 1001
42 612 1001
136 415 1001
384 547 1001
349 592 1001
102 589 1001
561 726 1001
197 543 1001
110 366 1001
86 823 1001
80 969 1001
767 875 1001
43 857 1001
179 620 1001
694 922 1001
316 747 1001
385 631 1001
72 781 1001
172 285 1001
975 977 1001
449 650 1001
761 960 1001
28 118 1001
356 409 1000
356 618 1001
10 423 1001
203 613 1001
428 484 1001
302 578 1001
18 873 1001
705 972 1001
38 298 1001
360 875 1001
87 700 1001
403 901 1001
349 794 1001
220 435 1001
204 621 1001
523 917 1001
388 656 1001
263 698 1001
112 780 1001
96 960 1001
180 899 1001
302 852 1001
281 686 1001
385 905 1001
343 854 1001
416 861 1001
187 215 1001
184 356 1001
694 739 1001
488 860 1001
276 979 1001
162 691 1001
379 570 1001
245 263 1001
184 556 1001
172 640 1001
141 889 1001
655 925 1001
158 428 1001
314 341 1001
215 907 1001
221 953 1001
215 848 1001
19 476 1001
185 699 1001
380 391 1001
182 383 1001
154 992 1001
800 921 1001
435 684 1001
133 311 1001
852 907 1001
374 611 1001
853 972 1001
465 643 1001
847 934 1001
200 897 1001
172 608 1001
243 630 1001
188 412 1001
112 585 1001
622 805 1001
301 550 1001
453 658 1001
84 365 1001
353 795 1001
632 784 1001
214 891 1001
164 968 1001
768 857 1001
83 276 1001
95 564 1001
311 996 1001
200 370 1001
678 804 1001
164 376 1001
429 564 1001
521 884 1001
26 599 1001
437 755 1001
47 975 1001
565 734 1001
340 911 1001
470 927 1001
59 90 1001
79 906 1001
155 916 1001
266 772 1001
305 502 1001
736 886 1001
302 542 1001
533 949 1001
600 866 1001
64 781 1001
215 347 1001
629 720 1001
42 188 1001
209 819 1001
665 948 1001
305 431 1000
513 781 1001
116 310 1001
669 896 1001
19 420 1001
777 868 1001
351 365 1000
512 680 1001
410 792 1001
216 898 1000
7 697 1001
414 938 1001
301 636 1001
512 857 1001
66 680 1001
643 851 1001
50 945 1001
744 790 1001
372 997 1001
118 853 1000
194 742 1001
65 537 1001
811 876 1001
706 769 1001
293 692 1001
10 680 1001
548 708 1001
589 916 1000
484 985 1001
13 263 1000
753 918 1001
292 924 1001
155 440 1001
208 467 1000
802 927 1001
643 870 1001
74 577 1001
279 391 1001
138 193 1001
589 936 1001
306 789 1001
468 810 1000
861 872 1001
525 745 1001
464 678 1001
92 349 1001
632 736 1001
450 952 1001
88 146 1001
17 709 1001
40 976 1000
192 881 1001
9 457 1001
297 963 1001
501 883 1001
427 915 1001
286 750 1001
196 647 1001
350 528 1001
56 862 1001
301 701 1001
135 561 1001
391 510 1001
667 715 1001
712 882 1000
384 488 1001
14 468 1001
229 917 1001
431 703 1000
442 788 1001
114 503 1001
178 582 1001
107 676 1001
20 30 1001
259 331 1001
405 791 1001
167 428 1001
885 916 1001
532 900 1001
295 489 1001
204 561 1001
11 493 1001
288 426 1001
202 275 1001
76 294 1001
705 925 1000
222 825 1001
164 971 1001
95 986 1001
7 201 1001
489 719 1001
848 956 1001
135 923 1000
221 670 1001
77 396 1001
136 246 1001
357 692 1001
280 299 1001
722 900 1001
459 779 1001
520 790 1001
91 923 1001
318 821 1001
268 434 1001
296 363 1001
412 618 1001
356 991 1001
479 812 1000
219 576 1001
311 495 1001
150 854 1001
186 598 1001
500 602 1001
493 552 1001
115 624 1001
262 316 1001
247 505 1001
199 752 1001
569 890 1001
332 715 1001
376 446 1001
264 829 1001
397 991 1001
379 761 1001
158 880 1001
255 807 1000
303 407 1001
82 167 1001
270 983 1001
394 969 1001
72 327 1001
238 969 1001
290 985 1000
373 562 1001
671 930 1001
48 976 1001
392 870 1000
118 120 1001
39 853 1001
302 472 1001
491 901 1001
515 829 1001
773 794 1001
720 986 1001
430 739 1000
351 367 1001
598 882 1001
609 977 1001
60 711 1000
375 562 1001
484 991 1000
380 562 1001
191 726 1001
275 648 1001
921 981 1001
573 962 1000
444 665 1001
99 691 1001
78 312 1001
567 703 1001
242 676 1001
197 592 1001
357 875 1001
496 805 1001
371 927 1001
215 917 1001
30 675 1001
288 890 1001
121 700 1001
365 840 1001
773 997 1001
98 358 1001
685 706 1001
219 805 1001
373 963 1001
376 438 1001
228 442 1001
89 986 1001
61 215 1001
579 856 1001
472 907 1001
440 986 1001
589 886 1001
561 581 1001
156 571 1001
130 160 1001
194 893 1001
368 625 1001
106 420 1001
412 613 1001
301 668 1001
8 880 1001
600 970 1001
8 79 1001
37 322 1001
313 584 1000
43 689 1001
194 383 1001
53 465 1001
618 904 1001
41 603 1001
40 397 1001
547 669 1001
177 561 1001
105 674 1001
164 678 1001
568 842 1001
303 703 1001
295 645 1001
443 868 1001
815 830 1001
246 724 1001
153 892 1001
49 681 1001
440 948 1001
614 866 1001
354 369 1001
878 973 1001
309 888 1001
310 612 1001
405 665 1001
283 685 1000
589 846 1001
479 576 1001
436 935 1001
11 277 1001
332 980 1001
198 415 1001
552 805 1001
309 426 1001
91 863 1001
518 779 1001
772 976 1001
102 323 1001
461 639 1001
138 988 1001
445 834 1001
59 489 1001
208 299 1001
266 497 1001
324 886 1001
589 996 1001
145 626 1001
445 858 1001
262 811 1001
113 506 1001
210 461 1001
317 949 1001
293 312 1001
284 611 1001
230 880 1001
28 307 1001
219 675 1000
301 442 1001
248 514 1001
498 703 1001
50 655 1001
699 825 1001
201 379 1001
30 894 1001
208 216 1001
189 283 1000
370 640 1001
135 622 1001
1 671 1001
676 974 1001
250 596 1001
88 737 1001
121 624 1001
199 332 1001
505 859 1001
177 199 1001
303 859 1001
236 804 1001
172 711 1001
89 282 1001
26 82 1001
331 345 1001
344 777 1001
99 602 1001
853 920 1001
170 760 1001
774 857 1000
119 358 1001
547 961 1001
390 556 1000
864 949 1001
41 350 1001
400 633 1001
453 466 1001
340 512 1001
945 959 1000
19 924 1001
450 636 1001
3 158 1001
472 716 1000
575 790 1001
802 981 1001
282 815 1001
474 984 1001
417 588 1001
367 921 1001
261 497 1001
33 648 1000
437 636 1001
352 442 1001
108 741 1001
538 661 1001
59 387 1001
574 956 1001
241 725 1001
432 526 1001
98 150 1000
174 640 1001
90 496 1001
327 403 1001
431 780 1001
500 931 1001
60 665 1001
842 896 1001
255 723 1001
225 714 1001
561 749 1001
6 864 1001
371 922 1001
278 653 1001
358 455 1001
105 776 1001
43 48 1001
277 768 1001
342 708 1001
172 728 1001
459 606 1001
596 646 1001
115 453 1001
248 647 1001
228 625 1001
269 643 1001
393 771 1001
635 746 1001
507 784 1001
386 583 1001
493 829 1001
596 653 1001
193 406 1001
484 551 1001
75 734 1000
205 648 1001
580 907 1001
414 663 1001
90 713 1001
415 422 1001
532 579 1001
55 176 1001
531 578 1000
565 921 1001
219 415 1000
198 875 1001
549 847 1001
358 487 1001
156 715 1001
136 913 1001
57 475 1001
718 763 1000
538 751 1001
117 131 1001
97 869 1000
254 783 1001
432 576 1001
274 532 1001
236 811 1001
91 514 1001
360 616 1001
8 899 1001
386 688 1000
335 642 1001
243 318 1001
797 862 1001
278 792 1001
17 966 1001
156 429 1001
454 693 1001
368 396 1001
11 536 1001
497 978 1001
497 965 1001
78 318 1001
326 576 1001
31 571 1001
550 581 1001
442 963 1001
291 324 1000
255 736 1001
1 600 1001
537 872 1001
442 634 1001
590 679 1000
608 811 1001
105 409 1001
255 439 1001
674 753 1001
123 762 1001
262 309 1001
16 287 1001
194 222 1001
402 679 1001
811 974 1000
394 626 1001
96 674 1001
92 571 1001
606 999 1000
194 449 1001
441 880 1001
272 442 1001
298 645 1001
58 967 1001
651 956 1001
135 497 1001
45 474 1001
206 646 1001
59 824 1000
312 595 1001
291 671 1001
629 689 1001
226 840 1001
398 929 1001
317 416 1000
247 734 1001
223 383 1001
310 835 1001
528 814 1001
131 367 1001
849 967 1001
49 649 1000
389 593 1001
48 879 1001
198 468 1001
73 191 1000
404 587 1001
534 647 1001
236 658 1001
940 968 1001
271 343 1000
254 692 1001
392 917 1001
428 999 1001
375 805 1001
101 799 1001
723 825 1001
524 958 1001
799 809 1001
193 549 1001
194 305 1001
703 883 1001
67 396 1001
230 505 1001
167 912 1001
797 969 1001
827 893 1001
4 166 1001
142 997 1001
684 866 1001
9 522 1001
468 510 1001
536 882 1001
35 564 1001
187 278 1001
188 472 1001
344 730 1000
555 886 1001
584 725 1001
31 213 1001
474 543 1001
150 171 1001
293 637 1001
519 831 1001
300 427 1001
19 333 1001
96 787 1001
221 850 1001
132 325 1000
340 386 1001
842 871 1000
20 902 1001
805 906 1001
96 585 1001
412 980 1001
723 787 1001
169 395 1001
406 754 1001
866 934 1001
363 576 1001
505 983 1001
226 622 1001
114 238 1001
226 964 1000
958 986 1001
472 598 1001
144 413 1001
402 722 1000
368 376 1001
97 318 1001
53 596 1001
259 765 1001
221 715 1001
625 647 1001
329 500 1001
199 999 1001
497 751 1001
730 745 1001
60 158 1001
700 761 1001
90 242 1001
175 752 1001
274 545 1001
465 999 1001
237 579 1001
115 983 1001
245 390 1001
24 371 1001
350 912 1001
406 819 1001
116 587 1001
185 367 1001
430 627 1001
82 184 1001
866 901 1001
912 983 1001
522 944 1001
77 458 1001
22 949 1001
272 979 1001
450 902 1001
96 360 1001
225 463 1001
172 668 1001
87 194 1001
158 929 1001
498 817 1001
137 364 1001
164 338 1000
412 559 1001
302 966 1001
113 415 1001
177 947 1001
433 981 1001
269 579 1001
715 944 1001
899 949 1001
497 698 1001
296 647 1001
543 782 1001
350 756 1001
113 906 1001
674 962 1001
0 387 1001
13 925 1001
166 697 1001
222 539 1001
21 959 1001
243 843 1001
174 978 1001
231 480 1001
531 720 1001
104 938 1001
309 419 1001
632 744 1001
396 645 1001
102 213 1001
184 656 1001
296 318 1001
409 600 1001
284 676 1001
660 686 1001
142 750 1001
194 414 1001
651 783 1001
954 964 1001
476 974 1001
127 587 1001
466 968 1001
160 264 1001
20 761 1001
55 448 1001
261 628 1000
568 794 1001
767 788 1000
923 939 1001
732 990 1001
85 260 1001
579 585 1001
156 440 1001
358 845 1001
800 937 1001
56 417 1001
2 821 1001
189 260 1001
528 913 1001
356 682 1000
99 673 1001
168 802 1001
4 30 1001
479 804 1001
132 847 1001
558 715 1001
84 385 1001
605 825 1001
327 587 1001
778 868 1001
183 921 1001
520 748 1001
761 899 1001
125 737 1000
239 811 1001
29 696 1001
529 669 1001
465 765 1001
153 932 1000
229 532 1001
363 483 1001
479 540 1001
440 773 1001
633 836 1001
227 414 1001
373 904 1001
41 207 1001
131 442 1001
496 868 1001
542 870 1001
369 920 1001
910 996 1001
301 412 1001
74 331 1001
245 472 1000
599 665 1001
43 253 1000
249 500 1001
437 993 1000
200 811 1001
241 354 1001
302 930 1001
294 784 1001
351 356 1001
356 422 1001
449 974 1001
251 854 1001
64 991 1001
431 638 1001
47 692 1001
8 351 1001
96 259 1001
552 769 1001
60 92 1001
597 817 1001
331 532 1001
750 857 1001
301 530 1001
108 874 1001
55 983 1001
250 967 1001
165 276 1001
368 501 1001
18 594 1001
342 530 1000
266 606 1000
300 710 1001
161 702 1001
676 708 1001
431 690 1001
135 777 1001
349 666 1000
524 912 1001
216 887 1001
739 927 1001
109 499 1000
263 279 1001
5 690 1001
218 970 1001
592 711 1001
625 947 1001
390 849 1001
749 808 1001
18 428 1001
615 652 1001
185 428 1001
361 704 1001
613 871 1001
116 507 1001
308 773 1000
781 829 1001
210 321 1000
286 431 1001
851 899 1001
218 314 1001
337 986 1000
593 939 1001
801 978 1001
78 496 1001
417 819 1001
341 399 1001
604 868 1001
220 256 1001
328 775 1001
567 627 1001
388 600 1001
459 834 1001
793 843 1001
181 630 1001
89 546 1001
744 764 1001
254 819 1001
327 421 1001
346 749 1001
537 705 1001
235 941 1001
59 192 1001
847 953 1001
538 849 1001
90 270 1001
309 961 1001
173 431 1001
181 482 1001
173 292 1001
333 538 1001
266 777 1001
246 884 1001
409 648 1001
446 571 1001
126 491 1001
507 917 1001
768 950 1000
406 673 1001
42 331 1000
593 739 1001
509 936 1001
283 761 1001
72 453 1001
524 690 1001
11 853 1001
161 949 1001
426 506 1001
113 790 1001
422 696 1001
479 575 1001
315 776 1001
516 831 1000
528 936 1001
212 635 1001
17 609 1001
174 921 1001
144 804 1001
658 726 1001
141 600 1001
94 886 1001
128 242 1001
176 384 1001
453 596 1001
167 922 1001
303 879 1001
133 410 1001
279 916 1001
27 849 1001
615 870 1001
0 407 1001
793 862 1001
27 187 1001
691 932 1000
229 313 1001
3 132 1001
522 979 1001
242 495 1001
282 849 1001
218 308 1001
396 954 1001
205 699 1001
191 320 1000
527 877 1001
165 192 1001
733 864 1001
845 875 1001
812 958 1001
138 258 1001
55 688 1001
10 17 1001
94 938 1001
342 653 1001
320 366 1001
129 771 1000
793 863 1001
126 769 1001
279 656 1001
191 481 1000
35 537 1001
6 237 1001
37 453 1001
352 533 1000
701 892 1001
146 378 1001
495 684 1000
585 846 1001
436 948 1001
3 347 1001
255 788 1000
755 849 1001
803 887 1001
558 840 1001
684 926 1001
17 561 1001
316 374 1001
477 935 1001
268 478 1001
121 258 1001
713 961 1001
244 755 1001
227 234 1001
308 334 1001
428 667 1001
760 836 1001
303 846 1001
247 758 1001
282 653 1001
301 828 1001
430 697 1001
297 551 1001
509 697 1001
457 894 1001
43 681 1001
360 736 1001
350 688 1001
72 99 1001
69 139 1001
150 388 1001
611 733 1001
398 581 1001
27 507 1001
191 912 1000
607 998 1000
926 938 1001
219 636 1001
115 800 1001
44 828 1001
24 721 1000
429 867 1001
268 866 1001
209 724 1001
616 695 1001
307 719 1001
72 250 1001
399 526 1001
360 830 1001
126 909 1001
52 561 1001
628 689 1001
243 656 1001
143 755 1001
40 414 1001
60 465 1001
10 373 1001
783 866 1001
333 440 1001
735 832 1001
449 655 1001
20 84 1001
382 718 1001
14 899 1001
334 837 1001
23 929 1001
741 971 1001
353 405 1001
106 812 1001
216 338 1001
536 667 1001
297 638 1001
42 929 1001
502 561 1001
402 739 1001
133 483 1001
278 773 1001
6 314 1001
441 763 1001
499 542 1001
746 755 1000
39 80 1001
53 136 1001
19 969 1001
350 513 1001
199 239 1001
893 987 1001
237 452 1001
391 413 1000
473 800 1001
197 364 1001
503 610 1000
258 908 1001
766 796 1001
31 316 1001
472 632 1001
944 952 1001
706 733 1001
104 299 1001
264 746 1001
353 503 1001
326 876 1001
674 843 1001
189 504 1001
72 611 1001
211 773 1001
286 768 1001
432 557 1001
106 633 1001
548 808 1001
60 436 1001
373 902 1001
109 190 1001
295 355 1000
46 796 1000
254 401 1001
544 605 1001
64 474 1001
129 559 1001
593 635 1001
428 808 1001
604 887 1001
212 447 1001
309 717 1001
293 946 1001
148 918 1001
237 440 1001
91 312 1001
164 805 1001
734 929 1001
178 887 1001
168 300 1000
649 924 1001
89 116 1001
376 710 1001
413 820 1001
18 702 1000
482 927 1001
401 444 1001
51 705 1000
12 447 1001
308 333 1001
702 843 1001
736 999 1001
781 865 1000
408 675 1001
550 640 1001
14 223 1001
131 896 1001
93 272 1001
130 670 1001
172 791 1001
313 480 1001
617 677 1001
567 893 1001
589 875 1001
567 976 1001
634 645 1001
2 961 1001
531 881 1001
285 366 1001
757 942 1001
258 926 1001
346 620 1001
321 556 1001
88 634 1001
388 986 1001
693 820 1001
192 449 1001
156 520 1000
481 904 1001
131 601 1001
244 246 1001
300 303 1001
14 83 1001
594 611 1001
236 858 1001
386 608 1001
196 475 1001
88 912 1001
178 880 1001
955 979 1001
184 469 1001
19 669 1001
284 513 1001
199 994 1001
25 178 1001
879 913 1001
38 985 1001
32 886 1001
743 886 1001
32 472 1001
109 710 1001
79 638 1001
684 952 1001
191 714 1000
416 891 1000
334 651 1001
455 710 1001
403 578 1000
6 744 1001
597 767 1001
506 601 1001
821 866 1001
49 242 1001
80 982 1000
588 782 1001
2 467 1000
68 256 1001
29 303 1001
224 821 1000
810 846 1001
213 963 1001
346 591 1001
574 619 1000
57 195 1001
227 461 1001
888 944 1001
629 643 1001
70 696 1001
298 853 1001
136 626 1001
135 824 1001
236 888 1001
62 575 1001
282 837 1001
353 426 1001
272 892 1001
142 329 1001
725 774 1001
456 652 1001
548 894 1001
114 731 1001
505 605 1001
241 269 1001
106 740 1001
33 596 1001
246 970 1001
643 678 1001
500 604 1001
472 771 1001
175 367 1001
315 393 1001
370 526 1001
47 628 1001
472 708 1001
169 433 1001
274 690 1001
36 505 1001
195 661 1001
672 922 1001
145 954 1001
442 955 1001
258 414 1001
221 869 1001
496 781 1001
316 348 1001
671 762 1001
344 901 1001
503 595 1001
175 379 1001
297 991 1001
349 493 1001
624 830 1001
79 765 1001
90 438 1001
335 338 1001
314 568 1001
265 287 1001
545 957 1001
857 941 1001
14 767 1001
223 305 1001
301 356 1001
517 958 1001
26 475 1001
642 673 1001
133 654 1001
617 668 1000
51 243 1001
508 771 1001
121 922 1001
335 532 1001
167 190 1001
84 945 1001
130 182 1001
491 787 1000
188 528 1001
835 989 1001
124 508 1001
122 794 1001
11 71 1001
484 634 1001
699 726 1001
72 766 1001
160 760 1001
319 673 1001
520 911 1001
117 359 1001
693 876 1001
216 837 1001
197 926 1001
665 825 1001
376 594 1001
848 985 1001
861 899 1001
2 881 1001
117 280 1000
389 554 1000
485 839 1001
14 398 1001
537 570 1001
729 802 1000
383 658 1001
851 871 1001
18 185 1001
71 530 1001
479 844 1001
34 891 1000
120 937 1001
271 764 1001
272 891 1000
510 854 1001
602 722 1001
399 984 1001
965 980 1001
320 696 1001
155 539 1001
528 930 1001
812 996 1001
68 708 1001
594 880 1001
623 866 1001
102 359 1001
339 473 1001
767 879 1001
534 919 1001
559 792 1000
101 979 1001
242 876 1001
410 525 1001
499 685 1001
499 651 1001
1 402 1001
423 619 1001
226 521 1001
113 813 1001
695 802 1001
30 750 1001
10 21 1001
826 980 1001
616 979 1001
147 205 1001
83 268 1001
27 737 1001
219 469 1000
344 837 1001
