100 4950
16 52 1
2 85 11
1 59 2
46 47 7
4 13 2
27 99 5
45 87 4
14 62 7
5 45 7
27 95 11
15 19 2
8 51 7
5 67 6
2 76 2
1 71 1
45 48 10
68 84 11
1 89 4
26 44 5
56 71 1
31 62 5
68 95 4
40 98 4
2 43 10
8 69 1
9 63 4
18 84 11
47 77 3
22 24 8
29 72 11
21 72 8
12 82 3
87 96 8
58 67 9
39 80 5
41 94 11
30 87 4
6 95 4
61 72 8
5 61 3
13 69 7
3 71 8
1 97 9
12 69 3
41 55 6
22 61 4
31 77 9
5 72 4
18 31 10
26 81 3
31 80 5
46 94 7
52 83 4
19 98 3
58 61 5
22 37 8
0 56 3
63 80 8
8 66 8
8 93 5
1 93 9
19 55 1
19 45 3
8 60 9
12 60 4
71 77 1
11 78 10
3 19 9
67 81 10
14 73 11
14 64 6
63 69 2
4 68 4
4 50 1
39 99 6
55 65 2
66 77 1
10 16 2
44 51 10
18 76 9
33 99 6
14 94 11
21 42 7
5 6 3
69 71 10
1 30 6
29 56 5
24 66 2
44 52 1
17 70 4
63 70 4
47 61 8
81 85 1
56 88 3
31 84 4
23 97 11
26 33 9
27 98 5
79 94 10
53 58 6
4 17 6
24 69 1
42 59 1
4 80 11
4 58 1
29 85 1
16 77 1
28 64 1
21 56 7
20 31 3
75 81 3
23 63 6
59 60 5
44 68 10
2 36 1
31 50 2
19 27 4
52 64 10
28 65 9
8 20 6
1 12 8
61 75 8
88 91 4
0 9 6
5 15 4
82 85 2
6 19 2
11 81 9
38 84 9
7 22 3
35 64 9
10 35 3
55 58 10
41 45 10
57 67 6
17 28 5
44 55 6
84 93 2
24 65 7
92 96 5
56 83 2
5 84 10
37 63 2
52 56 7
20 47 5
25 33 5
12 56 6
9 49 8
28 99 6
70 72 5
20 34 6
74 82 1
35 44 2
11 94 7
57 85 10
96 98 7
52 58 4
9 35 4
48 86 11
54 92 5
28 77 4
20 58 1
48 70 5
47 97 3
54 86 9
18 81 5
14 51 7
6 74 10
26 42 6
6 54 5
21 60 10
75 93 3
17 66 4
2 70 5
9 24 9
25 60 1
22 90 8
75 99 3
50 92 9
10 38 2
15 89 3
35 53 1
78 80 6
43 69 5
47 84 9
45 46 10
59 95 8
17 83 4
26 34 6
19 84 8
8 68 9
11 54 7
70 75 6
41 58 7
28 76 5
55 94 2
5 69 11
49 65 6
64 95 8
58 92 9
2 75 5
29 44 2
12 88 7
36 95 3
57 79 10
59 94 1
36 50 3
77 79 9
35 70 6
74 84 1
1 35 3
33 65 2
43 91 7
2 28 10
0 94 10
36 75 2
14 31 2
34 83 6
37 46 8
22 50 9
12 33 11
60 92 9
4 98 10
60 67 1
35 65 10
43 57 8
71 80 5
6 68 11
12 63 5
1 24 10
21 65 8
62 79 3
52 86 9
56 95 5
14 29 7
88 90 10
65 94 1
9 18 9
38 60 1
40 80 10
24 29 10
87 92 5
29 95 10
43 92 5
28 42 1
56 92 7
41 61 8
18 62 9
4 78 10
49 75 1
25 94 4
14 32 4
22 88 7
13 23 9
13 41 10
37 80 8
74 77 4
1 95 6
35 68 11
66 74 7
57 74 10
8 97 4
14 42 9
36 62 4
35 72 8
32 93 11
40 55 7
55 64 5
26 35 3
27 72 7
44 92 4
30 80 1
43 83 1
58 63 6
27 51 6
77 88 2
66 75 3
25 96 9
40 46 11
26 74 6
52 94 2
55 92 10
35 80 1
76 83 3
5 13 7
35 96 11
41 71 2
24 99 9
16 53 4
21 83 1
19 53 10
53 95 11
18 46 9
5 57 5
7 24 1
79 86 7
13 71 11
17 61 10
54 88 8
33 88 4
4 95 8
56 87 4
23 84 10
21 91 1
61 66 4
29 59 10
45 80 5
87 95 8
68 77 5
3 13 7
38 94 9
18 43 9
3 40 9
68 76 4
4 88 6
33 96 5
33 82 11
16 97 8
36 97 4
40 59 5
42 89 8
28 30 11
4 12 4
6 85 7
6 93 7
32 48 1
35 60 3
81 83 6
51 84 11
60 78 10
0 29 4
25 28 2
2 54 8
67 84 5
24 77 10
10 41 2
24 31 5
52 65 8
36 59 3
29 60 5
81 90 6
29 34 2
48 64 11
33 41 4
73 83 9
24 87 4
13 95 4
29 69 2
25 82 3
57 94 2
0 77 5
34 92 11
9 48 10
5 64 6
37 50 1
5 20 6
7 86 5
3 90 11
38 97 9
21 77 1
57 99 3
5 8 11
44 58 6
6 40 4
42 88 9
20 44 8
61 62 10
68 71 5
21 62 5
56 75 6
28 38 6
53 62 1
8 79 5
27 56 4
15 38 8
7 82 8
93 97 11
8 77 3
1 99 3
28 40 4
12 91 10
13 63 6
33 60 1
81 92 5
1 32 10
19 47 6
15 83 5
4 34 10
64 66 1
28 74 7
47 60 8
92 99 6
81 91 7
18 28 3
62 65 9
18 20 8
27 46 11
16 56 6
6 9 8
59 68 9
10 66 6
9 67 1
44 66 9
0 1 11
5 19 3
45 90 11
34 62 4
16 64 4
24 55 9
27 96 6
1 11 4
40 62 3
26 92 10
12 89 5
45 99 4
35 95 10
65 91 1
0 91 10
35 63 6
4 64 8
31 57 10
89 92 8
46 72 10
49 69 7
29 64 5
11 37 4
19 61 10
9 82 2
24 80 4
54 55 5
36 78 6
22 45 4
0 80 7
11 19 1
11 27 6
4 20 1
60 83 4
5 43 8
36 91 11
46 68 3
63 76 11
63 99 10
11 57 6
11 65 4
12 72 6
25 56 11
30 54 8
7 46 7
12 45 2
33 73 11
61 70 10
42 57 3
17 41 4
32 75 2
18 41 10
15 79 8
34 38 3
12 28 11
40 45 2
53 87 3
58 84 4
60 71 5
37 43 10
5 79 11
41 72 9
26 27 8
59 89 2
6 51 7
5 14 11
1 6 11
39 42 11
27 31 8
58 86 11
17 45 11
67 85 9
62 68 8
3 70 2
30 93 4
8 57 6
48 76 11
27 47 2
20 61 1
70 85 7
4 28 2
3 76 1
16 59 9
27 53 3
17 48 4
56 62 1
34 55 3
1 69 1
86 97 11
38 53 6
26 54 9
72 81 8
9 64 11
47 89 7
73 85 8
62 75 8
39 77 1
20 40 1
29 65 9
34 40 7
42 84 11
20 79 9
7 95 3
62 70 6
0 37 11
11 50 8
55 67 2
37 73 5
53 97 8
22 39 11
26 82 2
95 97 7
73 93 8
8 99 10
18 53 3
2 16 2
75 85 1
4 22 1
34 74 5
38 59 8
48 87 10
4 93 2
44 46 6
54 99 8
53 89 10
64 93 8
34 39 11
54 67 4
19 75 6
24 95 1
27 38 7
47 92 10
12 35 9
11 74 3
50 53 3
66 81 9
11 46 7
16 55 6
54 81 9
65 82 5
5 12 4
17 84 11
21 33 1
8 53 5
10 45 7
11 36 10
21 52 5
55 99 6
43 53 4
55 78 9
34 87 3
59 78 3
47 59 11
21 97 11
64 72 6
12 54 2
37 72 3
68 81 4
13 85 1
15 26 8
51 77 2
5 17 4
65 73 9
50 64 3
16 36 11
41 52 5
43 78 6
12 23 8
38 44 9
19 30 5
41 73 8
32 34 6
77 86 5
25 83 4
3 22 3
28 97 2
9 86 5
40 95 6
51 97 5
21 24 6
16 99 6
49 59 2
3 89 5
46 98 6
18 75 11
13 74 3
58 89 10
29 87 1
12 20 8
22 29 9
5 98 7
72 92 9
49 73 10
54 63 8
42 45 9
67 74 8
8 47 9
7 9 7
61 99 4
38 93 7
12 80 7
76 81 1
1 2 10
56 64 9
39 68 10
14 36 7
28 63 5
12 78 9
34 51 3
23 51 4
0 96 5
5 77 9
40 61 3
46 48 6
24 35 7
27 90 2
23 48 7
48 79 5
32 53 1
50 72 10
77 84 11
31 55 1
7 94 4
47 55 6
39 69 8
34 88 6
18 82 5
51 59 11
29 46 11
50 75 10
30 69 2
24 83 8
55 73 7
46 96 2
17 96 9
69 83 11
35 92 10
62 80 7
7 80 10
50 99 10
0 43 11
40 93 1
41 85 10
47 62 6
69 78 6
27 82 1
36 69 11
33 49 2
2 68 8
39 67 7
15 75 7
41 84 3
55 56 11
20 83 9
18 90 7
19 26 8
64 82 1
20 52 8
42 66 5
3 67 4
35 84 10
16 71 4
17 44 2
27 30 1
47 98 10
45 69 7
2 41 6
49 94 5
25 42 3
31 81 9
0 48 8
60 75 5
51 57 11
13 76 7
2 78 6
0 62 1
87 91 9
4 96 7
50 74 4
64 88 6
7 51 9
60 77 9
10 50 11
48 65 6
17 59 2
44 70 6
7 87 8
14 57 6
67 72 11
36 49 4
38 80 4
17 55 8
37 90 10
5 86 5
10 73 10
44 56 5
23 60 8
85 87 4
82 92 3
41 44 8
75 79 9
79 89 1
11 21 4
24 92 1
31 79 7
6 15 4
82 91 1
34 97 11
62 88 8
84 85 6
1 62 2
3 5 10
12 44 1
42 70 4
17 31 3
19 21 4
6 78 2
86 98 5
19 34 4
53 60 3
2 50 1
60 64 5
78 99 4
28 46 1
42 54 11
5 33 9
16 61 1
67 77 1
69 86 6
22 69 3
12 85 1
26 49 8
11 33 6
37 71 10
18 47 6
62 87 8
14 35 7
31 60 7
36 53 1
82 95 4
14 41 3
11 89 9
28 95 4
38 42 11
28 68 6
27 97 1
6 41 5
3 29 8
11 61 11
14 26 8
29 93 10
39 56 5
53 67 8
20 98 2
10 69 3
24 74 3
40 53 4
24 61 7
51 93 8
77 99 5
10 94 6
40 57 11
52 78 1
21 22 9
13 46 2
56 84 6
23 26 7
61 88 2
45 97 3
11 64 11
0 72 3
38 71 11
33 75 9
76 90 8
15 66 4
74 99 2
53 65 7
15 56 8
1 73 3
19 46 10
40 64 5
35 88 2
1 63 9
2 51 5
12 64 5
38 57 6
48 82 1
38 39 7
27 45 2
6 8 3
19 67 8
68 94 1
84 90 8
76 79 7
53 88 8
10 68 3
52 53 11
69 85 10
91 95 5
25 46 8
15 78 11
52 74 11
9 76 8
15 31 7
46 82 11
72 86 4
79 98 6
56 86 8
17 19 2
51 69 11
41 75 9
53 77 8
37 48 7
58 72 9
46 71 3
20 72 4
47 78 2
53 66 6
22 68 7
12 48 4
24 79 6
7 35 3
22 59 3
57 95 6
0 61 7
12 62 4
26 43 10
27 79 3
49 82 6
50 66 2
36 60 9
15 51 11
18 77 11
57 75 9
67 99 5
8 22 11
15 50 1
15 98 2
30 56 6
58 95 6
64 86 11
41 98 7
6 70 1
10 96 9
39 46 6
31 75 1
36 70 4
25 70 7
39 71 11
9 93 3
6 57 10
12 51 10
64 79 11
26 98 4
49 86 4
35 79 11
43 54 6
59 85 4
19 20 2
26 71 11
59 62 11
34 67 6
77 92 4
6 71 10
5 44 6
51 99 4
89 95 11
5 47 4
25 54 1
12 74 10
23 35 7
17 95 8
90 91 10
25 27 7
22 31 3
52 55 3
18 73 10
16 22 8
52 68 11
39 91 3
58 65 10
76 86 8
30 32 8
89 98 7
8 91 3
23 54 6
64 83 5
49 53 11
29 71 11
8 96 3
11 93 7
23 98 7
77 95 4
43 81 11
2 15 3
25 95 4
42 46 8
7 23 3
83 84 1
8 63 1
36 41 6
26 86 4
71 95 3
38 46 3
27 60 9
1 58 5
27 68 2
7 79 9
24 88 8
3 57 3
17 64 3
14 47 7
2 62 3
62 86 8
34 81 10
67 69 8
57 80 8
51 56 3
81 86 1
41 53 2
24 96 5
45 89 6
1 72 4
41 83 5
40 96 7
11 68 7
15 48 2
36 45 1
70 99 2
9 73 7
21 36 9
44 96 6
76 77 6
54 97 9
59 87 1
31 74 8
21 67 10
9 71 5
55 85 9
10 23 1
24 82 11
6 44 6
28 43 2
16 27 10
15 47 11
53 79 9
86 91 3
30 68 11
19 88 10
50 76 9
25 40 10
22 85 10
83 93 10
9 21 6
36 79 2
11 48 6
18 83 4
3 25 4
59 61 7
13 61 3
13 16 11
56 63 4
66 89 6
4 91 4
38 63 7
72 88 11
14 20 5
0 87 8
36 94 3
23 32 10
10 48 3
6 10 11
7 73 6
68 73 9
49 95 11
3 58 8
21 51 11
11 20 10
29 31 3
49 88 7
33 66 11
11 76 7
33 81 2
69 70 11
35 67 4
17 90 3
19 90 9
16 62 2
94 96 8
10 15 5
16 46 2
43 94 11
42 67 11
74 89 3
9 51 2
70 83 5
15 88 11
43 85 7
4 79 4
79 95 5
46 75 6
2 24 8
5 88 6
14 83 1
6 20 9
29 81 1
0 24 4
43 56 2
48 69 1
48 58 6
28 35 9
20 50 6
41 82 11
31 32 9
71 74 1
3 74 7
19 80 5
13 14 10
30 41 3
25 79 1
11 87 3
69 79 10
44 81 3
21 23 4
67 87 8
21 57 10
25 36 5
64 70 5
31 98 3
22 35 8
35 52 3
40 60 8
60 62 3
4 24 9
48 60 4
33 78 8
27 37 5
69 99 7
89 96 7
46 80 3
15 44 2
5 23 4
29 91 6
34 99 5
88 92 8
58 59 9
61 79 4
25 64 1
19 87 7
13 40 1
63 71 8
32 51 4
34 98 10
37 56 4
18 57 3
19 96 9
11 88 9
6 60 6
29 98 11
6 42 7
43 66 3
25 43 8
30 57 7
52 61 7
26 41 10
9 46 11
12 94 7
3 64 1
41 92 11
10 86 8
73 87 3
64 89 6
26 66 4
41 49 9
43 47 7
13 59 1
66 79 3
9 80 7
4 21 10
44 88 8
29 49 8
27 43 7
89 94 4
28 31 8
11 55 7
10 65 6
88 94 2
19 38 7
46 54 1
1 98 4
48 83 10
72 89 8
58 64 2
27 71 9
7 71 11
11 49 6
46 64 6
0 79 7
19 48 9
31 67 6
27 49 6
2 8 6
38 61 8
78 92 5
12 17 10
45 73 10
81 87 10
30 71 11
39 44 4
43 44 8
34 47 3
62 93 8
41 76 8
22 46 2
31 68 7
62 77 5
41 78 10
85 98 10
0 6 3
36 99 3
32 44 1
32 73 4
50 79 11
0 18 4
82 99 5
26 78 1
51 63 3
53 54 11
13 98 8
22 54 5
12 30 2
30 45 11
7 70 9
2 21 8
30 53 10
12 70 11
18 19 4
16 19 6
7 58 11
5 11 5
40 99 5
6 61 4
8 46 4
38 72 4
19 77 10
28 92 11
32 90 2
58 83 5
24 25 8
71 92 8
43 63 6
6 36 5
38 79 7
0 85 8
31 46 1
78 98 9
8 13 5
7 36 6
1 77 2
39 51 4
32 50 3
23 90 6
34 86 11
52 77 3
37 94 4
45 62 8
69 94 8
67 98 3
72 85 4
2 6 5
2 27 6
51 54 1
42 62 11
7 72 11
65 83 9
2 10 7
6 45 3
11 95 8
3 9 1
57 59 9
50 62 6
13 82 10
67 76 11
28 61 4
25 86 4
39 89 2
46 53 11
12 27 2
33 80 7
14 49 10
7 64 7
54 69 4
30 76 4
20 94 5
0 16 3
44 63 4
49 96 5
39 61 11
15 62 9
42 73 8
9 13 2
37 82 1
85 93 5
58 68 2
25 88 3
49 92 8
33 93 7
0 98 11
56 81 8
77 96 3
12 86 9
1 86 2
14 78 10
48 85 3
47 71 9
28 87 5
64 90 1
60 87 4
16 30 2
87 98 6
43 61 7
3 28 3
30 52 1
58 88 4
94 95 7
8 14 6
31 78 7
20 37 9
5 65 11
51 94 8
16 57 4
23 77 10
69 77 6
1 68 6
31 91 6
38 58 2
53 57 10
53 76 3
27 84 2
72 90 7
18 39 9
47 68 3
74 80 7
9 69 5
32 99 1
6 38 9
88 96 7
16 63 7
17 23 9
22 33 4
11 25 5
55 96 8
22 32 2
23 65 4
24 40 3
50 82 8
23 83 2
6 92 8
28 88 10
5 80 9
68 83 11
9 85 6
15 67 10
48 91 6
26 72 7
20 39 10
9 84 7
12 71 11
39 87 2
59 98 1
82 97 1
6 35 7
50 58 6
38 62 6
47 58 2
49 93 1
29 37 9
35 98 1
52 69 9
9 47 1
29 82 1
20 78 8
0 64 11
54 70 8
51 91 2
10 30 9
21 37 11
38 77 11
6 33 2
71 98 1
11 17 4
39 75 2
48 95 1
1 75 5
7 83 6
17 51 6
4 92 11
7 59 7
52 75 9
28 69 6
0 99 11
9 42 9
14 82 8
80 82 4
66 87 2
17 53 8
39 74 11
76 78 4
11 90 4
78 90 5
14 87 4
55 98 5
15 82 10
5 52 10
13 60 9
9 45 2
10 36 6
64 91 3
12 24 7
83 92 4
59 88 6
53 99 5
27 81 3
4 26 2
1 94 9
10 89 9
82 94 6
20 89 11
5 58 4
39 64 11
4 61 10
32 56 5
33 97 4
17 57 3
62 91 2
29 75 9
9 36 4
72 82 5
24 52 8
25 41 6
4 40 1
44 80 9
9 31 2
42 98 8
12 49 9
4 76 5
24 63 5
39 86 11
62 82 5
26 87 10
41 56 7
66 78 3
28 98 2
6 17 9
11 28 9
50 97 3
21 47 6
11 53 6
13 72 10
26 76 4
88 89 7
1 46 2
6 76 7
25 51 10
49 68 4
8 26 5
22 36 9
52 90 6
5 92 3
61 71 9
24 32 3
44 78 9
30 61 11
30 92 9
19 93 6
50 63 9
29 43 5
47 99 5
90 93 10
3 73 4
25 92 11
26 80 3
33 56 4
9 50 10
10 20 10
50 55 10
42 77 8
20 54 6
6 98 9
4 45 4
40 82 3
0 38 4
11 63 7
24 93 11
27 41 2
16 74 9
76 93 6
35 58 9
70 82 7
62 76 6
70 86 10
37 89 3
44 57 1
81 99 7
45 51 10
30 31 11
21 48 2
58 69 1
0 76 6
57 66 5
38 92 1
14 27 11
10 87 6
50 90 11
41 79 7
18 65 9
27 35 6
24 91 9
69 84 11
35 55 3
25 76 2
13 99 1
9 14 2
31 85 7
26 60 4
6 82 2
43 98 4
13 70 6
63 83 9
69 81 5
61 95 6
3 24 2
75 95 1
14 34 10
42 93 3
83 94 6
9 74 4
16 37 7
17 46 8
12 16 3
34 66 10
54 79 5
28 53 10
9 15 8
19 57 1
54 75 6
75 84 1
19 73 5
7 68 11
23 88 3
93 96 1
32 94 5
47 96 3
42 90 11
6 29 1
13 75 11
22 72 11
14 24 11
25 35 4
22 23 11
2 74 7
4 15 5
68 69 7
49 67 11
79 83 9
87 89 1
21 85 7
59 74 10
37 93 1
17 69 7
10 22 8
15 39 7
78 97 11
30 38 3
92 98 2
37 74 3
82 86 3
49 72 11
17 27 3
4 57 3
38 95 9
57 92 9
41 89 10
50 68 11
6 55 7
74 90 3
38 75 7
6 30 3
73 84 7
60 85 9
34 42 8
72 75 6
49 56 7
37 66 8
15 94 9
7 81 11
28 32 1
4 69 7
1 65 7
8 40 2
67 92 5
31 99 4
38 50 2
43 80 11
37 96 5
12 77 4
15 63 7
68 93 6
84 92 4
14 16 5
15 30 7
5 95 5
27 77 9
25 30 3
23 67 6
29 61 5
56 67 9
54 60 6
22 78 2
23 40 5
7 85 6
51 75 11
78 89 5
19 23 10
68 98 2
96 99 5
10 74 9
39 63 7
46 92 6
0 41 2
33 38 4
23 94 4
43 88 8
34 79 11
55 86 6
11 69 6
1 61 5
20 62 8
8 86 9
70 95 6
66 91 11
8 38 9
56 66 11
4 73 7
28 39 7
45 70 6
3 8 10
10 83 2
87 93 5
22 81 2
25 34 4
20 69 2
34 46 7
69 98 11
10 26 1
31 43 11
35 37 9
67 80 6
12 26 6
32 36 8
28 66 7
67 93 7
8 58 2
15 69 4
16 81 11
68 82 6
68 86 7
30 65 7
35 94 3
22 28 1
10 34 5
41 66 9
1 78 4
2 59 10
2 67 1
16 25 7
23 66 10
18 58 11
85 97 2
38 78 2
27 28 8
8 92 3
6 81 5
61 98 6
21 55 4
48 98 7
10 85 1
12 59 2
23 46 3
59 64 5
12 93 10
11 32 2
32 98 8
17 22 6
48 97 10
8 49 8
16 58 4
52 87 7
7 8 10
53 70 7
18 88 9
59 63 11
14 39 5
58 90 4
6 43 6
69 97 3
34 56 3
24 49 8
8 70 4
69 87 4
4 75 5
16 17 7
13 88 2
34 91 7
79 88 3
75 87 6
16 96 6
12 38 2
53 74 3
23 36 4
11 29 6
49 85 3
84 99 2
11 66 8
76 87 7
31 94 9
24 62 11
51 80 9
58 74 10
14 86 6
80 94 4
14 17 6
48 68 5
51 78 1
85 95 3
56 59 5
62 66 4
31 66 4
85 92 4
27 94 5
45 67 3
2 96 10
30 77 3
69 75 2
63 89 3
10 61 9
7 97 1
9 28 10
38 68 8
5 81 10
68 75 7
21 32 10
3 81 6
14 99 6
13 31 9
37 68 9
32 68 7
4 5 4
49 55 3
23 57 5
11 96 5
28 96 8
20 93 8
24 27 2
9 37 11
25 87 10
32 54 1
29 35 7
14 37 8
80 83 8
11 83 8
59 66 10
23 62 10
2 98 10
11 18 5
35 85 10
36 63 6
4 74 7
48 66 9
38 74 8
36 55 8
34 71 3
48 81 9
7 18 11
16 54 10
22 95 7
20 77 4
15 64 5
9 92 4
16 80 10
51 88 1
67 89 5
61 96 7
42 55 11
29 48 2
39 72 8
45 65 7
37 69 3
43 93 3
13 37 4
71 88 9
3 69 2
18 50 5
18 93 5
15 24 5
89 99 10
84 89 1
9 95 8
53 86 2
18 94 11
5 90 1
66 67 7
50 60 8
17 24 6
29 63 9
32 80 2
0 55 11
2 34 9
33 69 4
16 69 6
18 72 11
32 66 9
68 80 8
33 83 3
25 66 1
19 22 11
27 42 4
13 42 7
38 91 11
66 83 7
57 73 4
73 81 7
20 67 6
61 85 4
7 60 9
58 87 7
55 91 3
53 90 10
67 96 7
2 80 7
2 13 1
46 61 7
51 73 4
43 64 8
13 44 10
11 71 6
15 65 3
13 45 8
15 57 5
43 70 10
10 18 8
29 89 7
74 86 2
1 84 2
27 57 1
58 79 1
42 83 4
24 67 8
55 89 10
40 88 2
49 71 3
62 73 9
14 22 1
15 22 11
49 90 6
25 89 5
62 97 10
37 49 5
10 55 3
70 88 2
23 49 1
43 60 4
0 7 5
35 71 7
30 46 10
37 64 9
35 36 5
46 56 6
23 69 1
0 74 2
65 75 3
71 79 3
16 91 8
63 75 9
6 75 4
25 49 6
41 77 4
5 74 11
23 45 7
28 85 4
18 51 1
11 30 7
55 81 8
7 10 5
9 56 7
33 55 5
14 70 5
55 83 6
52 63 10
11 75 6
57 63 11
24 94 2
75 86 7
35 93 6
9 32 1
0 36 10
31 49 7
44 79 8
27 63 11
11 59 7
19 68 9
12 40 11
41 69 3
18 66 3
30 73 7
70 87 3
6 25 3
1 74 2
31 44 6
16 28 9
23 53 2
2 97 3
27 70 5
73 97 7
79 93 8
5 21 11
37 53 9
45 81 2
19 97 8
47 64 7
41 87 1
4 90 6
81 89 5
1 55 1
32 95 3
73 76 4
32 96 10
36 77 11
22 76 10
51 66 9
73 74 6
26 58 8
14 98 8
36 54 11
4 60 3
10 99 4
58 76 8
52 80 1
44 49 9
51 90 2
47 93 2
50 56 1
28 49 6
35 86 10
3 48 3
3 96 8
70 79 10
87 90 8
6 59 8
26 38 2
25 91 5
12 18 7
63 92 10
10 95 1
20 81 8
21 87 11
0 45 2
17 74 6
4 46 7
4 65 6
26 51 1
17 29 2
16 65 10
32 62 9
73 95 6
34 61 7
37 65 11
26 32 10
22 43 9
61 74 3
14 97 7
23 41 1
2 29 4
80 87 10
29 39 2
52 99 5
60 81 9
37 38 9
59 83 7
41 47 8
0 88 9
19 41 7
19 42 6
23 59 10
64 77 9
9 94 11
74 78 4
27 59 2
57 98 2
20 49 8
38 69 1
7 41 6
59 72 5
34 75 1
2 60 1
14 84 6
2 32 5
6 28 11
97 98 7
37 84 10
11 79 9
43 67 9
10 51 2
50 94 8
83 89 5
64 87 6
48 52 6
12 21 9
30 33 8
33 37 9
13 84 9
19 29 4
15 95 2
2 79 7
10 90 7
7 88 7
14 28 5
48 84 4
10 78 2
0 63 5
73 79 3
16 31 6
64 75 2
62 78 6
61 69 7
37 91 4
40 56 6
17 89 7
47 76 2
41 64 4
29 73 7
47 50 6
62 96 9
27 50 10
40 87 11
7 44 8
12 83 8
48 78 9
49 78 11
14 56 2
38 99 6
47 72 1
5 50 8
44 72 1
18 74 8
22 62 11
7 40 6
15 74 9
3 93 11
7 63 1
10 27 10
15 21 1
15 33 2
1 22 8
41 65 5
76 94 7
31 45 11
10 77 2
17 49 8
49 61 8
83 97 1
14 72 3
32 60 2
34 90 7
44 69 5
31 33 7
1 31 4
64 74 9
69 88 5
56 98 8
12 95 2
41 43 8
7 66 11
43 89 11
30 91 9
79 90 5
22 75 5
45 53 11
21 88 4
56 90 6
49 81 1
25 72 8
44 77 10
51 98 5
17 50 9
38 87 9
34 68 10
30 35 11
63 86 2
18 78 5
9 68 7
37 86 8
47 74 11
17 52 11
9 29 11
9 10 1
28 80 5
24 56 7
57 97 1
21 74 8
5 78 1
3 88 2
92 95 2
36 89 1
50 85 5
52 70 5
38 76 4
1 79 7
36 52 10
57 86 11
4 41 10
38 51 7
62 74 3
36 83 1
20 65 8
13 38 7
4 30 9
9 65 1
51 58 6
51 96 10
10 39 3
2 25 9
1 41 8
39 97 10
33 58 11
79 80 2
25 69 2
25 32 5
46 83 6
41 88 7
1 34 5
30 40 11
0 21 4
40 47 11
24 70 8
27 55 9
3 51 9
4 89 10
9 22 2
78 83 11
4 44 9
51 89 11
7 21 5
32 38 11
19 70 4
66 94 6
8 25 4
57 78 6
23 73 2
13 96 4
65 89 10
10 17 6
26 96 3
18 37 8
3 75 2
78 88 2
20 63 10
77 98 9
18 21 1
4 18 11
37 57 9
13 66 8
93 99 8
28 89 9
30 97 3
54 56 11
44 64 11
2 44 4
56 79 2
30 81 5
35 91 3
7 89 3
52 59 6
7 37 4
1 14 9
23 74 3
54 93 4
80 84 8
1 36 2
43 55 9
72 80 10
12 73 3
83 88 11
23 89 5
2 31 10
64 81 1
80 97 11
38 82 3
3 26 2
38 40 6
71 75 6
67 82 1
86 90 4
35 54 6
5 27 3
52 67 2
39 70 8
83 96 5
54 82 7
42 74 7
0 51 11
13 24 6
14 52 10
41 42 7
86 89 3
36 65 8
0 73 11
33 74 1
16 60 2
33 89 11
42 60 2
85 91 4
23 38 2
8 33 11
55 76 9
67 68 5
35 66 11
49 57 9
7 47 7
27 29 7
9 78 4
63 82 11
32 52 6
24 41 2
88 97 6
8 28 9
17 34 10
11 45 10
58 78 3
2 66 2
26 83 6
18 70 4
6 58 10
24 71 11
1 80 9
66 93 6
34 54 6
36 81 5
42 51 6
10 46 1
15 46 8
63 90 11
21 35 4
22 89 6
5 68 4
15 55 3
4 51 6
46 52 2
54 66 5
55 70 6
18 59 2
86 95 8
32 40 4
64 96 3
27 80 9
16 75 7
49 70 10
21 59 5
1 52 5
35 56 4
86 99 8
28 45 9
23 70 2
47 48 1
49 76 11
38 98 7
7 96 11
49 89 11
54 80 3
31 92 3
20 28 9
15 18 4
47 54 11
69 91 11
45 55 7
85 86 6
67 95 5
11 26 3
53 71 9
62 63 8
3 34 5
3 27 9
7 25 2
1 81 6
0 86 7
13 55 7
40 85 6
61 78 9
65 96 4
51 64 4
45 47 6
72 95 3
33 64 5
8 50 8
17 98 10
10 52 8
13 67 4
21 80 3
14 18 2
30 82 4
35 49 7
1 29 4
2 94 6
3 10 6
4 56 9
10 82 3
65 68 8
49 77 10
94 99 9
64 73 11
37 51 8
9 87 4
11 23 3
16 24 5
15 90 11
7 50 5
66 85 8
80 91 3
40 92 3
5 89 3
34 94 6
65 76 2
74 94 6
30 39 4
44 85 9
43 52 11
77 85 8
61 73 6
68 70 5
27 40 8
60 76 1
60 96 3
59 81 1
16 44 5
65 78 10
43 90 2
17 78 9
0 33 11
6 63 11
21 28 6
69 93 4
12 29 4
4 33 6
17 38 1
22 84 10
23 96 10
9 97 10
45 92 11
26 61 11
80 99 5
4 9 10
2 45 10
54 73 5
71 83 1
30 59 7
16 47 6
38 64 8
19 56 7
29 99 8
6 96 1
20 73 4
87 99 3
22 38 4
40 74 1
67 86 8
13 91 1
28 78 6
49 60 11
32 92 8
12 42 2
7 33 10
18 85 6
29 80 11
79 99 11
0 81 5
12 32 8
26 59 2
50 83 4
28 73 1
24 28 7
12 55 6
67 90 11
1 25 3
42 52 11
48 67 9
33 68 5
33 50 7
13 29 1
21 76 6
1 43 10
4 38 5
42 81 2
38 66 9
62 81 6
50 91 3
10 81 10
18 87 8
17 88 11
45 57 11
12 65 9
21 69 10
82 83 6
28 94 4
2 38 10
84 97 5
39 82 2
13 32 8
40 94 11
18 52 2
20 74 7
68 97 11
2 99 1
7 39 2
0 60 5
8 64 1
10 84 10
0 46 6
7 98 6
10 58 1
18 40 2
18 30 7
7 34 4
5 59 7
55 80 3
20 42 2
15 27 3
38 55 6
47 51 2
29 32 3
48 94 2
32 35 8
3 97 3
9 23 2
6 31 8
19 86 9
55 69 9
56 94 9
1 26 6
29 41 5
1 10 9
23 80 8
8 85 11
14 55 11
64 80 6
3 65 8
49 91 2
45 98 3
28 79 1
21 34 1
57 68 8
32 82 3
45 60 10
46 90 5
68 99 10
23 34 4
25 55 9
40 49 10
18 69 7
47 79 10
35 45 7
0 75 1
43 75 1
23 30 7
43 74 2
50 81 4
11 40 10
69 89 2
25 73 8
47 85 7
28 93 2
75 88 7
19 81 10
5 16 7
20 76 9
57 65 2
17 91 8
18 56 1
63 78 6
52 62 6
32 55 8
90 97 2
43 82 10
18 48 3
49 83 5
45 68 4
2 55 3
66 96 5
15 36 6
65 79 1
21 45 10
70 74 5
34 49 3
33 47 4
42 78 10
42 44 11
22 66 10
79 82 2
10 53 10
74 97 2
11 58 10
8 78 9
0 25 1
50 93 3
28 34 2
24 46 6
44 61 6
56 91 1
37 40 4
12 19 3
60 95 3
18 55 5
11 56 4
33 87 4
61 84 3
36 90 6
60 82 1
81 88 10
20 35 11
40 81 8
39 53 8
36 72 2
5 96 10
60 89 7
9 81 4
20 71 8
60 90 2
28 72 6
19 44 11
41 90 4
40 70 5
26 89 6
25 57 4
1 33 2
32 91 2
20 33 10
10 44 3
1 64 6
0 20 5
47 87 6
11 82 4
51 52 9
15 80 10
23 55 9
3 95 10
55 63 9
25 37 5
18 95 5
0 13 5
53 83 3
33 48 10
29 58 9
19 99 2
71 72 10
58 93 10
8 80 7
39 57 6
81 98 7
45 52 2
3 60 3
62 92 7
6 49 5
74 98 10
0 14 4
33 35 2
36 39 3
6 77 8
30 96 8
45 79 1
7 12 8
85 88 6
54 91 2
6 66 4
54 58 10
55 88 10
53 91 6
21 50 1
59 91 11
67 97 11
42 68 3
1 90 5
18 36 8
2 84 6
14 92 8
49 51 1
33 34 7
21 68 5
40 43 10
0 82 2
23 91 6
39 48 7
47 53 8
21 27 2
47 95 10
12 66 5
0 28 2
44 98 3
16 76 1
19 50 2
47 65 4
21 31 6
0 83 5
8 35 4
69 76 6
32 71 2
27 73 4
48 55 10
10 54 11
73 75 9
0 11 7
23 92 6
27 69 7
56 93 1
6 91 3
53 78 8
6 26 9
63 72 1
57 93 1
54 78 11
20 68 11
0 89 10
35 48 7
4 86 11
7 43 11
36 85 2
27 86 3
0 65 3
0 92 6
37 95 2
52 81 6
40 77 9
20 59 8
49 80 5
52 84 3
33 95 9
5 87 9
1 3 1
26 48 5
26 67 8
34 84 4
61 64 4
21 43 4
25 74 5
33 67 6
0 59 1
60 86 1
35 39 3
47 63 8
52 85 11
37 77 8
14 69 9
35 50 10
12 46 8
38 48 9
9 27 6
13 80 6
22 64 9
59 70 9
11 92 8
8 98 3
20 88 11
4 14 2
17 92 1
25 67 11
11 43 5
33 45 5
16 33 8
5 82 5
27 89 5
49 74 8
3 4 11
0 70 8
4 84 6
12 57 2
18 25 2
39 54 2
66 82 7
58 60 3
29 40 7
16 45 4
33 98 3
77 90 4
0 27 10
6 65 3
10 29 9
4 36 8
48 90 6
26 39 5
20 36 8
11 67 11
68 85 4
14 71 4
32 46 7
16 35 7
34 96 6
70 80 2
20 55 3
39 98 10
34 57 2
27 58 6
26 40 9
19 74 7
50 73 10
18 38 11
15 25 10
34 60 5
11 85 11
32 78 4
73 96 8
1 9 9
12 75 1
6 24 8
36 44 10
29 62 11
40 73 10
17 54 9
44 47 8
54 85 4
64 78 10
53 63 8
0 44 7
55 75 2
53 85 3
28 52 7
16 20 9
11 13 1
69 73 6
24 45 7
8 18 4
41 57 4
4 55 5
32 67 7
37 67 5
30 36 7
70 76 3
51 71 1
15 85 11
47 69 2
46 67 1
89 90 4
5 54 4
46 74 10
71 78 4
5 7 1
68 92 1
5 70 8
34 41 9
9 12 9
73 80 10
2 18 10
0 2 5
0 58 8
25 63 1
11 77 10
58 80 8
17 76 9
29 97 7
31 97 11
58 73 7
26 99 6
38 47 4
60 93 11
27 88 2
7 55 1
16 73 11
55 72 9
81 97 10
57 77 7
11 39 10
24 34 3
30 83 7
15 87 2
31 37 7
49 87 5
17 80 3
63 84 11
59 71 9
9 54 3
59 82 3
23 79 1
27 62 3
67 75 8
17 37 4
19 52 11
47 94 9
5 32 4
28 51 1
10 72 8
39 81 11
48 74 10
4 99 6
64 98 7
45 91 8
15 77 5
3 78 6
60 70 9
61 94 9
14 79 3
38 54 4
46 81 9
78 91 9
26 73 10
48 75 4
35 42 4
40 66 4
74 91 5
33 39 3
76 82 2
80 93 4
48 80 10
60 65 6
46 95 10
36 37 7
56 72 10
50 71 1
12 41 2
42 79 1
76 99 9
9 33 2
9 41 8
53 81 7
16 70 9
66 80 11
6 16 9
22 60 1
13 83 7
3 16 3
54 77 9
35 40 2
37 47 6
45 82 8
67 94 6
75 76 8
42 95 8
33 36 4
6 11 2
84 96 9
45 86 3
84 87 9
46 58 10
14 85 8
20 21 7
26 46 9
8 87 5
43 87 2
43 73 4
4 43 1
18 97 8
52 93 10
65 66 3
5 99 10
36 92 3
5 22 1
1 20 3
21 96 4
55 77 8
3 12 7
66 98 4
42 86 5
14 46 1
12 25 5
87 88 10
12 37 8
45 59 1
48 49 5
34 37 8
21 70 3
21 49 1
11 41 10
22 65 2
39 83 5
24 78 1
53 64 8
29 67 6
53 93 11
11 14 3
6 23 8
37 61 6
13 35 5
30 86 4
43 79 11
51 74 2
16 18 9
5 62 2
44 83 8
67 79 5
25 65 6
45 84 1
5 28 8
60 72 6
71 73 3
39 93 10
79 84 10
37 44 1
5 75 2
36 61 6
2 63 11
71 86 1
50 95 6
0 69 9
22 25 4
10 67 8
13 78 2
14 30 11
56 69 9
12 97 7
43 72 5
4 16 1
1 91 3
36 40 9
21 86 11
40 97 5
63 98 11
26 91 3
30 58 10
16 34 1
26 57 11
1 60 5
83 95 7
11 60 3
13 25 2
25 85 4
60 80 5
78 86 9
59 96 4
84 95 7
11 86 1
45 94 2
63 77 1
26 70 2
66 72 8
31 59 9
13 57 3
41 86 1
15 92 11
14 88 8
18 45 8
18 80 3
15 35 3
29 77 2
20 90 11
46 69 10
3 32 9
0 39 1
8 34 7
41 95 2
5 97 5
78 82 10
49 58 2
36 42 11
10 40 3
27 52 8
14 96 2
57 89 3
14 75 11
14 44 3
25 44 8
11 52 2
61 82 6
17 62 7
2 92 10
15 70 2
34 64 7
69 92 9
6 62 10
27 48 7
72 94 7
42 48 11
37 87 7
65 92 10
27 91 3
44 48 8
18 99 3
9 55 8
36 51 8
32 70 5
27 36 6
41 97 6
39 94 1
42 75 6
66 71 3
47 82 2
50 61 11
20 45 8
16 85 10
21 84 7
9 30 3
5 18 2
47 90 7
17 68 9
7 90 8
30 43 2
0 4 1
67 88 2
20 99 7
9 77 3
16 68 3
74 75 8
82 98 3
46 76 1
57 90 8
3 79 6
16 39 8
3 15 11
6 21 7
83 85 5
26 56 6
57 64 9
40 83 6
32 45 9
20 84 2
51 55 2
33 51 7
88 95 6
42 49 3
59 99 2
38 86 8
8 45 2
52 95 5
73 88 6
12 81 2
8 30 11
33 61 5
25 52 4
20 91 2
33 90 5
22 74 2
34 52 8
21 79 3
19 64 9
21 63 1
30 90 7
55 66 3
49 98 10
28 84 3
30 79 6
52 73 11
26 69 11
28 55 3
57 83 6
36 47 9
84 91 8
30 74 2
42 61 6
2 82 3
55 82 4
7 78 8
39 90 4
48 53 4
20 25 9
64 85 1
33 52 4
37 75 10
1 57 7
95 98 2
5 48 4
29 70 5
19 51 9
47 86 5
7 99 2
72 76 8
32 87 10
9 25 2
53 98 8
45 54 1
68 74 1
17 79 7
61 80 2
8 17 1
27 54 3
45 88 8
55 93 11
33 54 4
1 42 8
4 35 5
0 5 5
39 49 1
13 47 8
71 97 2
7 38 9
8 74 5
22 70 6
79 97 11
63 79 5
56 77 9
14 91 7
8 21 11
39 65 3
44 59 9
73 91 10
26 52 10
30 75 11
39 52 5
62 71 4
5 63 9
25 93 1
55 84 5
45 72 3
26 88 3
21 75 4
35 46 10
56 99 6
30 94 11
86 96 1
63 97 8
60 79 7
59 86 4
2 86 11
31 52 9
49 52 6
57 82 10
37 88 8
65 95 9
57 72 11
1 13 5
25 38 6
29 74 1
6 97 10
43 99 6
51 62 5
44 93 10
50 88 1
9 59 7
31 83 7
30 63 11
44 82 10
10 32 9
61 76 4
23 33 4
13 89 9
21 90 5
51 83 9
73 90 5
5 46 8
0 42 9
32 63 3
45 77 4
22 93 4
5 25 6
48 77 2
23 87 3
69 72 5
10 43 6
2 39 2
28 62 7
18 22 9
9 61 3
4 32 7
22 99 3
27 78 6
1 7 11
20 57 1
14 61 9
75 94 2
17 56 9
29 66 10
35 89 11
24 59 5
5 39 9
52 96 4
7 29 2
46 70 1
15 99 11
19 72 4
31 65 10
59 75 1
44 71 11
63 68 9
3 47 1
2 35 11
3 41 6
32 81 3
43 68 1
3 7 11
29 78 5
3 49 5
22 58 6
14 74 2
62 90 8
31 56 7
54 98 3
15 54 11
60 73 7
36 38 4
8 39 7
49 50 9
72 87 7
3 83 9
19 35 2
24 36 5
2 19 11
47 49 6
9 98 3
34 95 9
16 38 5
79 92 7
28 54 7
16 83 10
17 73 9
18 98 8
41 60 5
2 42 10
32 83 7
22 91 8
0 50 8
10 25 3
15 76 3
65 77 4
52 54 11
7 32 6
35 76 8
12 98 7
50 78 4
17 58 8
21 78 7
6 56 2
8 29 9
60 69 8
64 69 6
1 5 9
42 85 9
16 23 4
35 51 11
28 48 1
39 41 2
25 29 6
10 57 10
24 58 5
57 58 2
13 94 11
35 97 10
8 81 2
40 65 2
22 83 1
36 64 4
1 37 3
0 22 6
9 44 3
11 70 11
20 30 1
9 60 10
37 39 4
6 46 1
33 84 7
2 72 8
6 53 2
25 26 11
2 57 9
1 56 2
20 24 4
30 95 9
23 37 1
34 48 11
88 99 3
23 31 11
53 55 10
46 73 2
41 93 10
40 78 9
68 91 7
97 99 6
1 85 11
69 90 7
10 47 2
9 26 4
7 14 2
21 73 3
26 65 1
24 90 8
24 72 2
12 99 7
37 54 1
36 46 1
3 85 4
18 32 3
0 10 10
17 39 4
8 23 6
37 55 9
41 50 7
12 68 4
85 89 3
34 50 8
4 52 8
7 62 3
54 71 3
23 78 9
24 47 4
39 79 11
21 99 2
50 96 10
37 79 1
28 44 3
1 8 1
7 69 10
26 45 2
5 40 8
30 55 6
81 95 2
3 77 2
22 86 1
22 77 10
77 80 5
25 47 5
64 92 7
27 87 1
1 27 8
13 52 3
20 87 1
69 95 5
9 39 7
3 84 1
37 41 3
28 36 2
78 79 4
74 88 5
41 80 9
74 83 4
30 47 5
7 54 5
18 54 3
23 28 11
10 42 3
26 62 7
5 60 5
65 98 5
12 50 10
28 82 6
4 83 1
9 96 1
24 53 4
32 97 3
52 79 5
2 30 6
3 43 3
16 84 1
33 92 3
16 79 6
28 71 5
25 58 1
58 77 2
22 56 6
11 47 5
62 72 11
31 48 4
63 65 11
23 61 6
85 96 5
66 86 8
49 62 2
37 45 2
17 93 5
39 96 6
67 70 7
2 3 4
26 29 9
1 88 3
43 49 5
19 66 3
24 50 9
1 21 7
40 71 7
14 15 4
32 85 1
21 40 9
35 69 4
60 66 5
34 73 1
11 99 1
29 55 10
46 55 7
33 57 11
33 71 7
63 87 2
6 94 2
33 53 7
64 67 7
72 96 3
20 75 7
4 62 4
8 71 3
19 76 6
58 70 7
11 12 5
2 81 10
10 60 8
71 85 11
3 61 2
2 65 11
27 66 1
11 31 2
77 89 7
29 68 4
49 64 10
64 71 1
1 53 1
16 90 11
17 25 6
29 96 8
43 86 9
36 73 5
7 74 1
9 43 7
29 92 8
1 16 9
63 88 5
71 81 11
44 86 1
4 19 1
57 76 4
10 70 6
16 66 11
54 65 1
53 73 3
14 25 2
51 61 4
86 87 8
66 97 3
8 44 6
71 93 1
90 98 6
8 31 8
91 97 10
26 90 4
6 90 5
0 32 9
14 77 2
24 51 5
30 37 4
50 51 1
7 26 3
39 43 3
4 87 6
6 99 2
15 73 6
63 91 9
32 65 11
43 71 1
8 75 4
65 74 5
23 72 8
13 19 11
62 84 11
41 63 3
6 89 8
81 93 5
45 66 9
32 84 2
23 75 11
8 43 1
17 77 9
55 97 5
38 81 10
19 89 2
30 34 1
59 84 3
29 42 11
18 79 11
7 20 1
6 64 5
12 84 7
17 94 8
27 32 8
54 59 2
76 91 9
16 48 2
70 98 3
60 94 10
38 70 9
3 21 1
22 82 11
3 36 2
59 73 6
27 83 1
60 61 5
51 67 9
27 34 9
43 51 1
19 79 11
39 76 7
44 75 4
78 84 1
31 35 3
43 46 9
25 81 3
33 86 1
18 96 9
13 62 5
37 92 3
66 73 8
34 70 4
58 66 8
45 75 5
1 96 1
7 49 9
36 84 6
46 88 8
20 97 7
34 77 3
58 82 1
19 40 6
5 29 1
71 89 6
19 63 5
4 72 8
63 96 11
15 49 8
54 64 8
36 48 6
75 78 8
76 97 11
13 18 6
39 50 1
4 48 6
6 84 3
13 77 3
41 51 6
12 90 5
15 43 6
15 40 1
23 24 3
51 86 3
31 76 11
52 89 2
15 34 1
89 91 11
39 55 4
72 84 11
34 65 8
61 89 5
54 76 6
4 10 7
54 87 11
50 69 8
13 43 4
8 9 10
44 50 9
72 93 3
2 90 10
36 76 2
65 72 5
20 23 8
11 22 8
57 91 10
3 18 2
32 89 7
19 65 3
7 57 2
15 86 1
37 97 3
0 3 2
3 66 3
0 12 4
20 56 4
31 38 6
71 96 1
75 97 5
21 29 8
12 96 4
54 89 3
59 65 5
61 93 3
70 93 11
7 19 11
86 92 1
71 82 1
3 54 6
42 43 11
65 85 7
51 81 11
39 59 1
75 92 6
33 44 8
77 82 3
1 67 8
9 83 7
49 99 4
42 94 9
22 57 1
1 48 8
14 43 9
29 79 4
50 86 11
36 71 8
16 89 4
3 98 6
42 53 7
38 45 8
46 77 4
0 54 7
44 84 9
21 66 1
48 72 7
2 58 9
34 93 7
55 60 6
26 63 4
53 69 6
70 77 11
21 82 8
60 91 9
68 90 5
15 72 9
6 67 8
34 82 6
76 96 9
21 58 9
10 75 3
20 64 9
2 9 1
13 30 1
58 97 10
22 27 7
13 51 6
3 59 7
18 42 11
24 81 7
50 65 8
44 67 4
3 37 11
56 85 7
34 43 8
41 99 4
24 54 11
9 91 10
30 89 1
5 85 6
37 52 2
36 82 11
25 80 5
16 29 3
43 76 8
21 64 9
44 53 3
55 95 7
4 81 10
27 39 5
62 83 10
33 77 6
9 88 7
21 98 8
13 81 10
86 88 7
73 92 1
18 27 10
26 85 11
58 62 10
0 68 2
68 88 8
30 60 8
42 76 11
11 34 5
1 45 5
9 53 1
63 94 10
25 99 8
2 61 2
19 24 6
62 67 5
21 53 8
9 40 9
29 57 9
65 71 6
41 59 1
8 12 8
3 45 8
76 85 4
30 42 8
36 80 2
28 83 10
44 60 2
23 81 8
25 90 1
40 68 9
9 20 1
16 92 5
38 89 9
30 62 1
53 92 11
39 78 3
10 28 11
22 96 1
52 66 8
91 93 4
24 44 4
26 53 8
22 73 10
25 71 2
20 66 10
48 57 1
31 40 3
21 39 9
54 57 7
5 38 7
13 92 6
41 46 5
28 37 8
35 41 3
19 43 5
33 59 1
0 53 1
7 92 7
87 97 5
33 85 4
58 94 4
27 33 7
35 82 10
5 26 5
5 93 3
61 65 7
50 87 3
24 37 9
13 28 1
50 98 4
46 50 2
13 64 11
26 79 1
23 29 9
8 95 11
15 41 9
22 87 2
18 67 4
75 77 8
70 92 11
28 50 11
27 76 7
28 58 7
19 37 2
6 34 9
76 88 9
58 81 6
29 86 6
48 73 9
87 94 9
17 75 9
71 87 1
34 53 4
37 62 11
6 52 2
60 84 3
54 62 5
2 87 1
71 91 3
68 72 7
51 82 6
34 78 11
91 94 7
7 77 2
13 87 10
0 84 9
75 82 3
14 95 8
91 98 3
57 88 1
40 54 1
22 94 7
12 15 7
80 86 1
25 98 10
46 84 7
57 96 6
45 56 10
8 19 4
17 60 11
5 49 5
20 86 1
42 69 1
41 74 9
44 99 10
5 55 4
70 73 6
75 96 6
12 58 6
15 16 9
2 23 4
6 13 8
78 87 1
36 58 6
43 58 11
78 96 1
48 71 2
28 81 4
89 97 8
1 19 9
40 50 2
46 78 7
14 66 9
30 99 1
14 19 11
13 33 3
15 93 11
72 98 7
9 75 10
57 62 11
16 49 3
14 23 6
37 42 1
39 73 8
34 58 5
38 88 11
24 33 7
40 51 7
93 98 4
34 45 8
9 62 7
37 70 4
48 61 10
12 36 4
30 66 6
8 62 5
6 22 6
5 76 8
18 61 11
34 36 1
54 95 5
2 71 7
65 67 11
50 77 1
28 56 4
54 68 8
11 98 5
19 32 3
7 53 10
75 80 2
15 81 2
14 63 2
10 31 7
41 91 11
32 57 1
24 89 9
46 51 2
19 25 8
5 56 11
39 47 9
75 98 5
24 39 6
29 84 5
35 61 10
7 13 3
34 59 11
27 85 11
7 27 11
48 96 8
43 65 9
24 43 3
14 81 2
7 15 9
13 36 3
5 10 8
16 40 6
31 41 1
40 75 4
62 69 11
77 93 5
44 54 5
3 46 3
56 70 8
52 72 5
37 85 3
18 86 1
20 27 4
53 94 4
15 53 5
19 69 8
6 27 4
10 33 8
83 91 4
55 90 5
8 83 10
17 47 4
19 94 2
59 67 3
42 65 7
92 97 8
17 99 7
7 17 5
45 50 6
22 41 7
3 6 10
10 88 10
48 51 5
51 76 10
3 30 5
19 92 11
83 86 5
27 92 4
39 60 6
52 91 5
38 49 3
40 79 3
44 62 2
17 30 1
1 50 2
24 76 1
72 99 9
44 76 5
6 39 10
4 11 11
3 56 6
83 99 7
9 79 5
46 65 5
5 9 7
54 72 3
24 84 10
13 49 10
36 96 7
35 83 9
33 62 10
36 43 9
38 52 7
56 89 11
1 4 10
78 81 4
24 98 3
53 68 9
73 94 2
16 82 3
2 26 5
69 80 3
3 14 1
32 33 6
7 28 10
30 49 7
61 77 4
48 63 1
9 90 3
15 37 11
90 96 5
22 53 7
2 56 3
30 78 9
26 36 11
41 48 5
22 52 11
53 96 6
17 72 6
50 54 7
43 96 9
24 42 6
44 89 3
27 64 3
78 95 11
3 20 8
93 94 3
63 64 6
38 43 5
90 92 6
32 64 10
30 70 6
11 38 4
17 42 5
33 43 3
73 89 6
52 92 6
46 66 3
40 91 9
7 61 10
13 90 4
24 97 4
8 55 7
16 98 11
16 26 8
14 21 5
13 50 6
57 70 11
14 65 1
30 64 6
4 71 10
20 46 6
29 54 4
68 79 7
29 52 10
36 93 3
10 37 6
94 98 11
13 53 7
8 54 9
24 38 3
23 43 2
9 66 5
17 32 7
13 22 2
1 39 9
9 16 3
17 97 2
30 67 10
38 85 9
8 41 1
40 86 4
3 42 2
26 77 7
80 88 1
31 63 1
38 83 1
51 95 10
14 33 8
5 51 1
46 91 5
23 42 8
52 97 1
49 66 3
58 85 11
39 66 3
47 75 4
14 53 11
46 79 11
9 72 2
12 43 6
18 63 3
11 62 6
48 56 1
27 44 6
23 27 7
20 48 2
0 71 2
11 72 2
32 47 3
27 65 10
72 79 7
73 78 9
12 39 1
6 32 8
73 77 7
8 82 2
80 85 11
45 76 1
13 34 5
11 84 1
26 75 10
32 77 9
0 23 6
15 59 9
59 79 7
55 79 8
0 47 4
20 82 4
61 97 10
14 58 5
12 79 5
53 80 4
68 89 11
23 52 9
12 22 4
59 77 1
8 65 9
10 62 3
18 26 2
74 76 4
45 63 7
42 99 10
8 59 6
25 59 10
17 18 6
65 88 9
28 75 8
23 86 11
44 95 2
20 95 4
0 95 4
86 94 3
42 96 1
21 71 4
15 28 8
44 65 5
21 38 10
46 59 4
4 70 2
10 21 2
23 56 3
3 33 4
56 57 10
69 82 11
59 69 3
50 57 10
3 94 7
61 63 4
29 30 7
45 83 7
2 91 2
54 84 10
2 95 2
14 40 2
7 42 4
22 92 6
14 38 6
41 68 9
72 73 10
7 91 1
71 84 2
16 32 4
5 30 1
4 82 4
15 60 6
24 86 10
60 99 8
80 90 3
3 92 8
30 72 2
74 81 8
12 92 6
57 61 8
46 49 10
47 83 4
2 12 6
31 90 5
46 62 3
90 99 10
3 55 3
52 98 3
2 73 4
37 59 4
1 15 4
61 91 10
1 38 3
3 52 5
12 61 1
10 19 3
44 91 4
3 44 7
77 91 8
25 53 8
58 71 3
19 31 9
8 52 4
0 67 7
22 44 6
11 15 2
1 47 7
2 37 10
2 14 6
0 40 7
6 12 11
2 4 11
25 31 7
19 49 8
1 70 8
13 58 11
72 91 2
74 92 11
13 65 8
83 87 10
74 95 10
14 54 5
17 33 11
47 81 10
36 68 2
48 93 4
55 74 9
19 78 2
51 87 4
64 76 1
32 43 10
51 70 11
9 52 8
31 95 2
32 37 7
53 59 7
33 63 7
10 56 6
31 82 9
28 41 10
53 84 2
15 42 11
63 93 1
28 29 8
73 99 6
31 58 11
26 97 6
37 83 7
63 85 7
23 39 11
9 89 10
33 94 4
21 25 7
19 91 10
22 47 11
30 44 8
21 26 6
8 61 10
24 57 10
17 21 5
40 90 7
13 86 2
23 68 5
51 60 8
45 93 7
45 74 11
2 64 5
4 49 4
38 56 3
60 74 5
51 85 5
10 71 2
65 70 10
38 41 3
31 34 5
71 99 5
29 90 11
41 70 10
40 48 1
46 99 7
26 84 5
62 99 8
56 78 11
10 49 11
22 40 10
4 97 11
23 71 1
26 93 3
12 47 10
65 99 3
75 91 8
27 74 10
32 76 5
73 98 9
8 37 9
14 45 6
3 38 10
51 79 10
24 30 9
47 66 11
14 90 8
32 39 3
22 42 10
18 24 7
44 74 1
82 96 7
4 39 11
6 14 8
60 98 5
36 66 11
47 91 4
25 68 3
28 67 4
0 66 7
18 71 2
39 85 4
53 56 9
68 78 7
32 41 8
80 92 6
4 37 2
35 59 10
61 83 6
81 94 6
7 52 1
31 87 6
55 71 1
61 68 8
25 97 3
34 35 10
28 91 2
2 88 7
9 38 1
36 56 2
3 17 3
24 73 11
33 46 3
59 76 6
18 33 6
74 93 3
8 94 2
10 97 3
70 90 11
28 60 2
11 24 10
30 98 6
17 20 8
25 50 5
65 86 9
95 96 2
10 92 5
29 53 9
47 56 6
6 50 1
58 98 9
50 80 4
64 97 6
25 62 1
17 43 9
10 13 8
98 99 6
18 92 7
62 64 1
59 97 6
25 61 3
21 93 1
16 88 3
8 72 7
17 82 5
66 68 3
23 85 5
61 87 2
1 51 4
30 85 2
38 96 7
16 21 10
79 96 7
10 91 9
11 44 3
16 94 10
80 81 1
43 62 1
2 40 3
32 88 7
31 53 1
44 45 6
10 93 3
2 46 7
0 30 8
48 99 9
43 77 3
8 89 4
76 98 9
70 96 3
46 57 9
2 11 10
4 77 3
41 96 11
31 36 5
56 68 5
36 74 4
8 88 2
33 70 2
35 47 10
78 85 9
68 87 9
25 39 10
0 17 11
72 97 10
91 92 3
13 21 4
14 93 11
77 94 10
71 94 6
6 37 3
31 54 3
37 78 8
43 84 4
12 14 4
25 48 3
4 47 9
40 89 7
39 62 4
72 74 3
33 79 3
77 78 1
23 47 9
85 90 11
66 92 2
66 95 4
17 87 10
54 74 11
51 53 10
33 76 4
38 67 1
59 92 6
5 91 11
17 36 4
39 84 7
23 64 5
82 93 11
37 58 2
15 32 2
20 22 2
22 63 7
33 72 7
10 24 6
63 74 2
11 51 5
29 38 4
0 34 9
7 93 2
5 53 3
3 80 1
50 52 7
17 67 8
7 48 1
31 64 11
10 80 6
0 8 8
47 70 6
72 77 8
14 59 7
37 81 4
21 54 1
22 79 7
2 5 7
15 96 2
64 84 10
76 95 1
34 63 5
48 92 11
31 72 11
6 72 2
5 71 1
16 42 1
54 83 5
54 61 8
57 60 4
64 65 4
18 34 9
26 95 10
74 79 5
9 11 10
65 81 10
50 59 2
4 6 2
63 81 6
42 82 3
23 82 8
71 90 5
3 82 3
40 58 6
4 25 10
29 51 9
19 85 3
2 7 1
29 50 7
7 75 8
56 65 5
4 29 3
42 71 10
56 73 8
0 52 9
56 60 11
52 71 4
17 26 8
40 72 10
24 48 8
4 59 10
15 17 9
13 20 11
24 85 6
67 83 9
4 85 4
9 17 9
8 32 9
40 67 3
23 99 8
23 50 7
81 84 3
20 96 5
39 45 5
11 97 3
22 97 3
2 69 9
16 95 7
80 89 6
57 69 5
26 68 11
61 90 7
42 87 3
66 69 4
0 35 9
21 41 11
0 15 10
63 95 10
22 48 5
28 90 2
7 84 7
14 80 4
42 72 11
19 58 3
46 89 2
32 69 2
50 67 8
23 44 7
46 60 1
17 65 1
5 73 2
1 87 9
21 89 1
18 35 8
91 99 1
26 30 10
17 35 3
41 62 9
70 81 10
24 60 9
96 97 1
16 78 5
8 42 7
31 61 2
19 62 9
20 70 5
20 92 1
66 99 8
14 67 4
0 19 6
13 73 3
42 47 4
7 30 11
77 83 4
14 68 6
91 96 1
8 15 11
36 67 11
15 71 3
56 82 7
4 53 11
1 28 3
70 89 8
53 75 10
18 29 2
28 86 3
13 79 9
45 96 3
8 67 4
15 68 3
45 64 1
28 59 2
35 73 5
19 60 5
31 86 5
90 95 2
84 88 1
77 97 4
31 73 4
8 90 6
24 64 1
82 87 7
54 94 10
31 51 5
8 11 11
4 31 3
17 85 1
33 40 9
1 17 4
58 91 10
42 56 9
12 67 6
55 57 11
0 49 8
64 68 11
67 78 2
3 99 5
48 59 4
31 89 6
37 98 9
15 29 1
60 88 7
10 12 10
42 92 3
35 81 7
35 43 6
4 42 7
83 98 11
3 53 6
35 77 11
18 64 6
32 42 4
13 26 6
5 83 1
17 71 4
4 54 11
82 90 10
9 58 8
18 49 5
40 63 7
15 20 7
9 57 3
24 26 4
44 90 3
92 93 9
26 94 11
29 94 8
67 91 2
18 23 4
86 93 2
19 39 4
22 26 10
76 80 10
42 64 8
45 61 4
45 58 6
0 90 2
83 90 3
70 78 6
95 99 8
23 95 9
66 76 3
8 84 9
1 23 4
70 91 1
12 31 7
56 97 9
4 94 4
40 76 5
36 87 9
32 72 8
22 34 1
41 54 3
35 90 1
67 73 5
9 70 1
17 40 8
16 72 5
17 86 7
30 84 6
6 73 6
0 31 3
2 77 10
6 79 1
74 85 5
31 69 4
57 81 3
25 78 8
75 90 1
74 96 7
19 33 6
4 27 6
57 84 2
77 87 7
32 49 5
10 64 5
2 48 2
27 93 10
34 69 8
26 50 6
19 59 3
7 76 7
1 18 3
15 58 1
27 67 11
49 84 9
73 82 4
5 34 11
2 93 11
12 87 2
46 87 3
84 86 1
11 73 4
82 84 2
13 15 7
62 85 5
80 96 4
60 68 5
57 71 4
76 84 9
22 71 9
13 93 8
82 89 7
35 57 10
16 87 5
37 60 4
5 94 6
27 61 5
32 61 8
80 98 2
5 36 11
15 84 1
14 76 4
3 11 2
2 47 5
25 75 5
45 78 7
4 23 1
16 43 3
59 93 4
19 36 11
12 34 11
75 89 10
24 68 5
11 35 2
16 51 7
23 93 4
41 67 1
21 44 2
52 57 3
30 51 2
31 93 7
15 23 6
7 31 10
33 91 11
34 72 8
46 97 1
5 41 1
5 42 4
72 78 4
93 95 9
28 33 5
43 95 10
53 82 8
1 82 8
14 60 2
44 94 8
5 35 2
11 42 1
40 84 10
13 54 1
54 96 3
21 92 5
21 95 2
22 67 10
57 87 3
42 63 2
3 23 3
13 48 3
79 81 10
22 98 4
63 67 6
52 76 6
35 78 10
76 92 10
81 96 5
48 54 6
45 71 3
38 73 8
22 80 9
38 90 9
4 66 7
20 85 11
66 70 2
61 81 7
73 86 4
35 75 1
1 76 8
53 61 6
20 80 9
30 50 5
72 83 7
49 63 11
42 97 9
7 56 4
2 83 5
21 46 5
18 68 8
42 50 1
56 80 8
2 49 9
34 44 8
56 58 6
31 70 1
88 93 10
9 19 4
39 40 6
63 73 3
46 63 2
40 42 11
34 76 1
51 65 7
0 97 9
43 45 5
1 40 10
62 89 5
49 97 5
6 83 10
62 95 10
26 47 7
20 41 11
10 11 5
46 85 10
3 39 11
26 55 7
51 72 4
26 37 9
80 95 7
56 76 9
30 88 2
42 91 2
94 97 8
29 83 2
32 58 10
29 36 1
46 93 4
60 63 9
22 55 6
2 52 11
43 48 1
2 89 7
31 88 4
0 26 11
66 90 1
51 68 10
39 92 8
31 39 7
11 91 1
3 91 3
0 93 1
24 75 3
40 44 6
65 80 5
55 59 8
48 62 2
42 58 2
30 48 10
34 85 9
3 35 1
23 58 7
8 10 5
35 99 6
47 57 10
15 45 1
37 76 3
92 94 8
20 43 3
54 90 4
32 74 9
8 24 7
4 8 5
20 51 3
26 28 6
8 76 7
2 17 4
47 52 8
26 64 4
21 81 7
10 98 10
19 95 3
13 17 6
9 99 8
76 89 1
19 71 4
43 59 6
28 70 11
1 49 11
10 76 7
18 89 10
21 30 9
8 48 9
34 80 4
13 39 11
50 89 3
37 99 7
6 69 11
1 92 9
48 50 8
79 87 11
31 47 3
12 52 3
48 89 10
36 88 2
16 41 8
69 74 8
1 83 7
12 53 4
79 91 5
10 63 5
31 96 10
12 76 3
6 80 4
52 88 1
23 25 3
79 85 9
22 51 5
3 62 6
5 31 1
19 54 3
36 98 5
70 94 4
18 60 9
47 88 7
31 42 4
70 71 1
6 7 1
55 62 5
69 96 11
85 99 2
9 34 2
8 16 9
11 16 2
61 92 8
31 71 11
13 27 2
20 26 8
1 66 3
25 45 2
65 97 3
34 89 7
3 50 9
6 88 5
29 45 7
3 31 11
3 63 3
13 56 11
84 98 8
58 96 5
19 83 1
40 69 2
15 52 11
19 82 6
41 81 7
48 88 3
32 86 6
20 53 10
56 74 1
4 63 6
29 88 7
60 97 11
51 92 2
16 50 3
32 59 5
17 81 6
15 91 5
47 73 2
46 86 11
35 74 11
29 76 1
18 91 7
84 94 4
68 96 10
5 66 7
70 84 3
50 84 5
5 24 11
28 47 6
49 79 6
50 70 9
61 67 4
52 60 9
35 38 9
21 61 4
26 31 1
4 7 2
6 48 9
38 65 6
7 67 1
67 71 2
6 47 8
2 53 2
23 76 5
44 87 9
11 80 7
39 88 10
3 87 2
14 89 11
42 80 5
74 87 10
85 94 1
75 83 1
28 57 6
62 98 3
15 61 4
8 56 11
8 36 4
45 49 1
19 28 4
25 84 3
22 30 10
65 93 10
8 27 3
2 33 2
7 45 9
70 97 7
36 57 10
1 44 6
13 68 6
39 95 1
6 18 4
6 87 4
39 58 4
2 20 8
25 77 9
58 75 3
35 62 8
32 79 9
61 86 5
10 59 8
81 82 11
6 86 5
53 72 11
16 67 2
40 41 11
20 60 9
66 88 8
7 11 10
10 14 2
55 68 1
17 63 3
3 86 9
64 99 5
40 52 4
29 33 9
55 61 9
47 67 1
8 73 9
0 78 1
2 22 8
89 93 7
56 96 6
0 57 3
10 79 2
58 99 1
14 50 10
66 84 6
44 73 6
77 81 10
18 44 3
47 80 9
4 67 3
59 90 3
65 90 7
20 32 8
78 93 2
71 76 10
65 84 2
43 97 11
5 37 7
64 94 10
45 85 1
52 82 8
16 93 6
3 68 11
44 97 9
20 29 10
36 86 4
90 94 3
13 97 6
55 87 6
63 66 3
65 69 4
3 72 9
56 61 3
7 16 1
49 54 11
59 80 2
22 49 1
29 47 4
43 50 7
65 87 2
15 97 11
20 38 9
27 75 5
88 98 5
14 48 1
78 94 5
16 86 11
82 88 5
33 42 11
12 13 4
1 54 10
35 87 6
7 65 5
45 95 3
62 94 7
21 94 8
