1000 3000
1 0 1746
2 1 2348
3 2 1740
4 3 739
5 2 1507
6 3 2127
7 6 480
8 3 1477
9 7 345
10 8 2065
11 2 2369
12 8 1023
13 8 2936
14 3 719
15 12 2951
16 0 1808
17 0 1101
18 11 92
19 18 1181
20 13 1609
21 2 2710
22 4 1317
23 7 249
24 7 2849
25 22 93
26 1 1319
27 13 2514
28 23 578
29 24 1878
30 28 2446
31 13 1695
32 28 925
33 2 514
34 21 2614
35 34 1848
36 31 1103
37 7 1500
38 23 945
39 1 1383
40 9 1347
41 5 614
42 7 554
43 1 1933
44 29 457
45 10 1599
46 35 346
47 46 1619
48 21 2596
49 25 2834
50 31 3000
51 9 456
52 11 1650
53 42 2787
54 2 820
55 30 2081
56 55 1858
57 52 2608
58 15 411
59 4 30
60 49 1129
61 12 2393
62 13 2412
63 43 2151
64 9 309
65 15 2656
66 60 1222
67 49 354
68 25 1519
69 43 1447
70 18 2922
71 68 2425
72 52 1342
73 37 1296
74 46 2876
75 57 34
76 64 181
77 49 426
78 40 1117
79 62 1123
80 49 303
81 34 292
82 3 1962
83 11 1195
84 20 837
85 63 865
86 0 2062
87 62 2227
88 8 201
89 70 2213
90 76 2649
91 66 190
92 28 2197
93 73 2445
94 77 2435
95 40 990
96 71 936
97 79 1603
98 14 1169
99 23 1117
100 85 153
101 21 778
102 80 1958
103 44 1300
104 42 915
105 44 2718
106 97 527
107 76 1130
108 39 1499
109 31 1155
110 13 495
111 21 2165
112 8 1496
113 104 1486
114 22 1123
115 99 2850
116 54 683
117 47 2173
118 20 435
119 87 1156
120 4 2816
121 86 1786
122 66 1688
123 115 209
124 84 1844
125 122 2990
126 30 764
127 52 301
128 41 1388
129 3 1089
130 88 1928
131 125 2741
132 129 1777
133 96 2387
134 63 372
135 62 1586
136 41 1684
137 17 2308
138 112 1321
139 104 1068
140 123 2899
141 14 1821
142 73 2278
143 13 1760
144 66 1527
145 74 569
146 8 148
147 107 2186
148 63 439
149 43 2339
150 100 2789
151 17 895
152 86 455
153 37 1694
154 38 1978
155 122 2650
156 12 182
157 64 473
158 35 955
159 134 2637
160 122 2852
161 7 965
162 54 1117
163 93 650
164 39 352
165 94 1380
166 153 1566
167 109 1012
168 124 1516
169 148 1124
170 122 2457
171 78 252
172 35 1084
173 136 2984
174 150 2301
175 70 1909
176 35 2491
177 2 651
178 97 2363
179 175 1842
180 32 1636
181 6 483
182 67 2400
183 151 407
184 83 2197
185 164 596
186 63 1072
187 149 1950
188 107 378
189 65 111
190 174 2837
191 103 1766
192 35 793
193 34 174
194 36 1702
195 24 2950
196 101 86
197 24 1896
198 47 2300
199 6 2585
200 164 2365
201 114 2380
202 201 1564
203 36 290
204 18 2646
205 30 645
206 167 2784
207 72 1071
208 32 308
209 77 337
210 137 1028
211 83 2580
212 101 1671
213 126 437
214 56 1816
215 159 2459
216 42 518
217 46 1034
218 47 755
219 96 413
220 51 1910
221 181 109
222 190 457
223 140 2991
224 193 1983
225 11 1069
226 154 932
227 181 1043
228 129 150
229 223 931
230 190 313
231 198 488
232 14 189
233 202 2005
234 2 2375
235 99 2231
236 118 93
237 221 65
238 16 2844
239 101 2538
240 195 1712
241 145 1170
242 44 2908
243 218 1578
244 182 970
245 59 1512
246 64 1534
247 246 337
248 178 2457
249 154 2262
250 80 2430
251 190 1111
252 10 1748
253 62 2480
254 99 631
255 39 2141
256 158 1613
257 151 2125
258 257 2031
259 250 1771
260 50 50
261 30 702
262 260 2401
263 165 2151
264 158 2288
265 149 611
266 97 404
267 32 1051
268 166 2305
269 103 1113
270 181 770
271 33 2031
272 162 1965
273 215 2159
274 55 697
275 38 294
276 37 2268
277 229 2358
278 258 758
279 10 620
280 226 1578
281 241 333
282 264 2205
283 262 1901
284 199 2687
285 205 131
286 36 916
287 115 512
288 12 2092
289 24 2249
290 222 857
291 21 1189
292 126 2460
293 141 2091
294 207 852
295 218 2729
296 233 2325
297 121 2557
298 204 1994
299 197 310
300 167 2805
301 249 1010
302 116 2987
303 43 173
304 19 2819
305 245 1308
306 88 2989
307 251 1708
308 190 2099
309 110 1884
310 230 2194
311 310 201
312 134 2264
313 125 2578
314 246 1540
315 255 534
316 197 1894
317 156 1496
318 314 417
319 195 2214
320 268 2551
321 3 2268
322 82 1477
323 160 132
324 103 467
325 159 2032
326 200 948
327 74 1599
328 46 1426
329 283 635
330 89 1021
331 40 415
332 267 1186
333 154 949
334 317 2634
335 192 1871
336 236 561
337 55 1852
338 85 468
339 221 1498
340 105 329
341 171 1103
342 190 1599
343 328 2919
344 297 1903
345 96 1697
346 133 769
347 41 2585
348 14 2915
349 164 965
350 263 621
351 130 187
352 78 2844
353 348 2015
354 259 930
355 102 1260
356 122 898
357 306 2022
358 352 721
359 142 705
360 194 1597
361 80 1108
362 201 2633
363 239 831
364 205 817
365 223 374
366 235 1006
367 315 1658
368 340 2999
369 143 1801
370 342 2513
371 89 2225
372 341 2271
373 196 88
374 318 2929
375 139 1457
376 50 48
377 96 888
378 110 974
379 17 2695
380 179 2571
381 322 2507
382 360 1309
383 188 2902
384 9 328
385 38 2765
386 256 177
387 296 1895
388 20 2130
389 203 968
390 311 1976
391 225 1388
392 358 2694
393 230 541
394 122 1637
395 3 2286
396 278 2641
397 75 2203
398 48 1870
399 158 58
400 97 292
401 232 1902
402 189 1141
403 1 1573
404 189 1056
405 85 75
406 69 1270
407 292 1382
408 405 1507
409 221 1660
410 271 2242
411 25 2233
412 158 1187
413 96 615
414 213 1868
415 206 136
416 282 1127
417 125 1811
418 115 1467
419 294 902
420 410 374
421 299 1095
422 239 2702
423 405 2838
424 9 2003
425 337 2564
426 298 1999
427 37 1369
428 41 2309
429 223 1338
430 426 1328
431 382 433
432 388 2140
433 336 1468
434 96 435
435 77 546
436 30 585
437 254 2951
438 417 1880
439 269 1312
440 310 2173
441 274 1381
442 317 1984
443 251 1257
444 241 2021
445 347 579
446 409 2551
447 346 1931
448 173 83
449 78 676
450 138 901
451 78 2747
452 180 2149
453 147 2423
454 152 2714
455 327 2428
456 321 941
457 4 1777
458 455 1348
459 413 2416
460 36 2068
461 342 1773
462 34 2337
463 95 2062
464 262 1151
465 50 1158
466 347 2804
467 424 2044
468 97 363
469 184 2073
470 138 213
471 180 506
472 30 2061
473 82 2676
474 19 2413
475 299 2212
476 253 428
477 140 2869
478 348 1522
479 404 874
480 334 294
481 204 1386
482 80 1922
483 16 2209
484 53 2502
485 119 2276
486 476 2511
487 183 236
488 275 1238
489 128 2735
490 209 2337
491 101 2020
492 353 738
493 99 2814
494 372 1305
495 488 169
496 268 1766
497 216 155
498 40 270
499 166 1301
500 423 2179
501 112 1445
502 109 836
503 257 414
504 20 2271
505 372 2277
506 180 781
507 310 2724
508 272 108
509 324 2157
510 321 1523
511 329 2707
512 178 1852
513 21 2916
514 377 199
515 505 1265
516 489 2914
517 165 1147
518 452 628
519 19 527
520 286 2912
521 56 775
522 222 2246
523 114 1519
524 317 464
525 399 2709
526 215 2809
527 475 1307
528 375 2919
529 11 1113
530 360 422
531 177 819
532 271 128
533 25 510
534 385 577
535 165 865
536 186 2567
537 512 1015
538 422 2393
539 211 930
540 231 776
541 527 604
542 292 559
543 460 2962
544 371 302
545 84 2727
546 245 2323
547 415 1924
548 182 338
549 360 541
550 370 1908
551 134 1015
552 27 583
553 433 1240
554 26 1414
555 215 330
556 109 1208
557 217 1535
558 545 1767
559 535 2843
560 379 2071
561 526 1142
562 303 1054
563 125 2049
564 164 2566
565 245 180
566 434 1430
567 475 1405
568 506 1022
569 195 1573
570 217 240
571 259 2907
572 188 2060
573 440 2612
574 387 390
575 227 586
576 501 1246
577 488 3
578 271 1923
579 41 2706
580 550 218
581 469 1591
582 210 898
583 36 2338
584 344 494
585 450 2511
586 309 1850
587 142 1715
588 224 1745
589 162 752
590 385 1205
591 145 593
592 403 2981
593 33 446
594 3 2026
595 303 278
596 590 2137
597 468 2031
598 201 2682
599 497 487
600 232 1528
601 566 383
602 494 1801
603 56 889
604 27 2330
605 379 2078
606 135 2944
607 511 2745
608 341 117
609 472 2618
610 362 1744
611 398 1636
612 576 2477
613 458 699
614 612 660
615 72 1870
616 262 2681
617 107 2995
618 383 2193
619 256 1190
620 469 1402
621 127 1723
622 203 13
623 609 1321
624 341 2324
625 79 1442
626 315 476
627 254 2218
628 133 2098
629 149 1443
630 271 2488
631 106 2171
632 631 582
633 302 1526
634 223 812
635 526 2608
636 211 1043
637 137 324
638 509 350
639 507 318
640 223 2038
641 32 732
642 343 1358
643 535 1663
644 377 541
645 9 1250
646 197 866
647 144 2811
648 290 1573
649 59 1946
650 268 735
651 423 1703
652 61 1563
653 126 2097
654 616 2827
655 523 1200
656 21 1577
657 238 255
658 608 1090
659 454 2081
660 499 1395
661 512 2446
662 550 2748
663 561 555
664 382 232
665 442 282
666 651 1942
667 21 2917
668 650 1794
669 374 2265
670 146 2174
671 354 558
672 411 2476
673 454 2478
674 651 270
675 663 1675
676 467 2863
677 526 1480
678 600 2878
679 228 867
680 449 2423
681 238 2154
682 20 2183
683 658 2660
684 465 2483
685 226 2341
686 600 2281
687 597 236
688 88 2907
689 353 575
690 501 2855
691 158 89
692 169 43
693 13 2790
694 277 876
695 334 2016
696 336 78
697 306 203
698 220 2964
699 49 2602
700 467 31
701 191 1502
702 206 2484
703 155 2458
704 10 130
705 639 163
706 161 320
707 156 2237
708 226 2760
709 564 1892
710 114 1942
711 170 153
712 547 1698
713 658 21
714 118 721
715 643 365
716 414 2286
717 125 1326
718 126 1193
719 208 920
720 717 962
721 716 945
722 213 367
723 551 374
724 18 2827
725 87 2658
726 248 2297
727 224 1449
728 613 645
729 581 2045
730 98 2632
731 250 2154
732 208 2596
733 442 2463
734 590 1235
735 532 2985
736 715 2155
737 679 1770
738 9 80
739 409 1296
740 309 2274
741 325 49
742 703 1463
743 366 2795
744 427 2888
745 35 1592
746 590 2345
747 510 1914
748 47 2832
749 413 686
750 593 2331
751 493 211
752 186 685
753 38 2852
754 655 2340
755 81 2234
756 263 1363
757 483 2803
758 736 1877
759 268 891
760 543 1137
761 167 820
762 296 1365
763 349 1963
764 379 1099
765 679 1105
766 502 670
767 671 73
768 270 985
769 398 765
770 300 2722
771 54 92
772 118 2730
773 294 825
774 598 1982
775 92 544
776 498 1672
777 332 2756
778 141 893
779 771 2493
780 738 1915
781 152 2998
782 319 207
783 315 346
784 399 1973
785 114 1792
786 276 86
787 677 2178
788 693 2600
789 453 97
790 237 831
791 50 56
792 383 2121
793 763 2433
794 435 2645
795 524 1110
796 707 1548
797 108 280
798 642 1862
799 484 2327
800 223 362
801 569 308
802 372 2519
803 743 1780
804 203 2480
805 47 1790
806 506 1592
807 641 2242
808 311 1695
809 622 1937
810 338 1881
811 445 1597
812 191 720
813 788 2100
814 19 2240
815 435 2598
816 514 2452
817 205 2759
818 166 1852
819 32 632
820 222 1710
821 219 2120
822 169 137
823 344 2711
824 13 1585
825 683 1953
826 792 1052
827 236 298
828 666 2577
829 461 1170
830 254 1103
831 754 1870
832 363 1251
833 541 236
834 384 2837
835 194 168
836 286 2164
837 717 2330
838 608 1458
839 185 2391
840 708 706
841 377 1096
842 491 100
843 146 2416
844 336 1854
845 376 2197
846 667 1205
847 149 2896
848 294 1929
849 695 1332
850 768 863
851 790 234
852 713 847
853 692 2306
854 752 1549
855 80 811
856 59 2429
857 251 574
858 736 2744
859 311 359
860 335 686
861 573 2831
862 388 1787
863 840 2318
864 801 2680
865 171 88
866 738 936
867 404 2031
868 28 2262
869 640 2448
870 591 2620
871 279 908
872 273 2745
873 216 2932
874 813 804
875 627 2884
876 785 445
877 761 638
878 236 332
879 808 191
880 124 1468
881 24 1655
882 215 1658
883 843 713
884 386 191
885 194 1162
886 511 1374
887 666 2912
888 718 906
889 681 1031
890 526 491
891 216 631
892 170 2702
893 670 2266
894 440 51
895 389 137
896 679 1647
897 301 110
898 788 2035
899 132 1297
900 531 864
901 395 505
902 49 2567
903 140 1876
904 730 1944
905 4 838
906 772 1030
907 94 1563
908 169 341
909 465 72
910 113 2267
911 781 2695
912 484 1882
913 49 2218
914 76 2397
915 651 1014
916 335 736
917 113 1574
918 180 1131
919 522 2952
920 596 1849
921 302 2262
922 668 1894
923 456 2501
924 893 1368
925 729 913
926 298 1782
927 423 740
928 785 1299
929 401 2031
930 746 1172
931 567 1319
932 118 1030
933 285 117
934 357 2063
935 5 358
936 718 586
937 419 955
938 854 1420
939 810 2259
940 898 1031
941 263 1006
942 474 2575
943 640 1491
944 929 699
945 320 667
946 902 1823
947 718 2087
948 271 2776
949 866 2722
950 357 1587
951 138 1480
952 542 827
953 353 41
954 667 1648
955 645 1621
956 360 2350
957 209 1689
958 647 2561
959 164 1601
960 838 2425
961 93 2586
962 285 456
963 813 2539
964 802 2363
965 165 1350
966 3 1984
967 348 814
968 44 415
969 170 1356
970 808 76
971 354 231
972 709 1416
973 218 2540
974 516 1525
975 25 1319
976 43 1654
977 822 1561
978 29 1462
979 177 1492
980 332 2368
981 586 335
982 699 171
983 567 2539
984 237 2761
985 869 140
986 131 253
987 867 2214
988 330 2411
989 636 889
990 734 248
991 172 147
992 621 2650
993 779 1216
994 203 2085
995 99 1401
996 177 1429
997 950 2068
998 749 1292
999 315 1962
357 432 787
44 265 1003
173 342 1691
126 227 2799
416 762 1498
362 415 1024
402 684 91
829 984 846
474 833 185
418 896 1628
310 743 1135
301 782 2963
880 972 1896
743 764 1386
43 67 303
255 945 603
313 649 2388
336 797 1440
238 737 1994
1 319 2173
202 861 2033
390 454 2482
181 807 195
916 956 2187
198 559 46
87 823 2041
647 922 1884
539 943 643
962 973 1907
486 645 1043
308 483 1796
252 746 2858
456 726 847
970 978 1603
605 822 907
192 278 631
195 940 1012
272 754 249
645 757 2934
459 544 779
52 627 365
135 923 1544
253 399 783
877 955 1972
510 575 772
88 852 1415
296 945 32
373 749 998
454 582 1915
154 510 2855
431 948 2294
381 953 828
147 978 2450
174 994 2111
853 856 507
447 575 1808
588 953 2934
126 456 36
239 646 169
448 843 2489
9 325 2983
668 757 2909
664 803 2196
32 661 1743
324 630 1201
329 546 1305
148 453 2615
756 821 1855
327 666 1137
1 998 644
580 660 653
853 930 2384
65 704 1837
843 913 1450
77 997 2734
91 462 1631
94 384 2458
54 602 1775
261 427 1736
109 381 1739
615 635 1356
405 905 1968
417 765 1058
196 826 1115
133 462 448
251 512 934
178 786 1886
135 278 1523
195 513 1747
193 593 2377
312 772 1205
429 670 513
761 800 1306
235 885 51
316 493 2860
72 147 68
212 972 33
830 955 1196
140 149 1419
167 258 2647
20 963 728
22 431 2769
509 685 2047
328 713 2606
400 585 917
274 397 1646
438 806 1685
369 572 1136
411 474 838
444 563 2199
780 877 2831
121 694 2288
53 386 1955
146 559 1390
464 535 1383
53 553 940
691 955 2458
82 738 2410
618 672 308
211 980 2426
645 931 2973
251 959 1897
442 482 410
121 358 1579
495 612 2632
305 407 2621
540 663 2119
507 877 1097
253 381 2591
689 966 2818
93 578 2092
163 496 2834
123 293 2202
808 848 2415
204 336 2538
192 719 289
599 993 1638
330 699 1751
130 332 2795
645 804 683
308 618 87
657 781 343
506 869 456
287 560 887
440 646 795
75 789 2804
240 838 1939
532 663 75
475 941 2455
967 972 2503
271 912 1561
276 949 669
213 489 2645
192 704 383
188 390 745
65 567 573
553 750 116
209 949 2813
173 433 2794
99 302 1436
635 989 2530
680 758 382
194 551 1788
257 278 2336
18 873 806
733 786 1922
415 504 529
49 444 332
625 733 1189
17 561 593
283 522 1707
260 596 1197
402 526 2092
269 526 2892
91 230 13
533 907 1981
369 634 1318
572 674 812
27 849 1185
281 659 427
200 955 2067
121 357 716
862 888 1760
307 338 1204
515 590 1817
65 603 1106
108 213 945
563 942 2174
178 539 2593
409 730 2610
11 727 2587
283 535 2615
806 928 2459
180 581 1722
530 832 122
828 836 2331
360 819 2723
54 668 1354
248 541 1821
584 671 521
110 451 600
476 732 2923
84 440 503
716 966 1985
568 888 1000
707 764 1702
415 973 1186
273 667 992
647 710 813
41 726 627
188 912 145
193 452 2781
201 519 321
9 16 1324
745 884 1472
27 306 2548
181 395 1040
140 438 2483
206 493 940
124 935 138
291 703 2412
688 783 1986
273 397 1782
769 976 1840
69 756 2737
213 660 647
198 697 2276
863 898 2845
416 569 992
515 539 2253
296 953 842
110 615 367
124 768 325
145 937 2033
199 242 319
62 572 641
703 785 2914
379 915 1874
108 264 1356
266 392 14
357 601 1686
340 555 126
448 609 648
538 551 2568
59 943 1044
276 501 875
43 712 1969
168 324 1603
233 939 224
245 555 752
644 905 63
194 763 2766
108 312 1090
350 921 904
22 687 1973
163 835 1879
847 950 1372
237 508 1569
179 437 2006
364 808 2363
474 609 1028
95 181 2593
330 571 76
623 954 2745
35 552 394
202 756 142
684 963 1514
594 706 1948
83 634 360
88 547 128
35 430 2818
53 810 2748
163 889 2271
705 983 2978
351 504 153
364 866 2277
152 901 2303
595 942 1157
176 630 2137
63 191 1538
176 764 1358
195 416 542
234 395 1712
626 860 9
317 331 2083
275 486 203
789 823 541
43 931 2979
173 834 210
122 153 1547
195 246 2591
925 981 2612
461 614 19
398 504 626
69 675 1909
280 656 357
469 617 2100
56 172 2134
362 423 1213
345 841 2767
401 851 889
359 529 2417
123 916 2088
678 704 2637
273 702 1212
214 505 1285
675 766 2444
41 539 564
313 869 274
188 334 860
101 104 1114
118 823 322
91 353 2894
41 506 630
120 602 166
399 702 652
478 839 2287
612 684 2384
353 450 59
575 788 472
420 792 2913
281 834 1295
765 802 1178
471 500 1471
286 361 816
88 173 1069
316 851 1082
691 762 263
782 959 38
421 545 344
56 431 2408
787 993 229
265 803 431
346 958 895
549 683 1359
603 845 2750
262 589 1547
119 154 2440
207 375 1974
492 541 1499
522 759 2499
77 93 1920
334 655 1863
812 883 1470
106 344 1838
464 478 2822
417 778 2962
431 854 588
15 688 2283
473 517 1140
649 855 2982
286 502 1802
638 798 2039
296 577 960
926 995 21
647 988 598
221 840 2741
59 800 2986
377 431 1871
81 255 2717
632 675 623
146 953 843
56 762 807
808 963 1231
606 832 1906
776 799 2570
379 742 101
343 602 2049
170 278 2509
71 253 2951
212 495 561
276 445 906
284 942 2642
70 602 1812
738 833 152
586 596 900
421 447 2629
243 801 1745
818 867 2702
853 984 1109
762 968 2472
772 895 1509
430 815 2399
455 839 1532
398 589 1494
536 936 707
59 359 1785
685 933 1560
751 991 2762
367 920 2676
449 948 2401
244 846 2265
198 902 820
258 328 2216
379 819 1994
881 924 2908
427 826 2720
13 298 2903
178 793 453
254 864 2412
296 885 1525
604 717 731
467 958 970
27 412 884
244 661 536
94 590 52
287 378 454
73 99 911
550 696 2440
123 131 1781
557 951 195
171 522 1153
863 992 2172
501 685 2145
204 492 1269
334 900 1107
677 828 1774
597 884 1610
443 968 2469
345 472 1052
408 807 1806
238 528 2915
530 551 2268
172 272 428
79 311 1499
453 820 848
615 890 820
146 330 1461
185 626 562
234 573 467
351 786 1866
951 974 1308
80 916 1268
210 806 976
389 856 2755
292 659 786
115 424 1488
555 603 2707
363 575 2670
313 992 2664
407 538 2361
238 419 2389
514 713 2416
111 429 1587
424 947 1760
274 541 705
788 867 1715
63 944 2644
152 232 513
91 131 746
839 842 2649
647 868 694
418 552 1320
961 992 123
304 750 1164
826 982 1785
177 517 1711
200 281 443
291 436 2551
212 835 1638
27 238 1578
239 500 262
289 663 2477
489 857 2062
117 216 1226
19 551 837
176 358 1937
679 957 1054
646 765 1451
212 492 64
53 844 636
131 350 961
627 859 2176
416 606 366
626 886 1911
101 730 2869
305 771 979
207 303 1029
594 991 2412
90 116 1247
322 972 53
248 421 1286
294 918 2275
879 956 2653
97 635 787
269 866 2275
610 845 83
365 960 2050
282 417 1971
856 919 863
449 799 409
572 966 1157
19 38 2323
720 986 2635
792 935 11
147 874 2888
48 892 2266
256 279 926
425 962 747
508 530 827
835 990 2840
401 429 2734
443 539 174
361 946 4
64 618 1569
391 979 577
500 955 207
778 979 2528
685 758 1978
285 645 2412
26 402 731
20 488 2277
514 565 2668
10 938 456
124 134 267
34 502 158
249 508 864
556 578 795
751 997 486
617 804 1528
189 406 1571
330 337 505
261 991 525
24 740 1207
453 486 613
512 744 2873
573 792 1159
306 954 178
84 722 490
608 873 1957
418 893 374
282 904 440
541 854 1276
94 659 268
719 806 2977
52 777 573
274 704 2209
188 780 1339
332 879 1375
321 549 1408
58 193 229
327 754 1551
43 879 636
138 341 1514
535 626 210
344 939 2187
177 268 325
596 782 2172
38 321 1497
196 868 1172
276 583 1635
465 536 1600
632 889 1389
169 472 2139
407 524 1171
474 646 1992
220 548 1356
79 236 2626
720 828 1587
26 403 510
86 901 813
271 718 2560
453 543 1380
727 778 2944
199 669 162
793 819 1545
91 421 1996
418 832 1013
549 713 2291
363 640 1677
228 399 1100
415 497 1936
296 498 2179
14 822 1650
16 955 594
14 263 573
73 998 2227
319 509 2983
289 664 1113
724 774 1803
598 892 447
356 702 2621
255 629 929
558 922 2073
665 697 1395
247 353 437
227 681 2940
0 620 2017
164 504 200
542 836 2241
209 500 1981
33 742 2372
268 679 230
641 665 2366
242 671 580
190 414 358
137 994 895
316 608 1386
172 298 365
1 325 518
91 556 2597
15 787 2754
341 503 1244
271 436 2921
527 985 502
248 962 2256
75 241 1050
150 832 2285
135 189 2883
227 273 2477
869 965 124
42 341 2177
145 702 2839
674 911 262
473 956 506
635 689 2520
506 603 1190
234 510 902
325 501 1621
598 966 2244
592 669 767
665 673 482
870 938 2474
211 382 1506
64 212 2629
428 987 1019
383 906 2071
789 894 2898
446 506 2127
70 329 1488
53 325 2114
906 948 2736
151 304 2190
136 612 1356
277 679 771
364 772 431
296 450 258
172 439 563
703 942 1461
293 518 1376
258 313 1719
183 377 2863
404 508 1841
388 585 406
217 342 43
385 910 876
223 859 514
249 629 2025
192 429 1083
624 915 2274
881 888 1645
604 912 2259
357 433 1046
707 914 1406
576 610 2033
34 481 232
167 919 1268
717 822 1001
279 620 1432
257 655 2268
315 554 1681
265 271 685
666 849 2246
424 568 1179
605 765 2962
510 879 230
156 427 2939
145 231 1083
321 677 1088
411 627 1465
329 874 1842
355 464 1949
162 579 1800
577 802 1788
9 376 2671
55 779 2391
199 635 30
50 709 2985
80 602 1463
38 769 2448
446 838 1367
482 877 1120
164 401 770
383 517 2365
537 705 960
304 444 2611
340 475 898
880 887 1844
524 550 2300
39 162 1519
857 871 1826
257 544 1206
457 563 2572
456 805 2164
717 912 1431
676 985 337
238 848 102
17 155 1777
65 556 670
169 915 2817
542 552 2845
335 570 381
44 448 1770
48 358 1410
504 849 2534
124 867 1554
432 991 91
585 680 436
263 528 2592
20 447 1717
334 558 2230
278 334 2532
447 461 1453
847 981 2143
130 627 1933
199 298 2838
788 941 1850
18 805 250
274 589 1684
62 259 851
319 997 461
493 529 454
684 862 2605
261 706 2208
195 238 2646
70 161 1093
344 634 201
350 568 107
418 484 622
20 763 2362
663 874 437
122 361 182
464 731 2782
164 184 422
688 745 2643
901 947 1583
457 762 2579
0 375 2217
728 791 1454
335 860 2789
507 781 235
123 233 1838
851 922 885
257 683 864
536 946 52
196 449 2911
546 632 2133
607 852 670
255 829 485
708 756 449
44 643 1535
133 514 1946
806 901 2463
195 639 2992
83 281 2589
394 954 1186
179 846 479
44 80 2513
370 614 1126
623 927 157
157 620 212
638 846 2112
213 467 2965
217 804 14
593 888 161
900 909 2699
238 306 978
577 650 761
915 949 681
605 910 1172
210 496 1557
180 403 1478
330 750 2631
84 635 2330
207 791 328
396 789 210
325 447 1297
598 851 1666
161 643 2215
150 858 955
115 235 2254
63 546 1789
59 812 377
623 828 2853
339 668 1014
391 923 1861
313 828 592
709 932 843
562 781 2044
292 835 912
338 625 2685
376 629 2019
551 667 1466
21 837 1722
181 892 2246
688 875 2496
172 794 2757
0 135 908
167 407 2379
317 576 296
408 468 928
120 266 366
776 832 2297
538 800 1101
66 874 375
176 502 193
718 736 2590
136 754 2638
758 936 1454
75 805 1255
32 605 824
13 217 712
173 249 2743
728 833 629
166 707 760
452 969 266
199 451 1067
14 75 1178
204 644 387
279 714 2058
416 711 1697
166 421 83
121 652 333
20 81 2736
464 793 252
17 595 481
268 596 2444
82 538 227
143 821 1351
359 934 1658
711 717 567
346 514 1609
357 426 132
245 642 2718
36 790 1204
139 879 1996
220 506 2305
141 719 508
415 451 905
852 944 975
97 619 207
207 524 673
144 478 2639
512 818 1317
7 682 841
695 889 2602
2 62 2336
61 181 436
278 593 2951
750 769 2298
323 676 923
3 769 981
361 619 377
78 135 1288
803 818 2539
206 595 1081
325 565 2468
814 860 2953
653 872 2905
653 961 2769
116 657 1964
666 796 1724
409 905 1403
466 825 2641
203 539 2963
100 573 1242
311 826 1820
185 642 1094
171 431 2541
374 546 2405
167 755 2407
415 549 1327
70 628 1240
624 751 2105
249 620 2945
272 295 1343
803 845 1137
119 586 2865
497 565 1458
60 474 1711
255 442 1110
62 320 2276
457 986 168
610 673 2436
42 904 1078
136 455 833
89 233 1679
53 738 1188
135 539 2332
319 557 1392
499 942 291
398 506 861
108 668 1694
183 723 1574
295 481 1857
807 887 1917
81 661 202
304 382 1646
327 678 2440
447 753 2199
318 842 994
561 960 1743
366 813 2994
402 751 1293
116 747 107
359 661 2174
510 557 1291
160 954 1298
94 637 376
114 901 1837
38 424 1208
19 327 800
236 706 1182
503 630 1498
254 276 1917
469 798 299
124 445 2354
564 918 2348
100 503 1103
371 895 549
53 933 705
385 390 805
9 356 1182
333 888 862
160 223 2911
355 465 2981
480 578 1978
415 453 552
17 323 200
107 908 842
232 938 2987
348 757 2326
366 727 2671
59 691 445
149 402 1278
206 850 975
327 596 2576
364 538 2312
130 348 356
465 619 172
411 544 1806
107 866 633
107 151 1756
367 756 316
62 949 2650
155 209 1554
149 798 1766
766 879 753
193 522 1641
135 699 2317
480 891 2104
395 959 2805
670 758 810
364 629 2621
49 842 2079
467 851 1999
533 735 2630
65 125 93
271 963 1080
263 468 1020
125 592 2743
181 591 1257
167 666 2990
88 151 1382
38 84 2020
97 835 673
378 404 1459
78 513 242
455 656 377
24 84 2925
298 988 1440
193 828 1930
212 391 1292
402 676 1280
289 904 1005
89 941 1662
576 895 2352
340 833 1445
75 138 2582
41 225 1320
382 454 508
241 645 2322
599 626 1164
524 823 858
502 790 748
290 977 1125
139 340 788
188 728 788
507 624 2033
297 840 1563
65 583 1308
843 885 667
216 322 1973
188 985 2596
307 456 2867
763 924 1684
803 923 1060
158 710 1865
108 451 1581
636 819 471
435 450 1177
24 379 1580
685 844 521
251 911 1109
98 290 2036
255 831 2999
576 926 2767
281 604 2143
204 218 1322
408 703 2684
127 647 126
228 403 1744
261 565 1250
200 459 2616
685 797 2475
166 493 611
252 917 2847
575 659 597
739 833 1023
795 901 1880
397 888 2624
244 611 987
90 245 1850
221 837 1828
405 466 1676
382 472 2984
382 384 533
525 756 226
96 477 1316
130 298 2556
1 966 400
592 698 2979
845 887 1216
106 844 1601
635 962 1105
315 900 2665
650 802 1775
124 578 943
281 893 2428
213 581 696
202 876 2447
704 859 2135
627 674 275
319 736 2978
104 287 350
68 840 1405
61 243 1626
3 797 251
671 955 2340
616 648 205
270 354 2169
77 989 60
43 748 328
304 954 2861
44 488 382
357 794 963
102 525 570
577 835 56
564 854 194
346 529 1342
119 555 103
151 536 1512
641 991 811
495 532 286
159 972 551
130 861 898
229 879 2046
225 602 1627
314 800 453
81 825 1539
816 996 2393
636 741 1981
184 836 2412
459 735 2217
3 975 548
373 437 2537
759 827 257
533 649 1591
657 908 2785
573 990 540
279 899 1817
700 994 2046
477 983 471
961 978 729
702 955 1015
92 138 617
43 458 1366
29 536 2813
471 869 1729
649 968 1720
155 259 1344
540 617 639
228 547 1334
45 913 1057
72 491 2899
63 845 1194
205 675 716
129 464 540
421 838 2259
141 233 1535
288 492 2644
85 214 421
747 957 2215
614 947 981
146 540 1675
497 855 1708
258 947 2056
146 543 646
156 707 90
243 313 36
389 859 1874
572 840 1748
654 762 2228
193 230 564
72 592 1527
47 408 1992
719 899 2619
339 531 1426
237 513 1104
879 951 2676
31 47 2004
331 787 1966
584 716 2208
128 305 2247
658 892 2050
256 916 748
430 727 1864
596 678 1014
530 866 2949
87 427 2314
294 468 146
112 888 2232
376 484 1100
170 549 818
376 546 2092
177 478 368
239 626 89
290 971 2693
524 970 1895
129 612 83
802 815 1985
455 619 1689
602 699 1554
804 970 717
514 986 415
24 188 1166
125 846 1667
387 519 1303
41 443 1450
403 608 1209
46 147 2936
402 411 1908
662 881 1883
9 148 442
320 555 2653
259 910 2123
963 982 2389
135 349 2173
9 400 1608
690 918 1754
419 832 1843
193 982 1648
303 549 1618
734 796 1674
282 804 1403
303 589 2302
347 403 94
602 630 2744
391 568 2518
52 775 2193
270 972 1484
151 687 628
734 987 2067
256 891 2507
843 976 1443
772 939 2188
143 566 1122
290 309 1796
333 554 2184
472 699 2131
409 559 2656
686 756 1803
17 548 415
0 481 2889
390 660 1813
28 719 2994
631 913 1235
795 925 1080
188 721 1237
71 963 2237
545 926 2849
444 728 2630
248 434 20
489 828 785
389 551 572
105 920 2291
309 630 2118
552 554 1151
98 310 2247
115 160 1906
88 340 1323
339 421 2614
36 906 946
529 957 980
11 540 1060
243 475 2816
59 490 53
601 738 24
295 298 148
421 568 1345
86 232 21
83 532 2579
69 390 331
248 933 2189
29 192 2894
10 705 571
12 133 1319
628 849 447
58 76 177
34 773 1850
73 508 2726
208 751 2464
45 748 2806
128 478 1947
686 770 2050
145 616 1773
881 992 504
319 588 1533
102 961 984
418 461 1496
846 945 2281
436 563 232
305 424 2083
151 866 1215
424 452 2704
275 701 2108
558 962 1778
6 861 1972
163 925 908
124 156 1503
491 916 2712
757 993 2176
217 649 2234
112 199 2573
549 594 977
209 495 1138
558 876 856
172 980 1185
581 619 213
411 883 802
95 192 1823
648 862 568
261 263 487
117 522 2075
370 774 823
255 904 73
109 232 130
748 929 1472
89 803 1083
34 887 245
335 747 790
75 298 2870
441 784 878
233 975 2186
144 777 224
393 890 498
2 411 1464
20 394 2516
393 987 152
448 898 1596
89 256 637
340 549 2911
267 537 2962
418 713 1845
443 449 1519
773 836 795
529 829 156
231 830 464
137 210 2818
162 833 13
407 572 1894
72 905 2518
475 714 2770
410 455 1000
654 739 876
46 244 2680
11 184 1111
120 569 2551
130 158 2615
644 970 1660
107 858 2046
120 251 334
515 718 326
320 980 1395
469 884 2384
94 357 283
84 994 2286
575 629 2223
520 804 1564
49 907 1516
469 511 185
1 93 2843
286 481 2204
375 789 1374
63 179 570
738 817 1468
1 999 2161
121 206 2350
236 441 2929
228 632 1030
785 940 245
155 544 81
162 959 2909
104 502 1042
625 770 1235
546 652 276
768 890 186
312 488 1426
317 572 1168
117 691 1942
264 781 2752
383 552 747
181 493 2164
240 563 2480
36 250 2776
628 964 2187
70 871 1935
6 389 1680
168 609 1129
840 898 1500
457 811 190
295 721 2019
359 514 1341
850 942 1290
742 813 383
636 690 2937
182 497 2572
22 481 1061
29 587 940
226 525 1840
110 709 2091
98 898 1800
632 682 492
469 899 394
519 637 1144
185 599 1130
257 618 1151
83 377 1966
665 969 1109
308 846 1194
249 938 2549
142 856 1064
698 896 217
593 869 1531
201 355 339
173 282 1176
632 946 2176
227 496 2930
359 830 2259
164 663 1151
108 853 1358
591 898 1589
579 790 1587
204 517 1431
905 908 1578
43 263 1715
242 935 223
428 950 662
184 791 1635
153 467 402
212 969 1084
460 622 21
351 414 464
476 563 1243
89 578 1100
330 867 267
351 415 1175
321 733 52
120 165 2099
262 424 1984
314 372 1454
545 717 1957
80 571 608
125 366 1799
93 480 2052
309 962 785
561 586 2077
510 966 704
407 854 1130
772 808 2321
563 935 1760
249 748 2098
666 680 2746
304 644 1469
518 546 1133
479 681 1632
45 392 1706
648 873 537
846 980 1129
824 970 2858
616 740 564
21 330 1646
189 995 1647
90 307 2719
195 298 1101
111 862 927
397 526 1675
23 582 467
284 775 95
88 937 2595
187 409 156
195 336 2835
87 543 2454
585 655 1148
493 815 2813
360 534 1029
418 635 2986
448 721 1256
104 865 991
436 601 735
266 863 255
829 903 1079
434 858 2369
106 185 2326
482 614 287
61 207 964
826 887 2932
130 266 226
268 740 1538
110 556 1165
319 420 2830
94 390 1909
270 913 1885
853 924 414
416 803 1601
809 867 805
231 914 78
360 601 2079
482 983 970
359 486 1523
289 815 836
109 350 1335
253 886 392
10 873 2233
844 939 1008
50 859 649
28 868 89
164 192 1172
56 472 2290
25 261 2607
200 771 2425
479 543 1048
459 646 2834
355 372 1312
73 904 897
122 515 1890
264 313 1279
291 931 787
281 287 1535
482 732 1524
380 735 2731
666 900 577
373 822 549
79 431 2781
182 406 573
489 535 154
323 725 490
60 944 945
124 583 2335
66 191 484
298 794 2620
202 427 670
188 930 2897
4 980 1820
392 941 1228
62 338 2047
368 779 2635
144 786 158
493 665 2716
676 901 2618
62 784 12
378 798 482
644 685 742
473 874 2846
603 962 990
47 230 719
143 930 1693
577 612 1467
104 511 593
177 299 2576
77 441 16
234 780 143
59 558 351
103 522 2781
523 982 1590
160 237 28
107 715 2389
733 739 2749
216 498 742
860 973 983
164 398 37
210 507 1631
407 876 2678
408 903 1229
572 650 111
270 832 1548
591 993 1091
512 792 1125
203 648 2965
343 443 898
562 770 2558
435 846 1815
331 397 2847
440 858 523
521 929 616
280 458 2626
24 724 1089
93 906 1624
61 113 1257
66 650 356
125 527 2572
344 921 2449
13 288 1388
54 580 2870
427 458 1165
306 323 2602
279 485 2997
327 576 801
919 949 2898
176 838 1704
112 446 354
200 804 267
654 802 2533
425 643 1872
95 162 1258
12 926 211
466 613 1020
190 777 485
736 761 1603
551 934 1845
490 841 117
434 801 2287
194 320 721
277 790 2724
729 900 473
773 948 2366
126 375 2573
528 886 399
956 966 2396
14 488 2607
329 861 2743
249 949 167
640 867 2715
299 664 1885
100 130 557
152 577 44
692 707 1451
619 654 2171
840 997 1760
53 490 311
93 658 2283
612 993 1675
206 434 2419
168 712 11
115 583 2602
54 726 2446
210 862 1731
120 323 2144
233 312 2680
145 287 1184
93 576 1681
249 760 2713
642 749 792
365 878 1334
140 512 1552
59 776 1274
63 402 941
155 673 2424
285 582 1756
69 903 307
226 990 2107
737 757 1599
283 989 1625
807 872 1623
860 909 2379
335 399 2557
89 718 1014
367 987 2973
570 803 1466
85 293 2231
131 908 2990
140 711 1557
221 899 1283
361 404 1783
77 823 136
179 834 1373
189 754 1718
746 864 2990
337 376 1004
101 648 842
465 608 2102
108 996 2479
809 957 2442
167 753 97
667 731 1984
354 606 1934
850 853 2427
381 389 2647
53 784 2514
464 883 1358
601 636 407
160 260 874
17 954 597
587 940 2850
440 719 2745
606 825 2686
123 838 396
392 748 1013
625 908 1058
61 634 2162
359 718 2593
646 709 2230
434 658 2249
127 928 2742
208 989 2940
409 977 1899
444 562 337
461 758 2161
909 926 1149
539 900 277
337 781 1167
647 893 451
264 299 163
21 939 407
205 762 1740
181 280 2313
333 599 2725
32 362 2706
360 775 2429
309 772 1381
664 792 1048
203 229 244
785 965 2639
671 752 2231
303 870 2642
547 752 2682
115 481 1895
173 736 1347
188 984 124
153 344 2079
94 434 1979
471 826 2462
198 340 1569
465 919 2928
374 969 116
184 364 1294
144 378 1877
562 707 107
255 276 736
11 833 2011
413 948 307
44 469 1086
275 810 1946
334 400 1941
391 627 2025
138 617 1733
589 884 575
425 647 1683
649 974 859
14 881 2861
141 878 2317
371 733 1967
626 792 2746
99 637 1159
116 375 1989
375 586 2604
178 499 2860
775 976 1610
793 816 2471
642 851 984
128 956 775
722 885 2891
277 608 2151
442 687 1459
272 625 159
370 473 2764
100 358 948
135 927 2442
231 884 885
462 564 337
47 755 2999
666 858 1128
80 626 847
199 881 1760
74 114 1582
330 767 2705
133 248 1116
68 903 1486
275 825 536
475 906 942
609 932 907
217 504 239
430 682 591
232 831 1914
652 702 2027
336 822 2556
517 962 2324
119 933 1716
69 210 735
214 242 2761
79 459 1378
606 779 23
251 736 1886
32 778 738
77 700 1152
155 621 815
598 797 902
136 657 1024
655 933 466
73 963 2913
28 301 407
545 992 641
87 213 88
419 909 1491
175 822 221
471 821 1048
169 729 383
2 161 1521
668 711 1036
48 219 2412
441 920 1887
637 882 1284
408 460 344
261 969 1740
226 918 1048
360 394 99
415 810 2876
38 130 1591
178 922 37
650 989 2032
565 860 932
237 886 1420
440 581 334
246 657 2844
106 564 2090
321 778 1391
349 886 1073
549 692 1962
359 430 365
276 746 1373
287 991 2062
2 619 2459
167 641 2828
210 605 1456
303 732 2555
767 915 1539
170 911 1172
226 721 1277
536 793 612
162 933 2416
156 573 2719
466 845 1334
115 742 1451
606 953 78
667 834 1560
117 554 813
193 604 2015
128 989 2266
434 862 1420
544 783 190
119 962 1645
52 340 703
183 760 1612
464 661 1060
797 803 2486
588 658 1830
14 429 107
450 732 966
75 476 349
80 663 55
5 940 1731
689 903 1713
31 819 2231
561 951 2400
47 594 2539
214 827 1102
100 580 1423
677 900 2936
745 880 2681
762 872 431
165 787 551
504 657 1695
199 483 2058
357 892 1403
604 972 1553
281 408 2398
127 992 1997
325 959 1357
868 907 164
551 986 140
534 766 2246
347 979 1939
206 793 346
437 451 2990
727 880 79
552 862 982
593 905 1663
176 786 486
573 603 2819
186 738 1362
314 994 2901
892 998 1643
49 564 829
282 690 149
12 731 1431
128 250 1809
432 691 259
306 792 2503
529 870 204
677 786 2357
831 960 1341
645 849 1781
791 929 612
308 927 1755
730 987 66
272 657 1004
233 842 2099
3 401 101
496 783 69
483 521 2558
63 327 246
600 888 1259
175 672 1343
519 963 2922
51 617 264
89 259 501
428 970 2939
233 760 2257
649 846 748
506 729 644
346 950 2180
479 920 1680
644 814 2362
175 809 1007
628 817 1087
213 591 437
318 568 1282
26 739 1789
455 944 993
167 981 1419
419 662 106
164 278 2574
56 265 2275
633 744 2793
334 551 1038
488 705 2008
105 544 171
496 575 877
169 255 2940
139 699 1066
186 323 258
89 749 1511
560 762 923
410 479 710
202 775 439
735 877 67
428 547 943
82 469 2476
766 789 2840
548 738 769
771 829 1462
750 932 1878
73 940 1385
842 845 1869
109 418 243
620 834 1622
614 854 2265
524 878 913
159 351 405
48 380 2506
115 765 2682
176 872 1714
11 65 1504
291 701 942
205 255 339
353 449 2565
202 808 1356
627 951 1441
381 959 1147
132 522 2857
819 946 630
250 302 1953
353 999 170
175 757 300
683 827 517
288 774 358
394 760 1492
362 722 2854
735 809 845
610 618 1702
147 526 2667
831 972 2130
728 878 77
9 327 604
327 838 1996
91 609 399
563 986 1075
664 716 692
540 852 1980
903 955 1900
251 639 1990
39 502 2327
469 546 861
84 741 888
321 901 557
177 341 589
157 569 2571
844 876 1531
192 333 1664
598 743 2907
827 857 2159
200 327 845
326 920 1197
654 921 387
102 551 689
864 936 360
234 467 2359
339 431 872
327 384 1708
20 715 1569
276 745 1621
29 64 1691
86 349 96
736 986 568
324 783 401
263 426 2466
492 509 370
614 944 2416
149 395 1797
283 828 1326
117 149 903
245 285 615
521 572 1542
343 751 2541
301 497 900
486 795 140
191 501 1362
121 997 79
140 869 892
191 618 563
582 586 2479
564 920 838
149 413 2333
212 728 2342
308 320 2930
157 194 2326
17 906 1171
67 515 1501
431 490 891
202 740 620
325 818 2427
299 965 2747
78 649 2482
229 643 1522
603 918 1217
667 772 1995
75 306 765
699 801 2371
761 789 2146
477 681 1042
211 552 2948
255 977 80
204 531 1113
552 780 2272
278 584 728
230 386 146
696 976 2974
801 969 1335
262 531 536
228 370 1413
103 542 1270
32 73 2432
477 531 329
79 392 2636
89 189 1848
664 774 359
320 585 1988
663 730 1256
423 848 466
341 430 2138
570 914 1481
131 814 1244
257 591 3
180 460 2478
692 746 1457
629 744 1514
125 392 1197
238 518 1265
61 234 206
568 898 1934
217 612 760
