689877
679162
346263
187177
21085
30545
587405
479576
319673
278498
165280
403931
443727
406928
527755
565081
42017
162504
153268
218101
439198
586259
277662
102398
332177
188766
647374
712526
558933
176033
267390
311980
213477
143762
267174
382917
353040
20340
679174
542587
423877
460153
650057
703819
584864
217541
52567
7041
80363
632604
192458
545198
646499
166989
220963
6066
634972
534784
185156
426223
622853
707073
390082
14160
63733
9335
629898
548767
715314
58704
74592
504158
37445
131381
56843
430697
703275
232521
502003
329474
628969
89630
64741
97494
395799
601144
484872
467016
547810
646934
699305
705794
199948
656913
101465
482863
216105
603310
601020
298196
356721
341804
618830
318576
84671
119128
275069
244990
596853
118641
575389
75864
570935
63240
633274
717763
621762
200973
291107
221235
133909
297167
555692
337723
529798
161770
131359
401371
218865
186883
552896
120722
204576
105773
590877
75425
396059
558737
448917
661928
333090
566666
212912
20368
319244
556903
102261
246506
206332
498818
491436
326808
440898
715766
540111
80880
37987
528974
488053
398105
548500
33644
261328
89435
696472
608933
484236
536162
23125
417088
193462
246421
436385
666363
3128
304621
227796
21725
26870
317050
699631
64527
170329
532615
178554
195307
432613
218228
266696
192735
154834
266795
636429
211001
341485
521174
30769
374776
16876
439227
552741
526069
566391
332380
11758
68722
31304
139744
196174
79580
86678
63555
506403
513793
23902
188847
457077
450318
129150
572321
25
152420
631609
679021
529052
509208
170341
42362
557079
86792
60122
192956
283244
487711
213423
125994
478771
432612
670421
533173
27979
124087
624885
23523
494168
37050
99537
362902
221924
287825
550365
12247
514771
189804
485661
520647
533069
331942
427520
212212
20213
298402
687587
128403
660541
594205
558324
456825
572234
304349
22277
285678
95775
223691
444645
76506
365877
131731
84823
514582
30365
385203
52564
255810
447313
7432
645497
98437
468976
475527
613331
229663
563015
409120
67138
169660
194582
357837
477324
1510
459679
83864
660123
588883
135656
574925
378043
640782
697323
315675
545772
101930
123342
27045
340003
239584
227390
246257
7769
382979
283327
692092
391262
439629
376708
62753
127997
289255
644529
407110
104374
52029
558946
101975
78591
481157
259325
630553
535589
549623
607263
409075
670363
153676
377486
1029
484856
225534
19299
680777
604108
133575
345491
195495
383130
425090
342375
77192
706918
95266
492567
430796
551267
26220
168991
169284
699407
229918
629962
587565
569779
290244
418904
512438
672155
2042
270033
151608
657096
681260
568680
645523
279535
202799
395883
392974
161991
10750
55285
296386
314413
455611
21631
303786
542176
123478
423284
546502
480047
78612
163058
446679
83337
22730
689392
220805
248855
427915
138302
532450
433192
234067
163073
346844
706557
427582
585114
307910
625444
221604
45442
591737
305654
125610
238932
68360
624953
174691
605318
162027
398000
576347
441165
438414
698368
419574
446561
240881
282094
642835
128865
213766
633189
331667
657569
572758
496168
279780
544486
436206
81553
520093
283935
450757
692928
255922
58740
287059
209888
579944
555213
219869
554
205855
53317
440555
620015
113153
409929
414728
278983
594183
162220
543690
1342
142433
267405
638892
415809
436035
126406
702054
322361
37925
557080
263395
343018
108410
503416
397720
35024
308312
96320
77117
331322
101838
179623
30345
21267
219494
485027
364817
660549
463007
301068
149080
451841
308496
644324
437323
73265
357990
35696
245557
677198
571474
45096
98869
343730
316718
488405
360636
712627
632762
468789
102403
453500
222259
166712
43168
145544
322449
285409
275799
179681
639606
550983
600038
595879
101118
255393
252330
422649
634227
356695
332736
157686
519219
137921
360450
223737
50635
184330
518579
282218
671850
417285
670814
355206
455769
100439
489060
99877
126567
145587
677009
686166
629115
269660
124575
517690
312573
545960
430379
446896
233500
531505
592378
306862
571707
273455
517190
453032
292533
2697
245476
200529
579948
538011
558429
565786
525069
91485
578035
604514
231599
416968
232956
196323
456218
490126
180719
537739
213959
203618
513239
110335
520290
541807
119057
480579
546000
158318
207042
624842
313338
78590
260959
175907
246157
418075
187545
624380
140354
617254
429964
134108
563152
182275
635910
4285
550488
154510
542343
76970
527936
346890
473675
437501
104883
43622
177767
65565
250853
610313
333551
638813
57175
197559
513287
161982
649415
103252
54581
652444
488277
419979
603604
238692
509323
304933
622229
116402
181062
564894
626236
467310
230431
465082
433268
441682
709090
357589
173780
188757
91361
581494
141635
476583
167234
601022
464322
124932
45463
462480
121627
403677
73998
635196
258742
175278
346926
525539
504649
494147
9492
538332
176758
91152
283697
698613
169751
69897
87519
536647
137071
509549
318865
63374
707841
216682
118335
670922
704592
200917
509899
249063
539635
440205
304045
631716
94522
489247
411033
142568
138233
507282
665412
475513
284232
712650
503591
381381
696929
619331
225345
211944
305479
66672
420548
106542
556110
461234
14173
197548
233224
352198
359122
79956
240951
621170
223811
547512
677481
624291
362406
423815
527104
150373
112918
521137
461075
7032
385335
263156
201924
635793
588561
140484
402659
149898
458205
600901
122749
551624
628079
197772
483584
687879
545519
289727
208490
535654
599413
186615
24708
248288
25424
403646
657618
239099
109658
250212
626582
468536
220762
96962
543119
566286
393502
241214
217761
599799
481559
230631
38865
514573
370067
249445
305016
213044
107306
679195
445368
358043
656612
161781
426732
409417
528060
508514
597796
276431
94892
516402
212824
169275
435782
607600
101432
328214
93011
213819
351541
349844
553412
317076
150513
641912
640420
207110
188356
384029
621660
409717
364942
23055
228676
186547
231323
589095
58473
493149
511264
663494
18566
299430
471260
497434
48419
80764
159970
170917
212656
714480
197585
242427
576432
96985
699311
418904
61984
243096
52605
490575
432191
42534
499615
307556
19569
430796
685896
124633
597700
147460
365626
252025
160612
181773
97427
39932
717399
55172
82514
74518
241924
113852
278436
223452
451398
259722
296944
620799
9246
121084
697887
456808
244380
57857
220760
174126
249259
653434
138093
706942
403870
437024
412111
373091
193595
42587
545612
516497
511304
255655
288518
292414
147403
332094
396772
205393
491506
328861
428899
271457
79037
360798
576362
307306
609213
162605
339848
191374
33979
401810
588980
43068
381450
563979
482143
685828
317935
695978
438378
607667
182069
416383
287779
178816
481283
130783
89681
89076
603237
289277
73367
14028
596017
191070
176525
257418
90887
356958
687084
143770
667881
165589
672342
13587
348831
628430
347399
538742
423380
714967
283458
507820
434763
333783
138393
139875
45143
285373
605541
245734
471617
435863
657071
229166
173162
282353
167349
465261
583152
414826
528751
285994
153938
210515
606168
313985
648347
121272
9327
147536
120235
623146
350680
29598
692213
442102
544353
500616
249632
130776
267131
14179
190103
285750
331594
412189
475871
473551
667507
714463
457514
425750
297996
135395
696081
426425
435247
550319
562317
320734
608935
222262
707682
90023
242204
5279
532083
432840
568836
246277
685602
28076
71208
25963
467738
480956
359192
200862
461694
312452
81712
367784
8690
459142
579238
415242
374758
674568
188199
527368
699551
549025
98858
239756
48
494306
604264
55573
697851
54397
557506
261278
667030
152016
337075
18445
232330
710189
429901
231693
72317
344232
384983
576388
217765
116814
97553
596266
273781
38585
113983
658370
39830
225783
352075
181258
342837
131681
96942
170987
496315
137554
38324
447939
679755
354934
29358
243055
471234
621071
203959
263353
615623
533989
479486
377564
468713
421379
286692
593122
528775
5395
64144
324340
632939
457479
180918
272025
595098
685606
575338
702468
330495
440144
207620
353456
261151
454110
187245
713857
653932
322485
424577
109291
714463
479428
489634
700908
95489
38
665463
42276
107835
573291
370499
375562
317945
289531
43124
650015
629025
374282
500505
418685
637282
213491
10076
638834
327743
333097
269203
531044
613160
436619
218467
276437
202284
384754
578561
427828
384798
58395
296159
447344
571291
225302
134025
485407
210728
424956
581941
572624
321822
445423
239133
283700
8876
100541
560016
302828
187170
513308
550802
67942
662689
29534
40802
319675
62307
414681
654260
390412
358047
164088
440721
419718
366749
481496
335789
304336
277812
508753
70597
698933
435611
642115
675118
219162
298402
665906
41730
621409
402624
608086
333536
496518
657985
385
39795
364032
32085
51556
390579
263865
129211
436204
499805
567084
446313
677016
248866
10277
18110
434186
457881
250847
620150
13329
189945
450088
94408
364113
569621
154714
452826
380259
130792
188949
564896
484577
655049
218340
373321
433693
87912
10453
620926
306450
579256
12004
441575
671927
82399
352724
525088
134460
160929
29406
517382
563276
77477
162667
554136
68969
62567
454334
11995
76978
332068
444777
46707
355246
538239
157767
237848
12649
483200
283462
663609
228822
178120
512580
515460
671160
113452
634284
124163
386154
678436
257816
389609
267528
665394
29672
616703
298825
637711
503680
115450
683839
361410
279913
410261
141723
397085
89199
401285
81237
709425
507161
706159
583979
167054
675550
142628
77680
157266
195318
618215
364085
417984
56304
664875
190385
204403
55421
242873
698354
94743
617676
80667
659471
154179
500057
152002
686930
28568
321733
238825
701176
657325
577520
480231
110514
633968
647597
606407
644584
2190
714233
251045
45898
600863
127984
214252
109874
495875
386334
314710
259366
631456
316995
556063
353649
108621
527104
181312
682355
63986
410583
595780
456377
24859
592391
270865
298310
226334
46144
290807
371193
388161
475309
255055
689193
462672
334184
203531
494536
86217
644637
441877
694107
518372
192395
262998
109640
415796
85185
606108
418135
500229
51395
330210
275549
485746
382613
318660
473819
187832
573702
220652
18761
19440
50001
366223
436436
258034
43549
110346
316464
37319
10420
681577
235400
509939
297824
410288
231593
326170
141043
370840
168037
588890
124056
12551
424533
362276
630348
692487
385988
341328
212427
83367
573727
485394
167762
355658
382563
466536
645711
96072
593387
317737
169724
107433
427118
181048
669642
91914
315328
84801
323468
122994
613888
121925
594880
437810
502786
530415
257683
426487
207809
32412
165857
526350
483859
607283
81745
110582
556554
35953
463108
571750
628373
501644
202175
82695
246730
78599
558019
67753
335213
684568
393080
445544
21497
390469
250846
598834
223693
291926
669425
544702
5057
4628
349050
92556
566212
260913
87510
717556
50310
371409
143118
145347
157412
201813
632463
68161
291879
62441
383978
70291
403012
72450
298311
523174
500742
701026
39383
9975
33158
624105
23894
560661
219629
621409
370521
9737
432837
614264
536166
565427
546733
53106
33961
180608
11092
633672
500766
392936
186351
299499
555040
199582
326749
88326
665171
109291
398635
358090
119177
555456
155466
5814
197262
59393
80280
361034
361757
658893
22109
658706
611910
402111
610596
611629
220979
593297
40776
437900
322534
303084
338613
118948
45675
201604
496246
430006
439265
402468
62056
267844
542800
124493
201555
645141
536358
5876
480784
243986
55081
525191
645251
318853
205824
475390
677733
620113
622120
662553
69823
498837
656989
128865
298758
170746
671739
706411
689720
163200
471780
396951
189320
404320
247400
468589
664811
518490
684293
619080
324311
509483
18789
264866
262064
477532
114897
686338
53154
636499
49477
45186
217576
532423
490483
376015
683427
247739
129864
67315
348548
675950
116995
19041
681243
282428
403495
315318
220401
428875
263735
71827
355364
109475
216983
619643
476017
501491
288008
403733
502037
96814
349407
486468
661378
63676
281094
456033
400910
335662
450588
403603
72249
527028
555237
50790
110334
31912
518964
493246
327739
236847
711619
381313
678041
701021
140275
396373
583920
348902
387466
676146
37433
456219
16081
218662
205573
320407
74204
143907
290180
637359
49228
377606
296669
112783
685102
442308
548586
76691
311738
436532
381196
281452
41534
557768
415920
640193
677872
636664
697373
220722
673117
199921
619770
23368
263411
453678
575767
66911
196626
516897
189466
281086
329439
207575
85500
186708
304676
63043
510728
582576
597253
422587
543476
120828
618303
81761
358304
129056
86027
631636
273463
561927
281228
22488
34145
250122
507210
456710
484164
527016
394286
134484
636776
533727
25131
469552
254550
274041
399789
359657
418442
597994
645508
623567
115259
587490
185278
580632
483574
238517
305657
15060
493273
465811
377564
611099
138783
3846
395717
338780
197104
335084
654158
70708
114254
72137
125930
65696
627291
531363
603605
89758
680049
611674
263974
209748
465158
624407
8948
277141
650158
694185
326897
82044
402295
677867
665894
244115
466739
77773
514149
122276
141031
436764
510076
574554
116419
152242
250354
77847
47242
14673
151086
5665
50940
507558
318384
681200
576500
36472
3125
262715
274074
392261
603997
355429
15575
710271
582503
139733
488557
688901
514226
702375
471569
225492
169501
504712
499398
49493
327566
610330
703812
11476
408019
346802
558473
450129
9466
544789
57431
290672
648501
62862
164730
217263
666970
216406
492984
463511
456226
552342
398877
552936
176065
698964
230808
319208
361564
3583
15820
388564
536092
657825
89377
99715
341329
699109
259512
564179
203030
276959
310699
633267
623710
433611
12386
464885
97101
384762
588456
436332
186229
163563
314572
491506
487721
80827
482264
602961
152722
79370
275066
160212
530417
38798
408235
357104
705696
54584
171260
76115
388483
422923
40320
284215
336504
153220
19545
30546
324658
511945
502913
76229
602886
8389
19922
470270
599053
121301
106340
662876
341083
635684
364275
342848
383053
558473
623164
243592
156311
260918
30376
488392
276812
540275
446747
28815
532763
320551
182613
46052
334461
687816
612029
585887
68042
152198
59159
104675
222606
335710
166640
361879
505461
240090
605583
59986
671601
440606
543232
403644
84076
166667
392433
249147
436243
331692
256656
558029
255490
414622
9145
542788
340937
481900
665660
216042
716491
63165
359135
667320
476804
465840
12682
703761
339958
450958
85677
372731
454296
294205
100656
449113
243740
97019
239581
35256
283967
17974
689174
700228
177360
262624
10362
114387
625497
366944
192713
439760
406792
670719
228806
60354
496686
611159
428436
253043
82896
9029
190638
497193
522700
670109
590484
183976
146862
321932
501613
438660
453145
93785
37101
441589
338628
324919
625734
462774
158598
628008
127825
36843
149818
246810
91728
229053
220280
274102
644867
530772
551589
233233
126622
589853
48915
55412
352669
670988
536024
338076
632011
606768
195942
335180
273877
484064
445829
253911
141698
645538
628738
447729
377278
595828
47161
202979
299495
327816
558788
305914
177860
681497
206869
123651
46228
271312
552160
29752
38508
617563
605784
383127
376829
63168
182147
612799
364817
9645
20149
687454
198782
575173
652596
359710
222204
520648
517561
428521
76899
102884
80516
426245
7982
73745
410764
497436
451221
75772
13597
645302
311957
472640
442283
458601
592696
300916
435735
622496
545134
141422
449191
387971
317067
518118
245075
362517
57796
86012
347446
14277
451039
99014
42236
377808
660983
33084
176355
218817
334497
361077
578543
235688
237804
437829
582807
519035
140250
706777
205947
479455
275114
256012
447472
609814
597150
641846
13892
548322
40410
93276
53691
201553
316403
56945
372973
636391
528583
26719
552931
602560
474607
221419
164131
535358
216638
337543
464885
368928
305859
121419
201022
377427
297164
364164
665536
442770
97733
529304
170726
1944
99659
276762
589
300193
656645
150784
232688
453325
336696
240993
119087
568232
422210
168775
702042
537324
96029
441554
575508
441562
115959
430671
321925
541539
73750
671346
634078
9293
567515
336109
619624
459389
94026
387725
238853
280683
690984
706653
660741
83424
310206
611558
121897
687400
218071
168476
480932
509220
273241
701777
366864
587576
206228
520494
658179
634167
517157
551
128865
10868
268589
309614
519002
397853
103894
395028
221030
57191
281134
71899
192762
579756
333199
605342
370393
365183
281859
387377
383257
13372
277408
26964
367702
69647
563056
35013
644497
186979
452434
165104
252154
682583
147003
378630
77198
27306
656941
260375
486670
213438
10681
538951
648746
192111
339704
279827
26738
102903
681639
462078
269656
394150
464861
352504
85072
415148
181137
502841
524425
408094
204062
559861
602544
260391
576810
603048
511582
680856
623310
693970
292124
314311
203410
298499
40045
247255
358808
588582
549459
228185
207462
85687
301155
339090
190174
533032
705923
117512
176102
204046
612096
480993
268942
256220
571537
148296
268396
127187
164848
224347
245536
453083
82520
630987
380420
51528
347330
107455
493851
293012
163043
502210
191390
616824
324277
620799
533173
608124
11223
455005
349576
370165
319869
422264
698687
313047
315451
205916
20802
577642
325274
225845
51717
57192
134116
185219
471063
400393
26608
137838
335700
407850
203109
662558
288873
544947
553341
373616
674313
114543
475317
39306
328764
307305
632689
203847
360920
7479
370029
586333
407220
53439
79075
501735
131628
96053
74341
228099
565030
438601
266884
30625
692936
571015
394251
710522
676554
416103
398076
58173
388797
644337
19601
180511
673816
433643
365347
701341
702228
260803
672225
81548
635390
606533
163866
420607
488098
278783
59212
338491
23450
207058
19072
290835
282348
7083
68094
22687
543445
452775
275526
498181
52707
355610
350139
674034
162885
110280
129381
273271
623296
507911
256485
625318
201048
43385
304962
150007
647985
236099
415942
581360
428050
351619
700524
179725
638646
66048
182243
395994
567928
417373
568271
691960
418584
188642
315211
121
106127
153056
194700
60217
7624
548858
119726
61301
27066
326210
450317
188128
39276
63011
491160
507420
112708
455418
444376
32939
503198
152437
449376
383131
322466
166770
65041
540923
409602
618953
449507
106769
200080
485077
238301
320429
658971
418919
507347
253149
328559
159169
40059
472695
665971
1312
322132
3233
62187
602779
358556
518307
268181
371803
378725
439853
68221
377625
346281
503442
68157
426868
100734
311210
664999
100378
149428
268208
588612
426512
138982
285705
485514
239819
264697
190107
51159
650888
573903
404154
421582
480724
399889
474836
130974
277437
291077
594205
373646
70588
37150
670041
181082
20103
316578
471577
247707
448574
93135
49438
515758
502878
87717
50505
197528
651713
370347
324697
359811
50921
66344
532639
580076
705602
543346
661802
42598
644305
367607
251292
619392
530926
400033
482967
96138
712017
687454
199989
24642
496814
96977
588895
164695
485277
486664
327920
42508
259964
254631
620054
161826
631305
360003
327906
276964
35215
331670
599924
113821
645228
413131
481480
75209
702045
177290
138282
561264
384023
641097
683582
303522
5991
21634
6673
54324
99679
184538
699957
292338
383638
363274
193078
516557
611348
712
138002
218473
273515
365837
527809
511709
654262
665673
46093
230243
628634
603155
436516
59165
205712
309283
291158
340712
666280
616940
614360
20788
293096
232078
574535
494886
262886
315008
444979
89
352396
530647
505754
557454
496984
441369
611669
402169
328209
20167
241015
715269
23081
504258
350689
340343
184674
299315
10371
442581
21019
329939
654875
41088
510280
113170
248339
303291
79219
61466
433480
426172
443793
266239
255502
28288
328343
664464
442374
525279
701505
661575
2555
230403
3330
371346
612377
242386
324817
701211
485070
456372
350869
716944
45589
554838
320116
557629
552734
578769
415932
28009
179529
340502
644145
476199
578174
497309
412810
60898
561402
497898
517053
89032
683794
178116
651435
119066
448992
77993
263264
493955
495230
679438
531961
199738
408040
97280
415019
225977
120231
291000
354701
380994
76264
661260
641960
464667
469224
128609
143883
73002
499163
5914
200645
624644
258227
19192
215870
35949
715270
150745
70534
219424
369242
711531
449496
547495
82521
182434
267770
517700
506427
146554
115141
664726
378732
469608
638379
377029
146540
4350
283308
699551
30383
580698
120713
196391
439859
372803
638087
493233
205734
297276
104782
593657
352011
610055
557464
140378
648469
282324
109476
663506
127141
62107
42547
50524
522432
515764
477117
178910
569482
474645
490680
684013
393069
18639
341079
451797
12410
150380
318088
559060
369934
531942
544216
620722
599574
434569
6911
222511
525288
616399
140684
633988
194362
209696
260271
221501
568838
713951
514610
709022
640151
673796
678424
429261
521291
552891
549957
443220
104788
265003
380378
630078
534442
24924
238092
405542
469912
162014
372827
411585
79427
328912
129751
112002
79200
437355
156127
528864
129654
257211
169193
457381
7453
359967
24763
484321
195143
426200
466290
467624
388210
122936
715268
7526
277408
97824
649771
652645
168066
631462
480384
438698
119892
631306
131901
81336
141306
484296
705349
480785
203511
241584
342062
219180
632400
78949
381028
96882
665200
552468
449425
356211
399773
138724
89944
421075
598622
677751
159510
27733
92068
284148
542855
537217
219757
534261
366845
231338
48766
576422
646954
185463
197713
43677
321338
413276
485144
595982
85361
361276
403040
140989
506152
52934
281117
1399
2395
568392
42938
657696
603236
153979
697702
628535
5990
579401
589118
110774
715126
477369
518745
556591
351871
617929
166261
46002
40022
172407
387938
266773
331565
666544
230606
433153
146403
206663
511208
150448
496227
532672
597581
649065
378920
80687
684603
399261
471727
350910
361660
138248
16509
125558
570516
511661
187582
305941
368100
234803
31557
644395
369059
256714
557404
315938
561222
493429
641966
516615
236308
314138
562971
71645
339076
596000
155383
187525
532725
295360
335281
426084
443632
598622
512587
445295
545295
682515
192579
117120
437495
494572
464587
696934
682322
390316
115036
14810
648948
634802
434062
478246
359485
199605
347070
272597
637706
360804
171079
289862
47119
346782
537913
202138
235663
353282
352370
157106
73378
503893
713197
253798
704312
320734
107790
144628
372164
528546
330258
48065
466826
432174
173062
131732
180132
655386
704952
406548
449275
646836
402746
172484
104667
59051
610285
102487
636426
376124
170472
643725
107656
330882
552903
188457
581720
220856
652574
374923
278672
631879
591079
334526
96923
169305
239457
336151
36080
85733
325481
385401
428038
591634
377122
278052
414563
223348
117449
640932
656178
617224
175132
571474
292620
528904
523860
709536
237152
621823
195886
311333
430971
254263
439226
627751
595490
614989
115374
81274
254856
241977
295843
292471
396847
563074
141133
413847
131145
152341
534483
22181
60734
192434
428640
258838
573318
630074
227308
487619
407214
381885
189032
93666
433177
86853
596972
715265
621593
270596
458440
474738
673562
11294
695340
67196
479720
364500
469646
603405
358822
576183
620661
300039
238832
127104
451984
332493
236781
567574
302959
503880
408493
697300
369442
384132
200879
402591
147658
459688
611095
692718
562208
466155
496667
619185
624580
347116
8368
48708
373348
210467
620345
85038
2151
172468
100322
504948
71718
271071
429141
183054
538677
238352
400167
555322
572814
260862
30092
294095
34570
681320
387372
543792
689495
636097
374240
169262
516954
101464
69351
635277
174431
269014
195732
696879
502047
75825
392484
345790
415776
231000
501324
48855
41173
437987
100187
459413
153080
309296
87763
558018
542552
304308
409976
115441
272427
34752
82618
146275
518249
618761
3373
418820
602962
95666
512942
101727
674942
98872
632279
440935
391862
551362
549287
75694
482429
481736
15989
90617
660696
656409
525571
38162
65957
319120
349353
228612
613109
476791
385156
12551
51405
86309
133765
34145
499812
38332
493308
340212
18590
593476
663205
275816
261235
593461
234195
371000
267537
384977
69751
246268
317499
74658
441700
292042
413952
67011
474748
565728
645129
549020
533831
66784
512378
113913
343185
580578
196873
240214
463561
272162
393138
237498
267750
643087
161133
566523
10049
190925
23150
681345
619562
409428
450466
490334
530692
281472
559942
515218
47785
270746
456371
164731
543557
190624
33976
614536
138650
681640
192939
259633
133176
380954
529123
637272
431918
30164
328338
543929
296055
529958
331809
316819
138282
360083
644087
292565
701206
660026
435258
338242
450104
461681
204793
489616
160687
537165
336424
162269
506327
208861
440163
306382
541758
234793
370252
435951
707673
285873
292135
431524
571148
134237
118774
458029
649370
141135
31243
299972
38672
349834
440389
59871
578715
569526
294942
2190
71368
381317
686283
530771
701321
208441
84796
533079
582895
251682
481845
33552
227957
416179
297329
114928
676051
497449
570863
620511
190757
338353
24199
178325
118227
68232
363100
203243
333693
367287
440622
577869
577216
378040
249933
220042
690317
357996
352575
397927
702525
125414
3674
675856
631426
460238
307848
266773
550089
671994
358997
477024
186370
346549
316703
335666
242609
313503
79271
169641
675380
65641
474216
616378
125870
468011
74332
415414
4753
570194
357994
405899
326893
554840
1992
105798
54855
664404
350777
681834
663541
469213
10731
29713
148008
192456
680430
625435
35870
163088
173867
478267
679181
415596
324187
491481
495882
17323
585611
462668
171445
559678
373132
560229
478263
706506
30041
68049
238935
459511
67998
225950
709360
249116
189038
313277
205284
15048
606495
124847
547046
319469
595922
502114
536516
343542
286505
569557
126619
198110
22055
172403
193839
186183
3681
204356
499354
539290
657299
575560
533578
163414
108663
163092
204656
189603
695708
122569
136350
142415
599301
546878
715245
643356
650472
595858
434976
160256
660218
322362
394512
506481
474465
613941
171236
139215
466561
163113
388563
590626
101110
38581
476303
474988
688270
69789
378299
72234
582096
68481
448338
535141
220549
329648
525993
403878
352950
368294
399648
349641
303928
160433
129953
551124
609004
43432
466904
246995
457338
642994
413269
112491
295560
117458
563612
465843
699018
226954
536583
324483
296093
368417
73255
143438
256445
95164
261957
318800
48017
510841
297329
567628
407165
648063
551563
25450
78327
428741
566201
108
240208
188236
595029
549561
14903
469777
484483
120407
647597
628929
154661
355105
272326
410608
32776
195727
27507
610267
110121
40988
615179
575648
391227
21230
57856
314236
207052
448895
611744
193984
452298
409058
458300
431765
199524
404977
436212
304290
346295
360697
400312
89017
79487
232821
459404
278417
502694
416330
205829
209973
63754
684479
521017
62493
563680
373526
103629
626400
232544
469252
698350
643771
601108
690183
471501
661040
225789
73012
703696
72393
237445
271278
107165
45434
157612
88537
139327
43011
212637
458514
497228
333441
448102
204107
634935
308763
255930
230482
121627
218406
527411
1399
113456
236411
225844
278289
609370
507864
230500
176833
21005
234672
562183
386578
358373
421926
18154
165147
473689
208392
613431
705472
26520
532624
505137
280547
38162
176802
97497
30725
563162
157413
491365
52187
116075
628276
422535
313069
149709
375562
101860
79807
599039
513745
26502
146348
95729
33247
201257
703835
47531
470043
368480
322900
478469
587950
528459
90413
325977
217001
189059
464979
713944
495538
68360
554179
687186
264703
478784
318359
497691
11788
12941
187452
324577
536907
363319
389175
305107
54703
126513
157320
211810
502783
11412
543065
186306
694482
359270
515657
15521
569954
658673
384687
524753
613818
4418
65897
69182
84153
567682
15349
368230
708492
338493
393312
128492
255842
353277
680601
457847
508454
221649
474158
423580
342048
398880
621510
203291
233747
243320
575931
649368
619576
468703
463166
431646
413590
423482
17224
381858
159322
657813
549882
119986
375899
290181
190300
672002
55835
521985
13105
282793
80582
143860
672372
477583
257046
276678
630479
56373
94597
52247
398106
246986
668287
500772
25130
173329
374408
38956
479669
232889
692094
8006
674635
277467
615591
426241
566482
362417
370704
47523
256357
446392
348420
445282
307876
108261
471423
5978
136012
710303
294168
421071
311994
21749
292669
670569
419963
213447
78960
286012
235497
34058
657664
129348
1987
50549
301975
495838
189151
229426
117951
228611
364476
489012
420962
538884
90183
341538
189289
113788
399047
229447
10552
63426
288923
615624
241510
493857
64307
18575
290609
633852
166276
589441
692442
501616
459845
168203
167001
236446
489487
531423
247078
56140
174931
612803
629359
421460
70812
424997
133275
496281
78342
89433
239912
620661
340656
410897
481796
146184
32713
613781
591277
149664
121836
86682
526385
374116
227360
337339
410923
700608
243958
314791
93581
49455
190673
525738
154472
38056
474729
203973
419460
470299
424099
23022
225009
447520
622892
296455
99445
110602
518771
327257
4864
18863
134634
488157
564449
496543
344486
622550
304903
667388
53702
386661
300534
537216
323200
14529
200242
534024
255810
517019
42361
36941
446844
29446
500919
72421
497918
64412
397085
380630
618394
242995
158166
637344
435656
156871
355061
587524
559298
172015
85859
174241
385785
427916
600650
311185
55466
329497
658097
631993
596979
356651
44529
32993
76857
246785
623055
494429
629399
202274
582287
357440
682728
1176
18348
441172
315293
712142
690913
359714
608123
464162
201219
456906
123654
294558
281301
181328
347766
574417
298617
588272
103129
548889
185358
38797
676783
453735
158939
279022
317298
516974
607265
408883
390411
317148
150191
82087
226896
73169
302475
439626
161982
291119
274570
121625
388224
671805
303163
481593
30486
642063
541745
310811
427559
122701
307148
280537
353361
450061
75144
627651
584059
333745
537830
159671
48611
312298
273198
59881
249433
167014
360197
355673
309111
41905
78743
81642
236231
660553
15511
319081
374683
616014
690528
445384
315255
277061
583970
158570
217790
339358
277330
129496
571025
36857
656042
19295
575265
211554
186280
713068
356140
271553
400928
141282
499248
477550
28245
470330
131930
471
689824
299055
194151
307058
660466
4293
296219
673270
303516
380590
57114
260317
12654
305534
287981
704859
10040
518575
540989
683550
442508
409537
446564
529692
24574
14691
481451
458663
446567
125173
142061
261206
81183
591104
384244
291574
550420
264353
275659
317267
316476
429311
301784
670323
100850
670425
147076
537164
288744
434225
565449
61695
568839
77922
38684
29130
591276
694288
290973
683803
317233
321209
328572
73246
92655
446423
128228
218
403966
521081
85722
275502
77204
53832
154835
647454
154970
367399
425234
480968
647171
433633
700935
536639
646409
650842
315292
60894
111174
24734
533032
716501
717176
137550
75082
17447
389195
717443
269001
590625
73148
59952
608289
27893
468102
450767
640949
350777
353952
581837
371642
687897
128160
455984
591616
540914
600439
484975
241778
149504
57767
362343
148438
560136
122485
178561
339584
577214
24346
278342
55109
463067
5555
676075
462668
190882
521893
140453
520368
349091
530647
482311
305029
376259
669437
693608
479580
279934
113852
519438
655395
439706
339244
350494
614245
45585
125063
655039
439579
513295
675833
143272
550166
700480
446898
434734
220784
267447
32261
431509
723
481904
516665
161578
62558
598327
441062
253714
708066
58272
639777
102003
52347
435342
683158
675728
545198
203589
201097
83111
438882
469166
310808
346350
533033
44668
612394
463007
84847
703285
672355
368310
629521
262674
3913
504199
236021
83121
3713
266319
25995
393246
554893
436413
667436
170472
56456
533954
598422
539915
151258
667906
246770
591634
208863
243606
212854
489521
3644
91927
230427
687219
66824
231982
72890
83852
461728
276778
612814
449446
239581
462864
140854
195467
708579
612493
278102
37251
135492
237546
180951
403349
48419
525241
186830
431950
84357
86238
672505
368752
340457
488949
638357
159673
569729
360673
620135
48323
320431
644463
614803
668807
538666
610731
218268
340749
360781
120301
704365
328052
346784
535445
476160
117294
348994
83667
192886
634971
350052
61613
669182
700292
421679
579434
306052
195639
334525
151757
591167
714478
685038
349440
626589
638264
696703
59685
499498
247522
633521
257750
493955
470479
53869
347408
14883
240586
681235
72775
55680
548557
356654
84428
448449
429968
475809
674790
592404
123456
335407
55416
634787
626779
73803
197581
50376
173890
361513
286015
174827
24970
3095
685865
33105
115954
512231
716038
246439
24563
518239
204144
498996
91252
652307
86566
567515
73108
634184
476854
153394
213256
561784
192248
342568
524268
407104
708242
512703
510010
20656
257170
288345
80362
532132
337602
93719
410717
423427
216738
717892
247848
629808
252828
364847
436385
207145
530560
256811
429550
384757
520731
374916
302835
710369
678991
210684
380700
87097
306904
92419
20831
90328
253640
479483
624620
626780
219287
40461
623649
364928
186942
244794
304973
569633
64788
352349
446603
85039
282217
341558
127822
79672
156379
88680
546247
716043
482878
412574
123534
451804
411435
637228
318463
44195
104838
314984
610892
29587
280038
244204
641652
674338
254691
440760
117932
175410
493026
267760
702464
564295
58724
486966
382538
433047
39988
252862
300623
154790
623249
170175
24404
697825
357957
651071
5354
390581
306409
445189
246268
133727
188896
276867
713678
441846
567032
686075
169328
333537
572161
563
406067
222229
44871
32707
10860
207063
317867
588922
240766
162544
619244
14581
680847
193934
425320
307233
429929
565044
548587
286838
78621
341328
215028
32409
163149
56765
690203
76771
484305
583720
464289
234671
391322
209924
375589
590683
260796
572586
234358
116316
56944
258666
464816
478997
566278
291249
287127
166603
114944
98991
681241
209551
464388
363756
83224
380407
546270
250341
281333
339315
268
426220
493226
686710
68687
583634
137731
29751
697928
525619
326983
686480
174429
218740
300036
231344
611629
214
205975
248314
100472
193700
591012
424911
276516
204766
93826
280633
90555
406214
369128
336945
61916
583872
664096
281028
86342
621421
343068
236965
148863
646500
440503
700330
240382
322108
185656
629463
417659
671388
591520
147281
103564
416097
633898
382535
487721
250271
541871
342712
249691
317398
153014
299910
515393
91815
470464
501138
623490
190040
594134
332461
168456
638502
234779
131547
394198
655395
366590
378259
183574
619607
289294
579718
592338
342184
53644
682119
93003
79924
199375
127348
690644
324071
399690
258185
695777
203386
624407
645264
371328
544794
402854
630059
93233
490677
210447
373462
709091
236175
560504
102242
193516
403265
572965
336566
95503
54285
492357
717794
230270
373347
317909
65834
237815
450488
697824
101349
385867
136411
74288
648647
464348
80203
332769
697328
81345
550503
212685
281404
444321
195375
501681
52271
605596
271780
33614
347064
303067
302966
664198
200539
11159
676120
705501
131797
251163
232079
429134
403007
39420
607719
428666
56187
72450
695427
279146
261102
422226
476959
619836
180645
482679
348588
424831
605821
192756
555782
176671
73231
596591
38816
278012
40185
28841
193532
43427
3185
380192
604899
600853
65084
163581
493260
413605
327600
370675
560029
631546
123965
554555
358091
478974
668538
545151
287278
375479
54495
563179
331319
129542
124048
45647
691010
64948
290302
395621
506031
472425
65160
2601
487896
284222
482113
62748
238657
193111
389650
93442
420043
448557
450201
644188
171089
706521
539156
470545
48109
488915
245306
317049
119725
291916
124900
624619
694279
527315
401879
318377
550929
460670
629807
55742
508612
52666
710386
81499
92177
284717
427088
158940
416748
269956
149226
559927
621701
276867
619780
590506
32707
660
88310
529108
33634
118614
280565
684689
470857
515410
412522
377038
68235
94706
284084
167753
203187
455418
274842
605887
35048
176045
376377
18792
389164
300921
665120
525006
208435
20641
299738
471980
349649
461517
626946
181097
163165
506724
70013
82006
189791
603449
378604
26638
88665
697971
7355
324966
677905
197820
188568
202247
674853
575587
661039
353172
213858
39384
254792
255465
333947
348750
50089
23130
291303
559861
346622
238917
399915
65555
672044
335230
207658
190014
506343
52514
369833
36329
463706
284104
194908
85038
394173
456016
497818
596348
77640
93276
127700
215822
578764
577112
322831
143113
534967
615988
318453
27995
153814
29512
652388
688312
151264
205526
468597
516550
141022
487404
682559
547169
498507
197527
255565
505694
527457
701748
104882
120437
485356
105734
14220
226150
282115
394792
713843
677468
324939
682679
324327
11187
605250
197234
689070
333816
711390
240705
247521
577417
94161
237148
590739
298223
456216
252562
223206
278977
474164
676957
625147
349838
247689
493340
452294
76633
105459
462454
13406
79912
51511
62474
711453
60709
563222
6603
716476
30954
550015
149775
435219
384961
19147
235716
56986
388938
302169
102829
193325
421189
528965
339210
442437
623890
90648
360887
595175
15955
248253
186370
711291
95898
578781
454572
364143
711291
405674
91366
383755
74912
224410
114076
709695
445808
533380
670832
151990
618701
128700
562550
520283
235254
659777
629565
482601
66619
332997
26156
129053
204230
362335
116524
536883
120803
483991
278871
357953
311432
84368
233530
300851
119721
199786
501372
587719
18451
575152
234930
511604
391081
697377
341096
330326
578067
53645
320734
546509
4977
83898
28072
258499
490396
123159
223137
121063
679333
422839
140300
126446
296443
516904
311386
41875
97430
224618
1331
418224
229037
463786
643998
577821
509170
638863
294545
381364
292597
133613
498217
401972
351495
268719
271987
531122
237522
151764
487310
216594
607711
240125
271535
112381
88704
35696
420091
116814
209757
593069
304290
654102
478163
584628
235982
535396
111889
703406
498385
573145
675386
362362
183276
622292
271522
496469
369531
428117
289546
622802
334182
338076
368785
214401
9861
167396
27110
472803
322133
222580
147183
450844
80153
53180
104937
664577
308505
140606
425384
397783
639022
208277
308047
649843
434837
546393
554832
173500
70725
195108
384057
714224
394356
497089
293206
189588
325321
12367
380483
441184
701896
278669
268723
499914
345451
301457
472501
227627
224551
383647
495542
75714
539084
638431
3329
74220
678897
709420
513059
460328
329821
185942
44773
1233
671901
335910
233336
642115
154395
664596
626359
528965
242316
210595
315382
259460
365268
133387
362746
708703
1884
689716
119563
145094
500912
158749
312999
325044
124915
237922
662090
564879
682036
213266
323676
206791
208268
58329
355246
421809
136186
389080
49221
362580
714551
652682
624836
504922
257501
474354
567376
229537
691317
710144
438414
149251
41173
559262
525944
709768
498163
168251
255070
223824
461859
263942
303357
659081
593796
576469
553859
161732
704387
421966
499971
645511
682208
366463
687509
287286
341577
418650
488292
67815
255879
585388
285986
120090
367546
601802
63153
200679
664688
384769
208854
10476
115624
117738
74326
363164
297897
414974
138534
99536
628439
220159
388853
18816
429763
434231
717350
164709
298042
714059
77788
176079
584702
519914
89299
513594
30938
406247
310947
600394
83145
170794
532360
82210
79486
182376
89838
281404
41161
241211
644518
27726
155263
243054
293869
496465
316380
486667
133474
406016
469904
691987
185871
240547
406531
9548
325980
312906
20923
9463
715831
624811
491853
82657
688221
41925
179006
510142
370170
552988
341332
313128
399074
179323
118235
467504
699683
10905
525967
603656
16150
392830
65870
358418
202449
107279
11987
610329
63774
451363
668965
50183
177824
593340
177887
326214
221161
487130
259055
52990
368855
253908
217604
294515
238178
361670
41130
230239
391041
619296
448342
227092
111994
292894
82656
261720
632566
151946
697839
99566
528513
217369
55527
2541
252252
248789
189452
84675
313511
561771
55766
296581
63626
42115
282621
493359
465964
645600
316274
708673
205026
128932
18364
495267
253533
256861
145667
396471
83354
368742
520750
397426
509204
511672
327866
435939
129290
219748
444459
202853
554172
237267
146588
220008
277075
311454
187547
703901
111394
17419
30055
109911
145907
203614
595930
142665
77640
164395
268276
30822
632735
337292
559632
304125
232126
576263
441928
642656
416519
594916
268388
653497
712984
215186
20874
189254
290500
503514
490779
155534
131314
116529
485353
72176
329817
167531
311971
161509
511585
472410
100382
201023
26851
493492
151068
135571
460645
380163
418626
75351
420023
95155
299470
44412
554767
502560
647516
666366
105005
448709
136536
154780
63074
23667
531407
601807
164887
447664
657127
703200
560909
80158
693088
706177
310591
349763
548770
22059
532331
468396
484094
298266
535941
669000
186179
696477
103290
47569
709048
19918
542916
86416
44840
563678
322333
532556
654163
210711
92791
679773
423191
704276
56926
201168
143353
21262
700409
57734
374712
654622
264714
102988
148109
557190
312312
167525
329313
453894
64575
322676
595265
238777
435610
660526
431993
211249
598846
58078
557985
180544
172001
174270
118630
208235
585917
1992
219312
145632
580692
391280
549406
478016
69799
588805
460594
644792
53425
317041
111161
716147
87091
563575
28109
715268
12409
296756
78689
680602
510939
36176
349285
190018
234543
617857
620994
26836
66856
596147
587231
400967
239298
30631
157847
294656
659341
145609
8776
161533
595098
500922
110609
308177
338132
283970
100749
288073
640637
586721
489139
154924
158599
4887
383755
40595
571530
337633
155534
121023
567409
161299
500047
382165
636639
367945
354958
228701
449701
286272
226701
381281
51016
700036
220764
285871
579108
647565
15005
113114
608155
70389
655049
182281
103933
62246
54481
154092
483643
130983
286699
524882
206673
534025
350154
333722
270168
354431
345241
533578
659426
702515
207298
691982
216563
358424
5570
103122
498815
263503
678518
80371
42777
197634
535872
44969
43011
515840
204210
279564
621654
14815
12251
552935
192969
468877
556523
132319
659342
537654
497983
44115
583055
234150
394545
619445
205054
97586
176625
118191
573023
141773
347452
35600
233420
496890
94801
166703
708666
229661
472781
74868
221496
281863
254340
130854
430901
71997
291535
59344
226504
228817
352265
78267
156995
145609
342796
39333
284596
81628
698050
496878
117433
395114
286826
707162
90142
185765
198323
638019
193985
285079
447744
322470
631750
422529
165904
116612
244870
676944
560886
676672
493452
369877
332936
254859
21806
189842
548914
196308
619885
6192
2987
10516
257045
428456
15255
269011
250502
284065
379648
391482
272645
609786
559209
523384
93464
678340
150639
408234
81016
635875
573735
292293
615055
409738
168891
566249
87622
192611
241924
425622
258186
21863
69640
717848
208353
665780
554117
410914
374584
318442
532111
322448
561280
391318
529567
12552
127940
717866
439110
146131
387008
107190
95227
232311
588972
338792
411575
386234
336227
52396
267195
376538
515572
522963
303865
347679
396818
655232
344159
317257
300192
379892
2600
101761
711541
421645
318921
468519
501896
408331
81853
712511
25714
670720
534236
223387
544620
203605
615383
635692
57965
546145
515850
403966
580148
557430
636485
493518
37607
212468
459350
130991
637079
6785
417984
332434
429752
30447
197538
685498
349632
443033
111830
54357
317652
702039
167890
46394
158191
532066
111269
583290
105702
649814
441657
210057
699575
652521
496761
266717
161509
32842
96386
113229
404606
380935
49297
42309
460290
400334
441673
642289
70999
587730
524269
477362
58115
315680
62686
292678
478498
229031
303784
193945
480570
527335
249252
63865
410288
503934
71243
674227
43886
346704
701176
646844
673301
168660
81274
45824
92247
515123
459845
671168
191652
165848
203386
83510
24177
670479
212685
470688
66797
307547
507813
421763
705882
169302
514029
582980
31981
478268
150446
320550
621215
167001
17046
287290
317836
519758
363016
324499
211740
375360
144203
556874
578230
277970
632452
209639
319451
607062
416545
9108
136180
606943
459372
174356
645639
495419
423469
337603
18702
571850
700029
522198
535848
131779
183675
36885
107786
4523
551872
501943
6398
101787
682481
51152
166510
301063
190286
38870
266734
677533
581722
536529
238917
219759
345678
343175
219095
423972
340378
117575
600030
96137
637327
476564
40622
465181
230482
86740
716194
143815
619871
664646
575866
702131
330842
418874
686402
59095
475131
590127
497731
375186
270908
676891
348007
11042
192393
559779
380441
625232
7625
166118
606495
283326
141166
700609
349955
308153
411798
533547
647733
265384
235106
410533
74907
702791
326660
337403
286178
52437
293116
110125
421070
87222
95685
36925
66683
394976
649283
252949
640385
133109
14347
643042
128726
644886
129617
558300
694043
651221
63250
335103
119023
386234
30233
546948
195118
514383
173832
554578
237149
339223
693302
90286
254455
478104
279734
417373
129349
262200
607183
235351
369564
163383
619250
618987
568706
40312
673330
384218
186182
535623
303009
72205
118801
406073
173879
653822
395974
157172
618039
25028
502548
652152
98530
590313
127546
61150
369877
559413
64819
177134
53411
26754
581302
42676
232499
456454
27828
293015
354348
346149
118910
258217
66208
250188
689551
547826
576416
449208
104996
555576
339486
384464
460173
154648
542620
451278
153427
619381
220440
416570
229015
41253
6442
693509
545015
583151
383783
296515
649979
551437
513874
310991
60964
285486
368696
652399
716638
109903
561421
70469
646569
207910
338243
629807
14670
324430
162273
280450
457262
635801
192293
643346
658993
415956
198683
463984
7974
88124
543906
235506
606768
213145
189539
362579
123882
330663
140452
335029
289771
624330
520570
15616
208277
586209
248276
410898
277257
95336
34150
613068
440704
176300
35576
483887
248103
462145
348782
624084
221338
666328
52867
497252
289099
312892
417987
385839
181908
360697
414749
330977
255259
414434
298079
35233
240713
50856
235783
134290
170561
384356
548356
251099
538842
233265
374309
189595
184212
82953
690390
490529
265769
47471
473659
71267
351825
117932
441113
472767
66344
349861
193896
447268
189452
412434
323296
122843
179746
413897
181828
659891
372117
507301
323003
526949
679340
71767
143156
403281
18628
218872
155745
188932
194715
472911
421744
84621
709303
485781
71598
475382
306743
483918
480979
663195
208055
118074
79731
452787
276610
272564
486415
487773
77456
351478
23295
564701
266923
132460
99481
332991
65562
332936
353044
142971
610781
115661
398140
519443
332047
84442
53565
574678
446241
252964
18797
202174
246089
341320
533741
586268
67461
686207
66157
176944
485549
400043
404339
458432
647269
37626
324326
642606
233384
539217
376093
11388
62336
76694
613755
414056
383695
574224
138417
408197
521459
344951
566765
466294
469282
79802
317968
514571
309301
463617
18503
144109
195785
274089
64820
400426
623711
22919
28004
554937
299117
215495
624250
560995
119309
364250
682142
66186
186513
232329
534923
73020
494090
341143
612048
238370
23752
641009
545076
364891
628279
271423
712006
292568
49754
514772
549290
555994
485016
51081
629092
108269
514808
702986
230892
378668
649414
284366
286905
400047
78391
209522
388262
585325
427696
307693
447855
374341
379449
60951
27557
365852
30504
335878
290885
630749
689727
608853
304357
78444
443141
200647
503217
32458
601514
444443
473630
519708
717573
23949
468564
624692
65962
509712
598121
652781
473239
396023
395520
23558
232197
324894
37592
563155
472718
690092
336368
265897
191109
545481
5272
704243
233938
175768
200582
426913
144062
126434
549574
256974
326824
659793
356993
539333
532472
188948
234529
93907
216181
707073
34568
384585
80787
295617
242860
349175
191553
1238
104401
578616
593477
390893
355600
475863
492129
584101
541709
313549
400049
704916
274707
446145
470705
492521
603846
387291
196839
352888
164279
323799
459464
184865
521242
703839
64412
115117
350901
664808
294800
279734
168793
438111
262122
250740
442219
141634
16631
269964
396321
667115
169816
261905
586740
114495
381504
708991
47584
110284
400802
455641
494087
205944
87433
113989
671193
61355
73211
30703
351386
698370
347050
265106
181948
185460
383452
164436
594609
322187
504262
79981
684013
127852
243442
222498
93272
653204
366473
309614
408313
126449
373182
49296
159659
511207
243097
20251
565785
687506
280807
551543
518342
510100
42247
681654
682928
402673
192037
110753
395744
204543
16234
601473
39750
45766
421053
18067
154473
70068
209705
353662
510729
619888
189031
48244
215169
504683
78716
371774
505984
710475
640367
663231
221919
254926
145667
54317
334792
372461
455132
5410
415542
205516
108674
708335
161300
665622
288634
401306
36713
314361
219730
274121
529580
279552
45861
640687
58206
293841
64527
21808
83090
430709
276129
246626
90953
131285
21783
68315
225628
65212
475303
307511
137638
107246
578527
339104
105931
160908
339873
424222
290100
174821
698342
401904
656007
262251
110183
147201
258066
701631
16338
311171
176758
6488
678084
144676
35948
1176
173891
199790
327399
307875
475431
583648
440954
32789
99360
265302
477631
420458
556196
287389
308294
28174
694794
24190
208413
434582
707591
438176
83607
707873
20666
120807
438824
573637
51799
362623
633331
398212
687316
313476
303062
95073
700895
481815
484738
72942
196862
8403
132923
349081
220920
623934
409819
529937
697706
628256
294379
60117
179627
436564
360003
203650
249059
239441
334536
692107
114706
321238
115749
450526
290501
678362
246995
373852
627861
70334
454870
681975
52334
330653
634005
631834
358810
560271
559700
476172
649183
491013
560633
1545
266471
716785
407145
136576
179798
429968
156971
25451
376429
588591
22885
511487
244478
523371
38978
73601
650703
415438
239440
139535
474341
457759
405536
627641
705871
700403
242575
73421
443794
178709
291303
307252
183308
589418
44966
539631
379008
178063
565326
610812
469493
346910
305081
547707
355324
116586
469773
209423
120285
148007
550894
507209
368902
106140
413411
487672
323028
383469
267044
29999
21407
587167
208449
116510
318187
343601
108259
586099
715246
374518
576261
205516
146078
369243
124831
348260
18680
151598
20853
83672
537858
216451
116032
255602
63238
205300
398024
623787
249151
77922
646703
334402
380615
148674
231242
202028
49931
53694
183139
175666
586738
685175
110670
358720
342588
78574
550246
94826
73105
180704
187383
137758
162531
605258
67166
390621
709119
347917
696874
50638
51857
542344
347502
409327
64043
580504
548350
623277
178881
282097
374099
467450
535276
457432
704797
127558
471196
514473
399132
557783
351764
185606
332
8781
210091
581808
367482
698477
531751
8806
45234
466388
495071
220310
514772
31908
114861
658107
9540
86962
705491
370001
294424
132217
118818
704148
427884
169867
168274
363442
309250
445336
62753
620377
277649
325350
265169
617367
110415
88216
379073
307367
241211
277487
527335
54720
100849
245992
342562
643971
408504
270349
319533
712196
350814
257266
55790
695567
294881
320965
163609
107124
66006
656103
281997
328497
269446
493369
612229
163812
540011
323320
97798
101130
648273
53862
125423
399391
23753
679052
442871
223487
38277
632077
664650
415261
356741
218507
461071
21748
475372
690255
513848
98217
45957
460525
409895
97156
279898
541573
375926
619040
615815
391881
350220
538938
11738
89871
551797
462720
674747
535518
652937
611368
249674
368900
29368
30091
253185
466419
549285
391176
3590
608356
678680
323897
199022
8291
429327
104817
146604
294393
481559
602714
150897
358498
181857
325092
481162
668584
606417
259616
316671
383139
681889
356141
131628
596813
558034
342407
416617
374437
316505
514119
17508
333291
100976
650144
94951
463302
148180
343342
145527
420493
545397
657855
284330
402702
403370
481894
664491
222546
332967
90237
649763
498820
527794
625025
325218
194686
557987
385281
403398
37425
433827
447379
320811
141283
322792
273234
56287
693316
84486
363254
115911
25917
227391
26123
488584
443590
395946
579964
568708
287505
398630
75885
698612
327794
665412
160378
462959
5738
578882
405593
211965
124201
393814
30345
18787
511136
354901
71038
622867
712047
597929
674790
557311
598573
260449
272310
533287
619895
385458
212049
518840
396480
206468
127693
614527
300818
352672
78958
505622
607287
101833
130664
133022
659454
508408
230148
201727
442081
612010
407211
267021
142321
281298
243710
64858
272378
568428
135898
353124
547933
34338
672876
403851
417006
330853
567055
698857
206097
149186
272142
72113
109918
66202
108634
674252
296159
526295
464170
438193
138871
60206
286099
309256
564513
249074
459635
120928
569726
585635
345347
583914
430859
509437
640939
412695
55536
513065
112344
11402
500079
93989
90241
153981
411678
465011
473820
79912
249839
293678
294956
574771
22781
571445
373318
272380
19439
267425
97502
169347
322576
276917
648854
7014
64542
197178
115512
574147
312804
411467
661956
649733
139744
523232
587574
672196
67461
359485
73725
713247
195914
199989
233091
550830
68943
579742
701747
295887
561374
36959
262375
43094
248339
320686
438530
246684
564202
202584
509788
97848
435863
540762
364808
493271
527818
347438
72909
329920
626156
31512
235789
176605
705586
27711
130963
251681
269609
333819
228616
694448
271080
430092
585829
11061
577940
666459
681892
78153
571078
433873
698995
712597
387135
478974
334099
5837
610888
29361
487581
534265
650496
145309
86854
472370
542917
179389
264127
133384
308251
76097
472641
254213
104400
55762
76410
474686
507466
714072
240207
690071
321167
119057
547951
133114
300620
516672
196938
663626
500896
335833
588598
126713
230331
527254
325171
148002
329853
465052
256301
79013
249882
677625
547686
257340
534462
252211
262666
175015
697285
564015
657965
83528
256632
254140
659781
279048
88682
146721
521780
59157
207310
681032
378166
42918
54589
325895
489899
34871
222517
581771
403144
324664
463182
497325
15504
247503
233899
202743
586268
607701
184045
650310
204762
700969
183639
506328
354129
47210
671191
9490
117113
400465
709032
434204
335199
218859
600872
203506
367585
47529
299360
389274
150053
665275
202198
299607
378665
489493
123308
53698
363382
599078
57043
128420
143314
580458
65746
71861
11670
289544
487538
35463
574879
293451
350962
480946
4955
483713
543600
160827
25109
253156
399085
232421
257628
506380
431179
241509
63419
201001
223693
356559
541391
428981
99373
590625
419357
107417
375589
633231
657257
42598
376394
124095
566757
651403
413802
338416
550556
171889
390173
562485
139609
152554
58925
693860
403802
358047
480317
524691
179464
389342
709537
404698
399585
664191
558545
240868
401126
149304
242573
669674
207297
641765
255328
75936
198411
42462
298049
377829
91784
31759
521961
325730
655057
22197
698086
53815
284743
112201
400076
556964
243007
259325
238304
576416
263241
616003
280358
173547
637019
318813
444591
218050
4293
158901
122281
561641
172122
369683
574084
350975
212992
366920
12089
669528
348023
255246
474776
25356
638862
40245
73507
598250
482620
173509
533270
516974
125767
209692
287809
612795
275605
439689
35123
142508
271987
145915
405348
526990
1215
59986
61064
213580
636422
178182
52153
97359
70255
310326
417079
47067
103590
368197
193425
5181
482177
124306
221130
608272
218389
163592
219609
572228
484623
290479
72264
534353
343534
426346
279971
524930
170169
352730
402159
594958
707158
232573
402845
275230
146708
36
150006
215870
510316
229200
172872
466200
213876
214633
195726
4513
429113
423277
335592
455504
363863
587253
84376
594520
53548
606076
429072
636684
352247
106927
643620
185693
413447
411152
374546
148636
586288
344854
358779
94300
587080
165662
77193
570911
275197
196870
378536
281037
580097
500902
182776
384689
694002
541976
36060
350902
117783
362247
44202
686825
682160
293633
248850
257446
67500
467978
485359
397649
83078
467855
22920
393814
34549
715439
703543
464354
475581
245343
571664
141010
452173
99735
518635
139503
708446
177236
2611
323897
510059
8994
130077
112890
678081
91199
212932
22081
166287
130265
621464
266569
337689
91249
5753
91103
558700
154410
79561
315868
147166
103987
36427
307430
76140
86408
575560
654629
300192
50290
468476
599403
530038
244045
589457
6906
119692
91199
415450
184033
248687
53869
271055
150264
406834
650380
360310
369648
589729
26535
73284
347991
413518
627820
217658
89775
21740
340699
227028
415493
170895
113321
619191
280686
676428
207617
244791
638011
69317
412858
425122
325576
185638
443873
31150
108286
380682
44141
238243
46612
78052
484425
261294
256213
247899
556235
649814
455009
477457
546189
339848
474981
112269
715272
95148
578518
51485
549724
717296
687273
527047
569432
408862
338984
524561
434315
141326
643922
661750
705453
429603
402672
152131
227067
144677
368883
372803
601514
448804
282325
29223
487343
634941
714540
269204
529586
521577
364811
85359
582725
403845
512799
371507
8752
313243
433463
460298
595436
498454
82106
403232
534159
493117
118530
108133
214995
155679
160991
608810
422130
550129
118631
429116
717523
367862
687024
197684
523609
530101
227030
609319
580792
286344
228520
223006
273826
62209
656954
4625
690335
366993
37251
378044
269468
359681
225980
195064
653213
550380
618433
272744
593636
575930
191811
470312
333673
684047
52928
117456
443754
34679
607537
35316
404318
521302
625990
283778
698806
425482
555043
612949
551406
536884
215069
557501
405820
316152
93931
563142
79437
7479
175852
391534
307501
270941
354974
345446
191569
431765
23054
374926
9859
668808
330496
291662
8376
350959
591725
712193
620379
687006
314452
611941
425162
65993
262310
232241
79743
715337
76784
333079
103925
172433
597495
20503
231599
193687
328016
668018
206915
143437
347199
62623
306940
262494
96950
330393
334634
330745
474761
345077
325812
513714
30380
240052
336965
133548
71917
48362
102380
102973
44383
94530
361048
241028
691269
240209
653129
255942
497756
328231
532307
20412
147538
56372
38225
634726
638777
630170
283040
656222
642372
67219
676939
599841
625568
350295
278550
62116
582799
245254
664966
426658
78699
314885
662187
325219
74676
435916
421593
575788
158140
243065
424326
573079
156565
715673
242387
34528
712719
407623
147517
474539
608990
678605
543407
325876
702312
256609
389138
574841
587082
704475
182793
5
65777
55569
193424
584101
216114
510507
302557
138042
86108
54247
191889
411317
645191
639769
567493
665725
174882
364158
467290
511207
235714
462689
347453
514098
312646
220264
134068
701504
500470
540789
202841
470717
134113
461825
619235
365711
199988
644669
405703
606030
444157
701756
401002
27334
198617
484380
295265
11186
257193
461877
685530
551953
651183
204507
72860
575008
267670
37454
72498
599423
231294
545565
466739
417146
529586
700957
646965
586487
37659
445827
494744
81246
521486
149900
548395
244321
56578
279750
179678
393501
552602
441153
10883
167881
217544
564230
223739
539015
33054
271193
158109
40429
604332
161437
518305
182001
429724
19253
358819
568887
674514
466113
10730
647082
328049
378597
127298
453688
247943
272117
597198
128105
601584
209311
404508
10347
566984
369833
649058
111946
638500
222488
351825
137316
601011
272462
280767
56769
655644
240253
351698
396036
651961
81492
606771
622244
477501
351657
292189
318648
591185
71400
399134
32626
6404
680290
247062
525774
6066
462271
439373
152503
544121
558942
156977
380596
13627
107591
638365
662009
36926
149066
419949
668203
297892
425752
46369
524930
90082
122483
239298
336652
683682
685882
647816
145316
72681
222953
428245
205110
253785
694864
369184
201021
586423
166988
527561
247613
346109
696834
523807
661223
339947
139887
658785
714279
121783
599476
626784
565430
376393
577591
194253
365980
237398
127590
449458
189968
506703
81313
612100
309874
214809
301834
619029
218296
648270
10826
405008
449306
633923
420666
696198
11281
466408
14076
143496
445431
458857
182128
110333
370211
386234
215409
449378
426102
175740
711848
112682
626182
275137
534228
690883
350909
19495
253676
443036
649363
689293
442500
59202
375044
295549
653200
260851
515751
421283
672078
592426
106856
437006
440847
122753
615549
143601
630234
511134
525812
703863
106771
489151
385739
216378
562595
622518
124242
644969
25565
303181
548219
514918
487319
334083
528084
154093
148260
164061
148643
417283
325278
170665
676280
11462
660048
151349
598421
681844
135138
464872
103137
173730
439016
101103
189039
513753
486479
31955
576134
206271
370962
648049
661330
628170
498222
500933
357361
618288
623517
244320
668009
3382
91991
510950
616585
639678
650953
393088
273377
660235
619549
43270
126805
699075
102254
248570
679000
210952
417600
402471
387505
533864
370313
159135
535363
83702
371120
537329
26278
526029
338849
201190
397417
398248
380321
182370
548179
263350
134561
212912
124618
19636
516664
324983
126342
295124
309952
640756
663296
553480
59964
580250
251872
358431
667590
323299
317329
72514
247984
288547
27617
585162
124615
603034
318848
214480
86926
628765
333685
409120
529779
594677
479516
22687
660646
641563
387273
103812
141909
378333
582603
147819
424995
64642
641302
271377
46512
531523
592765
100849
589893
501440
168093
111073
2270
181772
235625
482862
61943
177419
142100
221187
86645
448942
620379
286549
552645
237329
458153
293206
630281
490499
99475
652951
64786
606767
112600
263130
337999
166713
580476
110363
21478
147332
706656
439329
624759
206024
83358
247425
73955
81333
481384
696819
39571
698538
606713
113585
283836
65709
566165
124912
691491
186890
158334
247309
373795
615815
71830
583026
230215
415096
595859
341848
710110
568521
161991
421985
598855
47205
717319
461062
20922
478487
52324
466294
612063
166938
389740
447510
284205
91247
605806
689866
274146
130498
187211
320963
496820
561469
614295
592580
492600
196496
43640
346751
185211
458020
601140
685515
153269
113631
517609
181059
178403
75397
85219
98647
142768
227968
279395
610891
364799
213740
57729
403963
20017
166539
561374
143814
70822
77643
1668
174257
662434
285443
484693
351875
617181
9056
704572
205579
218973
380251
592721
99658
20187
317563
542259
43484
531722
77192
693145
152692
329038
20512
301680
46770
533162
524893
690140
260429
139565
135943
131387
214236
347755
187311
670928
481101
181496
266343
246096
21053
665116
631367
8215
25123
714927
53562
422976
139103
711318
414735
707878
168061
58033
150981
597032
608155
418481
308830
102087
79967
183145
322756
654051
626405
172604
417420
502431
618504
433509
120433
168457
590152
407293
530823
384688
578689
331241
73417
527336
164916
713955
71602
474868
342583
611253
469388
306982
525261
400985
355967
49736
538859
74647
44605
268992
536197
349734
407118
105749
359717
183463
459128
41414
83508
523651
371868
525114
352878
83621
639451
214545
52221
601283
65219
206522
57692
112657
141381
168644
639868
716394
360544
158665
521109
385495
551510
68145
172705
249073
537309
310134
678448
177232
113842
295833
201244
528775
670256
27422
472483
617671
386817
37676
261464
304671
602052
605447
319974
129150
341605
166488
437220
19482
248801
292360
265654
406160
199220
178861
568644
59193
490613
715049
9226
621753
580527
172714
437479
97654
66933
513454
443392
706827
43312
698724
212002
629688
231257
267751
431312
535879
61303
700934
521966
507910
592302
375337
184107
411313
584403
645506
510171
446503
591960
239786
147063
51724
466778
258873
537528
28727
542918
62790
145114
242828
85996
430947
139539
13256
636813
466806
341328
88686
12341
311077
465524
369050
608082
24448
630978
165280
170467
627730
107401
490238
465606
155589
509711
643321
682268
409537
81348
646679
458771
333055
81685
171091
502912
139049
700935
64596
55455
572506
423837
588031
98532
313078
208842
660972
208483
650975
195056
414139
200484
678934
28558
81892
516257
125610
193773
241105
192353
285512
19350
415048
32177
505991
334516
278698
195255
19805
211450
416879
157763
296197
506140
70461
65710
326569
697206
612694
413001
165309
525115
12477
251929
77743
49229
334527
46003
455948
634254
514303
117231
114390
256831
276897
129379
357154
13400
661613
249964
603214
90421
6076
112425
203033
254911
14482
36648
210642
65823
607536
621072
700203
243715
416998
104046
556871
536058
28394
537189
113276
344719
198180
117317
26030
100438
387188
631679
28443
620579
168765
525904
643353
591797
75658
285316
98898
255205
144589
318385
488483
591664
463977
334573
540783
492602
582170
31875
73655
411068
89426
473388
8190
514573
671194
471473
436852
380802
386833
214838
349763
327773
478796
193272
439374
522428
285994
466353
132243
438245
236798
398399
195124
511996
306309
251065
226477
461607
92459
639210
7238
417217
131933
157530
58094
502113
177884
156621
451207
273317
504437
514130
297657
660065
97317
137426
536038
228250
43331
242040
615583
32271
558026
334745
431757
105121
150261
275635
486600
520079
663708
362220
644953
361660
371237
339492
496091
470699
525516
342521
13992
113221
5096
201148
106748
341889
571750
110741
210686
383836
421248
77196
13405
2619
686457
597272
246995
431333
229359
514798
231859
152537
712343
397748
498862
466226
134099
572595
68004
390752
529064
282053
132419
332019
333298
259211
353611
264027
554517
446292
253633
21310
440700
490120
482301
370591
419740
166449
151674
158026
3168
389505
481384
7218
104602
184358
344232
8598
2441
486016
568264
56281
296775
673248
26569
438911
493308
455498
540248
474095
132416
127124
681435
587834
157185
538959
178639
111826
697212
234935
48019
440574
616441
646825
690575
589167
58210
464122
490911
385608
80071
697839
127105
569131
44739
213687
399325
76339
240709
228104
211819
241166
678033
286187
224627
310986
19153
454659
629530
673415
382696
566182
416125
455006
622049
168765
698151
47315
277821
455198
52351
150859
109386
544591
382538
507808
327550
253149
126073
369578
203443
266362
388224
611178
325937
50024
163050
547671
379637
257378
602973
505026
499753
640151
156462
359053
246261
30758
420666
557719
95323
93250
541959
642596
17280
97133
380866
466501
498909
413816
639866
29803
333726
294512
451277
50420
112857
204860
536658
640421
253524
451393
521718
466063
55620
294221
368453
170483
292057
571735
531845
105459
231389
349440
193630
37203
136311
433122
330346
499889
385665
690669
210569
19195
73500
616085
232758
332626
50754
522877
527845
614461
425723
582570
429752
207786
93228
678085
458998
313728
708786
287078
67592
613900
321079
390621
359933
707478
179443
331083
689637
90757
630479
391803
289776
464953
137618
32771
530570
685368
214270
44893
221130
54834
195382
47706
239414
682476
620660
665144
27080
32979
280450
174553
115820
324326
439593
542800
221443
196052
492667
359152
638276
54428
152388
710033
430594
442759
296403
679847
284094
529330
149017
88060
332402
611901
143765
214251
356224
498454
580735
99344
395623
531045
437948
78693
606316
676218
404701
218077
168886
181649
698994
102177
362710
342368
599512
3112
83093
308939
220965
149017
17021
414435
434374
624842
462960
407110
641949
423976
394236
341676
417848
129415
250856
258346
244249
528945
535879
667564
484185
166740
8594
639161
50918
142835
287973
336086
556073
20214
525196
565447
628405
104110
92936
432400
187456
653954
464975
337130
334465
446410
73505
685561
124857
12069
638489
78797
187837
417024
187943
23132
227614
675866
468684
4172
283210
319004
326792
387647
476821
654744
271779
283716
131386
67376
101459
716178
64026
65532
440365
515058
494578
640557
526236
630822
170783
534297
475235
714790
36010
497248
136145
558902
472397
325749
244799
689766
158962
392148
702940
243272
694798
578811
155398
201368
663721
163990
178852
213638
124549
123909
315174
483880
155439
567936
171236
322108
651800
577971
609259
219593
164614
149223
509704
82149
10552
596714
323388
490093
40209
336963
109911
45993
402676
86321
331059
678676
67008
419509
367306
78746
47202
101097
211132
359625
427358
93719
647465
491317
418755
670750
358444
360036
557300
184882
536124
334803
449429
144384
73240
414276
361154
585823
171828
176984
81248
282340
434993
101833
371056
29102
238714
196051
340332
138623
508265
230829
334630
469053
528051
59513
705740
683012
561677
502199
646050
1480
285518
246256
56160
360265
712160
476747
125393
445594
504650
546908
312545
133031
474698
259150
249260
453521
289285
222585
29004
568332
313015
548231
202362
262816
470887
475061
630556
179800
157616
417378
231839
482120
588648
471498
279571
533397
431038
338542
547433
106706
691262
688164
257169
568094
700645
200728
70657
709535
521347
362746
214030
294373
441067
445755
147404
116225
207111
553609
551571
637143
480209
23878
385663
254890
692711
454469
209477
337788
138890
238639
56373
503373
181906
686219
148497
137150
681521
242291
644951
46131
593536
674200
42456
111158
80877
28760
513492
201218
235159
592857
444252
534349
354039
221457
240103
372205
17644
102424
505442
536760
413826
454779
188444
294114
238029
627427
615491
628373
277256
68695
261915
656431
672473
247258
427379
413428
137893
531197
215837
513913
245024
83505
600512
318649
592543
612131
37419
568694
427664
188462
670925
411427
422422
101973
522448
406574
635817
633018
171186
507665
326878
714249
213446
567269
549226
88191
81983
305743
410743
580285
373999
96602
228353
40323
289030
690728
71152
59881
