192689
189888
101269
57133
7607
10685
165815
137204
94005
82686
50906
116909
127617
117718
150033
159921
14349
50106
47470
65857
126398
165513
82454
32648
97425
57590
181560
198584
158283
53963
79602
91884
64559
44722
79542
111231
103106
7362
189894
153979
122297
132005
182277
196319
165156
65697
17639
2799
26095
177698
58634
154654
181345
51395
66661
2440
178324
151894
56574
122913
175137
197171
113166
5282
21061
3609
176988
155603
199324
19520
24356
143760
12897
41145
18953
124115
196179
69903
143183
96684
176739
28866
21361
31200
114717
169432
138612
133854
155350
181444
195149
196838
60756
184051
32381
138067
65299
170008
169396
88114
104119
100050
174076
93718
27381
37562
81735
73382
168291
37423
162641
24742
161453
20914
177874
199945
174832
61047
86159
66745
41887
87829
157438
98945
150552
49900
41139
116215
66073
57059
156688
38034
62054
33645
166721
24611
114793
158237
128999
185382
97672
160320
64400
7372
93892
157759
32619
73812
62558
142330
140376
95954
126850
199430
153305
26248
13071
150348
139463
115341
155534
11688
77932
28807
194408
171465
138438
152258
8281
120444
58922
73787
125645
186547
1340
89877
68578
7825
9504
93286
195225
21299
52343
151313
54684
59437
124625
65900
79404
58709
47902
79435
178709
63861
99967
148280
10761
109028
6206
126401
156645
149585
160245
97472
4462
22576
10930
43568
59680
25858
27988
21005
144355
146321
8540
57607
131181
129366
40490
161821
19
47218
177431
189859
150372
145098
52349
14452
157795
28020
19956
58776
83998
139373
64539
39574
136989
124624
187607
151467
9867
39015
175669
8409
141104
12768
31813
105792
66940
85251
156013
4625
146587
57886
138837
148145
151427
97356
123252
64206
7317
88174
192093
40279
185019
167587
158120
131107
161800
89797
8001
84662
30697
67425
127867
24934
106601
41241
27431
146528
10627
111847
17636
76392
128573
2932
181079
31477
134374
136133
172621
69101
159367
118304
22098
52152
59232
104419
136614
694
131881
27142
184907
166183
42384
162515
109901
179850
194627
92913
154802
32512
38788
9561
99557
71882
68462
73739
3057
111249
84013
193260
113494
126507
109536
20767
40155
85653
180839
117772
33242
17471
158288
32531
25563
137621
77373
177157
152103
155825
171045
118293
187597
47578
109748
493
138602
67950
7019
190315
170216
41783
101061
59491
111290
122610
100223
25138
197126
30548
140665
124138
156259
9292
51963
52038
195171
69164
177006
165857
161149
85906
120952
145962
188055
910
80333
46990
184102
190434
160862
181089
82963
61565
114739
113954
49957
4108
18475
87606
92565
130801
7791
89654
153856
38834
122128
155004
137317
25568
50264
128409
26983
8158
192560
66617
74459
123365
43152
151270
124794
70331
50271
101436
197049
123264
165206
90774
175822
66856
15412
166953
90166
39460
71696
22472
175681
53585
170524
49969
115308
162877
126921
126182
194892
121120
128375
72237
83666
180395
40411
64638
177851
97287
184239
161928
141632
83028
154460
125590
26451
147997
84183
129493
193480
76426
19530
85047
63550
163832
157301
66359
284
62417
17865
126749
174391
35821
118523
119810
82823
167581
50026
154264
624
44341
79605
179352
120117
125545
39686
195856
94745
13051
157796
78497
100388
34424
143554
115228
12130
90894
30860
25115
97192
32486
54993
10623
7667
66242
138651
106319
185021
132767
88910
46248
129781
90938
180778
125893
23957
104470
12336
73539
189372
161596
15306
31611
100576
93200
139555
105186
198611
177748
134323
32653
130228
67027
51310
14706
45238
94769
84597
81929
55013
179532
156189
169142
168035
32266
76273
75420
121967
178117
104111
97574
48726
147765
43043
105132
67441
17031
56330
147595
83716
187976
120509
187710
103702
130837
32069
139734
31915
39735
45245
189315
191724
176787
80228
39163
147352
92061
154848
124027
128472
70178
151015
167120
90482
161657
81285
147222
130104
86561
1171
73518
60919
163834
152759
158157
160098
149309
29417
163325
170314
69637
120414
70028
59729
130958
140014
55311
152681
64695
61798
146169
34991
148042
153757
37537
137467
154866
48910
62744
175652
92272
25562
77823
53931
73707
120723
57235
175542
43734
173676
123910
41932
159400
55749
178572
1777
156048
47818
153909
25074
150076
101448
135627
125943
33393
14848
54459
21623
75007
171823
97797
179333
19045
60075
146189
49952
182109
32906
18251
182900
139525
121241
170080
71630
145139
89965
174959
36772
55404
159874
176026
133926
69315
133324
124800
127064
197688
104353
53314
57585
29385
164254
44111
136413
51466
169398
133120
39264
15421
132618
38303
116843
24178
178386
77216
53756
101462
149435
143883
141097
3668
152832
54176
29324
84117
194963
52177
22943
28233
152387
42785
145193
93793
20950
197373
65466
37335
187740
196528
61037
145287
74511
153177
126671
89725
177464
30318
139783
118815
44374
43131
144588
186290
136125
84264
198618
143607
110815
194529
174207
67895
64126
90121
21950
121400
33876
157544
132298
5289
60072
70096
102894
104774
25968
72245
174698
67463
155262
189441
175523
105654
122273
149854
46633
35756
148269
132255
2794
111879
78430
61308
178551
166109
43774
116563
46490
131483
169361
38631
156354
176511
60140
138272
192171
154745
85777
63162
152130
168967
56989
8800
74298
9030
116838
184244
71749
34796
74826
176114
134250
66602
31048
154109
160214
114082
72332
65765
169071
137727
69371
13345
146525
107739
74617
89992
64444
34110
189903
128056
104483
183986
49905
123056
118383
150104
144924
168550
82111
30436
147004
64384
52035
125478
171120
32370
96338
29879
64657
102709
102250
156818
93294
46669
180152
179754
62764
57464
111527
174804
118463
106356
8261
68816
56967
69563
166247
19453
140827
145644
185774
6768
88448
134990
141968
16345
26208
49382
52505
64328
199094
60085
72673
162910
31057
195151
120952
20530
72856
17643
140143
124511
14510
142555
90678
7105
124138
191646
39179
168516
45784
106546
75333
49568
55603
31187
13684
199857
18434
26734
24330
72520
36032
82666
67354
129666
77472
87766
174599
3576
38140
194769
131100
73210
19263
66600
53412
74565
183154
43093
197134
116888
125816
119111
108563
58961
14527
154766
147031
145660
76355
85442
86520
45763
97404
114970
62295
140398
96523
123643
80729
25703
105240
162884
90612
171541
50137
99518
58332
11795
116330
166212
14674
110832
159615
137883
191626
93539
194288
126172
171147
55683
120261
85243
54756
137649
40963
28883
28702
169985
85661
23989
5242
168077
58240
54115
76832
29241
104170
191956
44726
186947
50997
188110
5087
101971
176606
101593
152942
122158
199225
84048
144736
125209
97867
43179
43609
15319
84585
170571
73590
135077
125497
184093
68966
53136
83747
51491
133375
164702
119840
150295
84754
47652
63731
170752
92439
181825
38192
3605
45812
37891
175204
102474
10390
193297
127188
154433
142806
74668
40960
79529
5291
57961
84674
97268
119131
136219
135595
186849
199087
131300
122780
88058
42311
194309
122969
125333
156003
159181
94288
171467
67030
197330
28985
72604
2151
151177
124690
160898
73745
191560
9896
23334
9209
134044
137570
104794
61012
132426
92024
26498
107126
3380
131740
163648
119952
109024
188692
57417
149926
195203
155671
31606
71924
34
141128
170242
18557
194767
18201
157910
77914
186724
47102
98757
6721
69852
197989
123893
69669
23679
100720
111791
162890
65767
36890
31225
168136
81373
13257
36067
184452
13654
68023
102851
55444
100341
41227
31040
52525
141679
42934
13176
128751
190041
103634
10312
72843
134976
174669
61885
78483
173243
151681
137180
109774
134307
121605
84948
167314
150303
2197
21184
95286
177799
131287
55358
80885
167838
191562
162628
195972
96973
126652
62918
103228
77877
130398
57153
198921
183290
94779
122477
34687
199087
137162
139884
195566
30605
28
186301
14424
34259
162083
107855
109228
93541
85719
14692
182265
176755
108884
142797
120887
178924
64561
3870
179336
96205
97677
80091
150904
172582
125695
65969
82113
61416
111722
163471
123330
111736
19431
87551
128576
161553
67882
41909
138761
63796
122574
164373
161904
94602
128069
71759
84118
3450
32103
158582
89378
57130
146198
156140
22344
185587
10368
13964
94007
20637
119803
183376
113258
104487
50564
126795
121164
106839
137708
98409
89792
82496
144977
23159
195047
125437
180203
188826
66150
88174
186428
14250
174735
116552
171262
97790
141710
184347
207
13645
106096
11189
17324
113297
78631
40509
125588
142597
160440
128307
189316
74462
3943
6620
125050
131393
75003
174430
4999
57921
129318
30284
106125
161107
47872
130054
110511
40964
57643
159876
138543
183577
65936
108629
124917
28350
4003
174628
90386
163656
4546
127031
187997
26699
103026
149310
42028
49657
10328
147270
159442
25221
50159
157016
22659
20709
130452
4543
25076
97394
127901
15813
103718
152803
48759
71392
4761
138160
84050
185811
68870
54564
146000
146762
187806
35904
178132
39039
112106
189704
76952
113043
79640
186284
10408
173531
88287
179037
143626
36488
191101
105398
83071
118607
44137
115053
28733
116189
26359
197789
144559
196931
164917
51408
188950
44394
25284
48610
59440
173905
106115
120696
18784
186147
58045
62009
18507
72799
194886
30389
173782
26189
184751
47723
142673
47096
191912
10060
94575
71671
195624
184175
163198
137373
35050
178064
181627
170809
180852
968
199037
75061
15560
169351
40150
64778
34856
141547
112148
92652
77380
177402
93277
157531
103285
34485
149854
55466
190737
21132
118699
168008
130999
8849
167125
80561
88152
68176
15638
86073
108047
112643
136071
76167
192509
132682
97964
61773
141194
27841
180869
127119
193795
147546
58613
78390
34786
120108
27539
170738
120737
142713
17269
96892
81861
138860
111145
93736
135669
57312
162194
66574
6835
7062
16833
106701
125662
77008
14829
34996
93124
12863
3990
190521
70710
145297
88000
118614
69633
95776
43941
107946
51681
166186
39006
4733
122465
105616
177104
193371
112056
99926
64265
26995
162197
138756
51604
103830
111127
133724
181137
30794
167399
93485
52170
34147
123160
55398
187408
29558
92818
27421
95042
38694
172780
38381
167786
126008
143388
150725
76913
122983
62969
11292
51069
149646
138335
171051
26505
35074
157656
12423
132798
161668
176593
143084
61381
26789
73872
25567
158047
22289
98255
191300
113976
128110
7743
113279
75002
168830
67427
86392
187347
154524
2071
1908
102030
29742
160196
77807
28230
199900
16928
108111
44538
45173
48650
61279
177659
22409
86375
20673
111518
23055
116658
23712
88153
148810
142846
195598
13513
3839
11532
175469
8536
158749
66287
174735
107857
3749
124689
172880
152260
160005
155047
17800
11789
55272
4224
177982
142848
113940
56911
88471
157254
60648
95939
28480
186221
34687
115475
104496
37579
157360
48086
2348
59992
19729
26068
105292
105493
184589
7945
184536
172240
116417
171900
172179
66667
167367
13950
126034
94794
89450
99181
37514
15485
61218
141650
123928
126419
116510
20554
79730
154026
39135
61211
180981
152316
2374
137522
73096
18407
149343
181011
93789
62410
136094
189507
174417
174930
185543
22915
142337
184077
40411
88264
52452
187949
197005
192642
50312
135134
115017
57748
117014
74048
134269
186127
147566
191231
174136
95279
145171
6843
78912
78140
136656
36339
191762
17816
178723
16673
15334
65708
151259
140119
109363
190991
74153
40702
22153
101904
189052
36953
6929
190427
83772
116797
92810
66511
123633
78599
23521
103740
34741
65531
174283
136255
143041
85296
116861
143191
31006
102125
139048
185244
21044
83398
130909
116088
98378
129448
116821
23659
149830
157311
17082
34990
11132
147694
140852
96203
71111
198353
110791
189599
195595
43707
114855
164896
101994
112456
189104
12895
130959
5937
66022
62337
94203
24240
44771
85892
178949
16592
109788
87691
35719
191438
127236
155562
24985
91826
125670
110762
83498
14188
157980
120120
179695
189548
178768
194641
66594
188317
60747
174322
8360
78503
130274
162737
22027
59816
147145
57786
83396
96673
62901
27636
57016
89892
20851
145512
164538
168403
121949
154208
38066
173927
26517
104546
40468
27793
177442
81289
159093
83434
8074
11849
74800
144572
131070
138422
149824
114296
42036
178798
151609
8941
134524
76040
81441
115797
104909
120814
168606
181082
175327
36447
165836
56606
164014
138270
71579
90167
5594
140863
133521
109774
172035
43293
1614
114689
99220
59946
98210
183352
23184
36146
23619
39552
21662
176305
150981
170081
28904
190119
172198
78660
63510
133346
175551
3472
82315
182300
193807
95989
26596
116473
189545
186422
73137
133771
25311
146419
38484
43935
125736
145338
162412
36777
47166
74872
25339
15980
5459
46834
2289
17132
144670
93654
190410
162930
12588
1337
78319
81450
113759
170183
103761
5763
198001
164517
43563
139595
192423
146436
195943
135065
67938
52097
143906
142492
16677
96152
171826
196316
4364
118015
101424
158169
129331
3656
154551
19133
86026
181869
20798
50746
65619
186710
65392
140778
132903
130960
156542
115545
156700
53975
195050
69426
93884
105436
1515
5848
112756
152244
184303
28795
31861
99927
195093
77416
159679
61622
82257
91537
177871
175362
124895
4678
133279
31089
111724
166076
125630
56873
50401
92614
140398
139375
26233
137918
169913
47318
25796
81734
49448
150727
13326
118077
104216
196806
18252
52608
24815
112733
122027
13804
84255
98600
47448
7101
10686
95376
145835
143425
24849
169896
3279
7222
134706
168881
38203
33814
185638
99857
178512
106175
100344
111265
158169
175210
72982
48333
77808
10634
139554
82216
153359
128435
10133
151359
94241
55843
15606
98043
192156
172275
165419
22374
47150
19659
33327
67120
98392
51286
105529
144115
72020
170589
19912
187919
126762
154132
116836
27200
51297
113805
74529
125601
97292
76626
158049
76302
119786
3543
154022
99821
137812
186356
65280
199627
20889
104775
186804
136470
133532
4776
196303
99546
129544
27689
108469
130438
87013
32138
129047
73028
31065
71881
12200
84195
6568
192504
195382
54344
78290
3968
36185
175829
106892
58697
126550
117678
187683
68860
20022
141764
172049
123506
75603
26850
3507
58122
141905
148686
187525
166614
56234
45616
94634
143075
126244
130141
30103
12787
127035
99186
95447
175890
132708
48990
176486
40109
12707
46470
73900
29498
68927
66474
81462
180913
150826
156347
70101
39752
166441
16505
18502
103011
187762
152228
99034
177545
170908
59618
98244
81399
138392
128179
75861
44132
181092
176680
128689
109702
168024
15957
61605
88469
96236
158246
90240
54490
190501
62703
38887
15664
80682
156496
10438
13230
173745
170640
111289
109569
20892
55707
172487
106319
3717
7297
192050
60424
162587
182944
104922
67008
148146
147319
123535
25049
32790
26142
122919
3132
24101
118750
141970
129607
24710
5089
181030
91877
135356
127231
131595
167202
88860
125461
175032
154632
44052
129069
112591
93289
147464
73413
105681
19242
27786
101602
5321
129571
31648
14412
109836
185133
11508
54065
66059
98051
105305
163465
70784
71380
126015
164609
147715
43696
197105
62447
137171
81750
76444
128618
171692
168370
180132
5192
155484
13836
29950
17977
61209
93107
18985
108533
178699
150247
9453
156697
169802
135887
66799
50575
152048
65450
98891
133279
107442
90229
38241
61058
109733
87826
106138
186324
127358
31277
150428
52446
872
31847
82208
299
88663
183999
46754
69938
130185
98654
72261
37549
160744
121834
51897
195852
152570
30781
127020
162672
127024
36643
124105
94631
153685
24102
187858
178080
3597
160557
98505
174278
131805
30176
112525
71679
83275
192974
197069
185075
27012
91404
172160
38373
192042
65851
51810
137562
145104
81221
195795
106866
165862
62518
148098
184405
178103
147207
281
40411
4154
79941
91244
147704
115265
33104
114502
66678
19051
83414
23549
58718
163794
97695
170534
107831
106407
83609
112435
111321
5014
82372
9532
107100
22861
159380
12125
180827
57093
129942
50858
75366
190795
45657
110078
25142
9644
184063
77661
139102
64544
4081
152995
181934
58529
99472
83043
9460
32799
190541
132520
80226
114252
133267
102960
27502
119936
55427
143405
149147
118036
61916
158537
169798
77665
163012
169932
145732
190326
175256
193756
86446
92541
61732
88197
13721
74011
104690
166112
155785
68675
62864
27691
88925
99306
57984
151422
196871
37096
53988
61914
172300
137587
80038
76504
161613
46028
79882
39923
50782
67615
73534
130121
26736
177267
110558
17310
101568
34153
141017
86694
50257
143240
58340
173562
95265
174599
151467
171274
4273
130635
102170
107763
94063
121850
194985
92193
92849
62436
7514
163216
95542
68041
17369
19052
41936
56591
134931
115949
9418
43014
98386
117972
61643
185546
85543
154575
156801
108698
188621
36227
136075
13482
96494
90611
177725
61861
105268
2953
107729
165535
117806
17909
25707
143109
41212
30785
24287
68645
159900
126225
79462
10711
193486
161473
114285
198064
189208
120181
115332
19355
112815
180781
7119
55243
188490
124903
106469
195677
195906
77787
188077
26448
178436
170843
50502
121413
139478
82769
19678
99147
8390
62748
6936
86083
83744
2807
22394
8139
154199
130039
81854
142153
17677
103818
102323
188544
50213
34972
40563
81225
175250
144759
76581
175780
61064
14781
89976
46527
181729
70891
120132
164212
123404
102725
195464
55027
179282
21764
55739
114770
160668
120531
160755
193226
120848
57550
92783
75
33751
47402
59274
19991
3004
155620
37748
20325
9568
95792
129365
57400
13474
20837
140300
144630
35696
130748
127786
11459
143504
47225
129124
111291
94772
51330
21461
153517
118436
174097
129161
33939
60790
138669
71513
94209
184605
120959
144609
75643
96433
49153
13725
135363
186449
614
94684
1379
20593
169859
104628
147523
79823
108219
110097
126569
22431
109795
101273
143560
22407
123094
32160
91684
186181
32048
46360
79830
166124
122996
43352
84667
138782
71945
78865
57965
17197
182482
162251
116962
121672
137508
115821
135946
41022
82387
86147
167587
108708
23154
12800
187505
55410
7281
93160
135071
74149
128912
29919
16656
146842
143416
28299
16995
60062
182701
107817
95387
104953
17123
21846
151319
163862
196786
154166
185352
14532
180773
107073
75122
174224
150876
115859
138101
30802
198449
192050
60763
8782
141796
31053
166191
50735
138721
139100
96264
14502
77538
76061
174404
49918
177349
105005
96260
82260
12189
97288
169118
36023
181000
119385
137700
24543
195853
54320
43150
158912
111525
179937
191028
89584
2413
7792
2663
18182
31851
56396
195315
86502
111424
105902
58800
147055
172102
352
43064
65973
81309
106595
150047
145771
183378
186361
15621
69263
176648
169961
125664
19663
62382
91159
86176
99756
186524
173590
172902
7506
86716
69778
162405
141292
78364
92732
127951
57
102950
150799
144184
157896
141850
126979
172197
116433
96337
7305
72269
199307
8269
143788
102479
99661
56430
88411
3971
127301
7589
96811
183533
14044
145390
35832
74311
89509
25757
20372
124860
122894
127643
79283
76308
9970
96381
186034
127258
149369
195727
185293
1119
69307
1418
108094
172377
72658
95421
195639
138664
130996
102521
199740
15463
157202
94122
157939
156642
163525
120128
9877
54963
99698
180729
136309
163360
141935
119300
20192
158942
142084
147183
28682
191092
54560
182625
37542
129016
25381
78460
141049
141378
189970
151145
60700
118020
31146
119895
68081
37889
86126
103573
110704
24862
185202
180168
133213
134426
40329
44761
23874
142435
2386
60957
175596
77063
6980
65238
12421
199308
46745
23132
66232
107520
198333
129156
155253
26737
55794
79710
147356
144363
45532
36411
186110
110102
134546
179209
109625
45526
1800
84004
195203
10639
164026
38029
59751
126573
108487
179131
140847
62394
87856
33360
167451
102831
171759
157900
43740
181857
83734
34742
185780
39905
20571
14517
17000
148616
146846
136549
54788
161064
135897
140170
191151
113973
6795
99855
129767
4682
46636
93586
158320
107710
151140
154398
174582
169012
125149
2749
67089
149372
173447
43834
178068
59166
63500
77621
66821
160900
198951
146538
197668
179683
188486
189698
123729
148309
156687
155917
127484
33364
78945
110546
177034
151800
8872
71452
117338
134628
49964
108495
118971
25813
96530
40669
35488
25752
125899
48279
150322
40640
76773
52005
131267
2943
104995
8821
138461
59397
122906
133650
134000
112658
38676
199306
2970
82372
31300
182203
182957
51692
177406
137414
126256
37792
177350
41295
26392
44016
138454
196721
137523
61767
72422
100126
66158
177640
25669
110716
31024
186228
156576
129133
103973
115789
43272
28964
121531
168768
189515
49262
9791
29596
84240
154043
152545
66321
151761
106863
69568
16452
162906
181450
56655
60123
14865
94458
119424
138688
168066
27597
105354
116674
43923
144294
17748
83405
649
1053
160780
14630
184268
169984
47667
194722
176635
2412
163685
166254
35126
199272
136625
147631
157673
102801
173849
51181
15596
13714
52931
112582
79429
97257
186590
69364
124779
45481
62641
145634
46654
141645
151326
168489
182015
110150
26195
191311
115645
135119
102534
105466
43136
6081
39442
161336
145757
57240
90249
107202
70539
11017
180799
107471
76638
157884
92984
158904
140897
180172
147065
70958
92482
159359
23467
99300
168072
48059
57231
151341
87330
98277
122870
127596
168768
146005
128037
154683
190777
58665
36972
125939
141208
133197
194530
190728
113232
36386
5506
181992
178276
125018
136854
104867
60661
101496
81053
179036
105242
52547
85802
15941
101416
152729
61372
70779
103184
102942
48572
23996
143677
198761
75830
196446
94288
34244
44970
108308
150236
96908
16235
133802
124504
53114
41242
55138
183668
196612
117608
129101
181432
116588
52958
33325
19631
171813
32681
178706
109392
52380
180609
34200
97084
156691
57499
164312
66636
182936
109063
82728
177507
166781
98060
31035
52045
71837
98519
12466
27711
95601
111893
123400
166928
109652
82560
119775
67322
37075
179894
183878
173664
53708
161596
86584
150332
148992
197814
71196
174845
59600
91723
124189
75961
126400
176407
167942
173069
36474
26374
76126
72537
87455
86539
114991
159388
43961
119585
41073
47195
151813
7973
20148
58628
123558
77244
162094
177032
68442
139353
117804
110935
57668
30072
124785
28035
168322
199305
174793
80494
131558
135920
188426
4298
194110
22116
137248
106232
134550
170019
104700
162841
174569
88617
71672
39898
129808
97511
71091
160574
89417
143672
118129
194622
107574
111554
61019
116545
45844
131884
172033
193436
159152
133619
141759
174169
175580
101508
3268
16434
108638
63719
174479
27492
955
52954
32032
143972
23492
80619
123701
55966
152921
71530
115895
157326
161950
77804
10550
86983
11982
190450
112434
154282
192587
178627
108872
52030
147156
32380
22775
178413
53507
80060
59564
194507
143197
24731
113824
101144
120102
69478
142994
16481
14079
126057
32001
131815
47414
91160
28311
158046
153968
89788
118538
36483
80999
12040
26770
45445
147503
174059
1433
120922
169914
30660
146092
32455
188786
31614
177607
126861
113652
156286
155739
24680
137965
137772
5905
29167
185060
183925
149445
13124
21737
93858
102115
68802
172569
136465
111832
4733
17271
27873
41839
11849
142598
13182
140868
99618
6782
167420
185711
81938
77901
167415
70379
107996
79647
111787
22885
73744
93425
24376
127070
86422
119604
22055
135924
160080
180977
155668
151639
21992
145946
36047
100437
164004
59881
72058
132917
80926
113992
71282
79702
180461
49719
160277
3861
58209
8292
190457
174258
118386
129410
140072
150800
83506
158562
146694
16147
80530
130995
50747
154225
58118
11794
172956
43248
190542
58771
77443
41660
110698
150393
178920
124438
10564
96378
154321
87517
150602
97327
93237
43150
105035
180717
86573
195636
184878
125336
99082
129320
132419
62119
139878
49593
152529
98580
50043
144331
63261
126659
90364
153742
70533
107796
125521
197327
84719
86449
124340
161516
41971
37458
131439
182102
43963
10919
88602
13286
102246
126719
19875
163515
161074
87218
968
23386
110793
191755
150825
195671
63143
27418
151433
164635
75234
137801
11656
68627
120199
87875
36350
189075
141975
161425
174523
58155
99111
8639
54617
37301
22436
105842
61685
97841
106989
126766
163281
163122
109900
74755
66402
192805
104474
102987
115289
195985
39406
1548
189026
177388
132034
90752
79429
155951
188014
104731
136526
56916
101359
93197
98380
72713
92323
25763
52145
188896
21645
135776
173440
39528
134113
24282
120000
1955
161254
104472
117437
95985
157204
892
33652
18339
186022
102493
190596
185793
134423
4099
10421
45940
58632
190222
175819
12396
50274
53341
136861
189897
120056
95239
140389
141550
6359
165351
132680
52653
158480
108570
158629
136859
197030
10531
22377
71699
131839
22362
68078
197774
74524
57670
92253
62264
5590
170831
39235
155136
93953
168050
143214
152344
100522
84889
161087
39751
60234
7923
52929
59029
56861
1551
61994
142480
153094
184167
162686
151566
50372
34497
50278
62076
57821
194208
38575
42578
44333
168941
155090
199299
180534
182372
168028
125266
49464
184928
94746
114364
144377
135849
172799
52604
43419
133729
50285
112755
166654
32264
13255
136331
135990
192266
22899
109983
23654
164416
22511
128852
151995
66549
96726
149565
116892
103080
107262
115754
102193
89690
49513
40731
156234
171488
14788
133824
73933
131252
180434
119423
35629
87372
37078
159530
133533
195070
68352
152363
95325
87531
107301
23953
44636
76565
30518
78109
93774
16219
145535
87875
160590
117791
181759
156337
9042
25487
123597
160193
68
72054
57430
167821
155807
5541
134591
138519
37947
181627
176729
47859
103677
80968
118708
11412
59561
9717
171809
34937
14016
173129
162704
113485
7656
19262
92512
62746
128991
172206
59068
129914
118288
131516
124405
60632
117181
125594
89782
101279
105205
115920
28679
25835
69981
131810
82661
143366
120242
62413
63581
21068
191279
148233
20687
159550
108678
33027
176074
69908
134436
194884
180623
169420
192765
135045
185138
68025
23878
196280
23699
71277
80672
34063
15408
48712
28551
43449
14655
64325
131566
141916
97767
128796
61923
178313
91009
76430
69332
38303
65958
149937
649
35906
70991
68040
82625
171590
144748
69336
54203
7583
70508
159145
112210
104573
121762
6630
50873
135631
63130
172645
196750
9392
151316
144021
83235
13124
54192
31203
10747
159406
48651
140357
17519
36681
176562
121929
92203
46435
109228
32488
25923
168875
146311
9384
45466
30683
11561
61129
196321
16071
134653
107320
94888
136899
165958
150209
29107
95741
65537
57675
133289
198950
141456
22472
157033
191988
78867
136990
93647
142037
4470
4865
57208
95355
152459
105915
112915
90019
18293
39719
48626
64084
143387
4342
154093
56894
193892
104812
146823
5747
161194
184529
111709
149229
172756
1828
21727
22724
27225
160602
5691
107246
197530
99149
114040
40304
76400
103181
190265
131383
144902
66867
135752
122210
100122
115548
174766
61701
70235
72914
162787
182100
174264
134303
132812
124362
119512
122192
6322
110926
49202
184297
155902
37820
109329
85893
58024
188018
18641
148503
4925
83871
26162
44752
188120
136675
76732
82178
177135
18803
30347
17539
115342
73930
187041
142854
8940
53195
108920
13376
137235
70003
193262
3136
188711
82399
173233
122915
160270
105655
107908
16065
76547
128326
101866
128036
90764
34379
135025
2406
42480
198015
87000
121529
91886
7835
86595
187655
121237
64547
25674
84756
70729
11824
184258
40554
889
17011
89155
141530
57697
69028
37221
68801
106226
139722
121502
152976
29033
99978
57731
36014
115587
69033
4034
20968
85557
173244
72396
141021
21237
6775
86015
178032
51184
166335
193356
143078
131935
51743
51403
70996
139843
150999
73956
18732
53653
172489
176841
121634
23212
122587
41689
141665
25492
28805
71972
174569
99736
118781
137790
45422
11393
172749
166841
46418
38356
27990
149657
108836
68452
98827
118791
195490
73084
92671
30041
16663
58133
149496
47810
13094
135917
61889
121088
134717
122359
8250
67801
128632
175150
87627
31783
35080
147643
96089
1998
6867
42076
139491
159749
141721
100794
175052
89959
186820
17982
112231
88758
152544
94978
5413
60834
151692
76392
147169
14451
12741
128462
10340
142887
23711
142092
21272
115053
110618
173958
72821
48868
178944
125440
48497
103667
165846
158392
52821
27741
53451
112003
123366
169308
91677
18522
96693
184381
177537
168325
104099
15121
11477
25033
73895
175181
141165
176853
61412
164463
104316
190826
558
6698
126926
92801
198484
192957
104924
171273
133078
61113
131130
38888
87108
83451
55472
101688
162391
88223
166024
32869
155631
56628
13325
189263
130291
49091
82828
93362
147160
171047
118249
113257
93312
46575
26601
68332
23927
89289
126504
49952
86161
81598
38301
112664
187967
89479
137741
10664
180193
153737
91573
123259
38613
90572
83233
103201
129311
24524
176399
164933
97859
152706
49291
16401
91982
81210
19879
74613
51406
105065
103835
91105
14307
25601
26480
70929
185023
5743
93845
109001
173348
192860
128062
92797
82289
164912
48980
65776
99382
82364
40592
161479
12715
183842
7017
162617
64020
56884
198722
103952
80757
116094
44008
142454
136668
9951
134726
41304
245
192670
88349
59119
90544
184992
1783
87563
188350
89582
110602
19036
77639
4766
90138
85285
196587
3858
147593
153537
191018
127290
118411
128376
150530
8758
5463
137695
131609
128379
39331
44237
77894
26341
166788
111588
86292
156030
78767
81897
93355
93126
123747
89096
187585
32196
187609
45682
152528
85506
125065
160015
20439
160901
25358
13290
10236
166840
193840
86117
191097
93343
94419
96440
23948
29761
128339
40226
124
116924
148249
27706
81840
25144
18026
47903
181586
47944
107017
122652
137576
181509
124901
195571
152383
181313
182466
92800
20190
35242
8812
151422
199631
199798
42930
24504
6399
112921
199871
80053
166653
23920
19898
171313
9841
134140
129495
179899
102493
103360
164345
108178
192179
40204
130896
166920
153514
169251
138641
72482
46374
19235
105639
46068
158604
38547
54689
99448
163120
8682
82648
18415
132785
2251
189081
132680
58196
148473
43761
148068
102047
150799
137929
89997
109429
187353
193660
137206
83072
36032
147828
183673
126534
99356
102418
172873
15459
39305
183573
126495
146191
189021
44584
155968
195450
128474
125202
66610
79621
11243
124335
359
137814
147077
49844
20706
168689
126892
75806
197428
19390
179579
32541
17569
125366
190942
188996
154654
61783
61077
26911
126304
134414
91570
101292
151423
15170
172380
132767
27439
196183
188113
107268
176881
78308
1639
143773
70873
26917
1561
79299
9221
114020
157221
125655
186834
52380
18828
151678
168718
153255
46884
186958
73888
166928
63263
72990
64394
139859
1538
29561
69313
191999
22004
69750
23846
27136
132432
82212
172494
129140
71881
132724
43888
59485
197555
172417
82576
12835
42332
71298
55367
116751
16345
149357
57046
124440
27285
27846
188159
107396
99687
139703
179203
49293
161133
105199
174421
16319
94211
180813
173027
187195
152916
171931
65914
99765
105233
37913
196463
96302
101418
152067
136296
37024
102018
27083
58752
178323
102304
20411
187268
195402
121693
163696
90278
59525
98059
47033
166803
199092
191424
102140
176115
179188
194471
19823
142520
74092
177939
76934
141049
134779
18039
101596
5533
72154
190423
23805
18590
155551
104100
27312
128879
123912
136201
188752
167128
38824
98301
18504
178271
176163
24117
60083
16952
53350
105421
84759
53617
8886
1325
191639
11519
36640
145915
199506
73793
8753
147499
61936
142382
29352
182873
27954
160557
23918
178106
136484
47500
64498
159046
58570
100274
149100
117768
197470
146033
145314
7468
76758
85399
26094
151196
98908
30089
118733
122175
65476
199980
74178
176962
75556
106327
125645
62775
150770
76669
123804
111723
148163
109060
89381
198019
189847
63780
110638
28111
90496
29699
7523
29080
75782
137177
175588
176164
66187
13855
175347
106352
57078
73324
89981
161111
21382
102937
128385
27493
83715
99984
40106
25882
48357
28578
154935
199509
138072
119236
38852
129772
118925
178916
93681
15023
33378
92724
171980
10385
83100
73154
180084
188630
76079
126808
37212
53786
140792
79704
195970
159709
19528
139166
111118
124747
13700
75566
88785
47886
175233
52303
8702
194757
104457
182527
2180
113299
90373
128009
73744
41827
57626
82233
198882
127106
160428
191693
52052
97791
161783
287
117483
67019
15233
11391
4150
62751
93521
166194
72202
50116
174184
5431
190323
59052
122670
90591
123901
159904
155563
84986
25573
99926
64994
11289
50297
18923
192771
25015
138459
164838
133115
70507
113510
63560
109239
166661
77786
161894
70420
36748
18984
77188
133252
137053
160210
86203
85067
51275
36354
31641
190425
63451
133136
106026
26948
110553
154938
74869
83463
99365
150
122912
140846
191856
22571
164820
42985
10437
194776
149457
96009
191800
53505
66042
88616
69572
172179
120
62457
74304
32082
58994
166758
122557
82140
62114
30114
83263
29145
117526
107498
98725
20502
164880
185944
83378
27884
174739
100402
71141
46199
181346
126733
195410
72094
94676
56714
176873
120609
187868
166896
45743
33006
120177
178042
111115
139375
74849
153773
100318
74685
93396
47392
88582
146741
29523
134774
142944
175304
57954
167568
97499
51802
179254
70529
41189
114266
183673
106794
109969
56116
174271
85668
163778
167110
100164
17958
190663
29875
25958
60591
39972
192886
95205
115770
77053
194233
61722
175551
181016
108086
154554
116616
177029
29935
140169
63713
108666
197689
70919
158708
32612
58940
116727
161993
98622
30611
18167
140607
199950
69264
108637
93533
21710
71383
129418
194756
32341
112033
42597
24266
181903
133128
26041
97583
194628
26397
156055
64343
83484
127767
59455
143097
17545
170594
80814
11680
101494
89443
89422
185966
60923
4253
189096
196761
41267
75079
69779
123696
116655
13524
171165
123570
18749
23712
194139
82864
77862
121838
136511
174340
55281
138025
101914
122541
170657
58716
157456
54145
23941
168221
13328
82558
13761
10143
58944
14785
1361
110494
170419
169347
21474
50407
140856
119515
96162
107899
158585
177414
38979
157127
104497
137040
187112
154635
85102
109201
18233
159409
97191
40602
39004
15479
192982
21428
85920
114661
144257
135291
21500
1133
139420
84258
137871
20762
71621
58817
113050
30000
121263
128905
129353
180746
52553
197039
153060
134793
16243
139691
73470
93285
37747
86388
39250
175587
193837
149907
116351
93653
156171
132154
176961
18610
144942
17664
198028
26439
29629
84401
123148
49092
120368
80314
46302
158559
174819
82233
174326
166618
11391
330
28476
150384
11686
37412
83239
191343
134879
146744
119220
109630
22439
30378
84228
51601
61665
130748
81668
170673
12140
53969
109447
6844
112912
88863
186206
149294
63141
7461
88536
135176
102199
132373
176210
55417
50303
144444
22971
26580
57881
170035
110072
9428
28575
194793
2909
95460
189555
60156
57526
61405
188761
162689
185137
103154
64672
13514
76110
76295
97907
101950
16861
8284
86225
158537
101374
71689
115829
21617
188030
98258
62926
57944
144335
17618
107679
12541
132962
84238
59326
27492
114257
130902
142066
168158
25272
29950
40062
65220
163524
163092
94871
44535
151949
173336
93679
9871
47612
10360
182886
192270
46886
62326
134273
147050
43934
139290
190787
155169
142247
60061
76321
144162
149947
195788
33392
37959
138746
33630
5304
68122
83679
114438
198915
189440
95455
190813
95283
4259
170514
59984
192472
97876
198288
72185
74091
163173
30217
71192
166679
88127
130956
75480
67292
82821
135758
189309
175733
102248
74143
140878
129912
24967
33557
132614
5026
25954
17303
20682
198313
20139
159426
2639
199620
10826
155925
46455
125325
111781
6961
70790
19000
112854
89211
32771
58887
121559
150347
99344
127275
175406
29180
105261
167863
5891
74291
56916
198261
30736
163529
130520
106131
198261
117374
29388
111453
24460
67634
36092
197859
128168
151518
187718
47090
174045
40362
159248
148039
70672
184805
176897
138003
21939
97645
9272
40467
61964
105635
36804
152451
38059
138373
82795
104455
91746
27294
70190
88835
37745
60712
143002
165893
6725
162580
70568
145742
113441
194643
99862
96924
163331
17959
94288
155007
2039
27152
9894
77143
140092
38741
67271
38131
189941
122005
43718
39696
87621
147146
91728
14297
31188
67692
621
120760
68921
132988
180686
163269
145084
179345
87105
110808
86581
41797
142165
116376
102695
79975
80875
150924
71292
47034
139258
65440
171161
72033
80751
35595
28590
12336
121273
36890
63515
167305
89782
183336
136833
165090
70860
152058
35449
196212
142211
162037
188900
105644
56030
174982
80746
141699
107599
123423
85724
175122
97962
99034
107407
64815
3799
51506
9580
135403
94685
67112
45709
129518
26031
17824
33409
186063
90943
43804
122686
115245
179384
63097
90815
182217
125231
154975
157200
53242
23191
59384
111539
199032
114316
141877
86748
57816
95551
4671
110569
126934
195826
82727
79977
142626
101043
89015
135313
68539
67677
111429
141458
24688
153032
179227
1417
24244
189821
197786
146135
132060
96779
56794
15205
577
187989
98446
70128
180203
47789
186068
176063
150347
72634
63755
92828
77404
106438
41727
105756
197591
846
192640
37695
45108
142884
49037
92181
95478
39259
71400
185430
159871
190640
64500
95104
62679
63092
19409
103718
121731
42534
112890
16591
105708
199111
182968
175648
143962
76857
135808
160518
69067
193055
197974
126182
46309
14079
158380
149552
197880
142143
51745
76174
67468
132465
78650
89533
184639
167482
162923
156947
49892
196469
121770
142643
181083
190690
106753
192071
85104
99991
120874
139530
22311
76413
165290
84752
37844
107064
169602
20883
60965
186096
111725
63260
4012
36544
37154
24280
105864
88025
119884
43218
31812
176609
66439
112837
6854
123851
125069
199836
50737
88066
198979
25316
53979
165110
147940
28769
146276
10822
117535
91609
169240
26927
52466
151246
26644
25834
55774
28928
83484
14075
72331
180832
9788
48033
72842
86929
141697
93100
139101
41758
117472
134624
193235
56773
72143
117601
3686
95742
92158
7559
3655
199449
175643
140473
26777
192245
14315
54812
145356
107766
156712
99928
92220
115596
54911
37305
133974
195243
4161
149559
170092
5962
113910
21718
104582
61463
34103
4539
171825
21076
129649
187223
16893
54478
167380
54499
95794
66721
139204
77285
17764
107419
75858
65718
87095
71474
105468
14062
69259
113425
174198
128854
68386
35484
86660
26776
78044
177684
47080
194763
31822
150225
65653
18539
1111
75398
74441
57784
27383
92327
159041
18618
87667
21024
14377
83815
140883
133560
181104
93076
197579
62184
40426
6702
141395
75755
76683
45269
114887
26988
107392
148170
115140
145096
145760
96252
125519
40536
66318
127809
61579
157030
71227
45542
66398
82295
91754
57237
196349
35308
6389
10537
34871
45339
61794
168052
44401
25272
50643
79850
10782
177743
98810
158470
89753
69792
162861
127128
180338
120295
167792
79878
183169
198708
65042
7538
57722
85986
143582
140193
48110
41124
36807
138745
23632
96777
51539
91883
49825
145733
135286
32052
61059
9503
140912
46828
42351
132149
110483
120868
24587
121257
30513
88460
15092
157183
143330
181606
186548
33433
128945
42632
47880
20862
8457
150995
169605
50795
128668
184111
196162
158813
26034
193526
196937
91515
102231
155606
7927
151235
134216
138402
88138
152203
187238
56857
194413
32918
16081
197678
7220
154056
27904
15226
159548
94737
151298
183357
63789
29807
190049
122103
196436
18980
61102
44609
7666
195431
19224
109008
183464
78870
32826
45969
157832
91988
51535
96639
130332
21313
94832
167891
71653
125436
185010
124461
63939
168832
19320
158035
55252
52815
53462
37420
63083
165427
892
66196
45260
164024
113502
155770
136798
22905
166161
132132
180894
17901
93281
35237
199535
28107
159523
9911
199306
4681
87710
25585
190266
145563
12494
102097
57946
70471
173825
174640
9498
22014
168109
165761
116105
71798
10715
48777
87130
184707
45253
3410
49835
167838
142888
35085
90849
99054
84196
32167
85319
179811
165631
139757
47928
48991
2007
111453
13897
161608
98917
48110
38119
160529
49757
142669
111017
178757
107171
103638
68821
129203
84834
68283
110781
17152
195338
66604
84717
163616
181611
5573
35814
171279
23087
183577
55751
33115
20614
18229
47702
138289
41027
84951
149254
62643
151693
102332
97852
80368
103491
100995
151566
184732
195981
62822
193232
65431
104584
2256
32866
142329
78533
189724
26099
14585
60096
152184
15267
14655
146866
61952
82978
174800
5509
4629
156699
58783
134351
157643
41413
184708
152654
142109
15001
164673
70358
114375
174239
62194
31238
54143
37295
162005
44155
101606
12318
70152
141824
30401
51305
197578
69099
135393
24446
66818
83611
75988
40990
124169
23575
86277
19714
68224
68867
102913
25471
48535
45253
100322
13489
84362
26476
194814
141818
37069
114528
84978
197196
29022
56745
60299
179111
59069
84495
128696
94774
177478
121927
51074
36836
73350
189302
158804
189232
140908
107693
97630
76127
7848
57898
155640
59722
174351
2482
1285
4028
76731
123514
5655
80057
74906
84225
110348
113544
81065
171682
158367
148878
30010
189680
46713
118076
26294
178561
162201
86489
173089
118468
51929
160207
28274
58675
72520
122752
77054
7871
22858
199968
63119
186388
157011
118786
108966
93672
151187
94768
158918
113508
150497
4734
40136
199974
126370
45405
112320
34074
30531
69847
166208
99224
118965
112124
98543
17584
79549
109488
146794
148759
89673
101669
114982
183622
100695
93349
88662
110404
1132
32471
198337
121687
93805
134247
143148
118093
26539
198579
9132
187684
151756
67339
154500
61789
173175
178516
19295
154899
146872
116924
163878
157890
178719
140920
12949
64280
131792
41031
178879
2703
120696
97492
123848
10655
60066
191524
102190
127431
35430
18193
93466
195849
51646
15716
48879
151170
35267
164730
33618
182208
127053
63601
195213
182921
141781
79413
49825
11432
30880
35845
117078
110693
16619
14433
132052
115932
127061
180251
23273
165898
149101
136620
19341
92916
20740
86598
136910
68919
89652
59055
137462
149917
74562
21105
118614
143688
23347
188599
14932
101390
195624
181436
188357
51866
26374
15538
29643
146667
131935
187810
58410
51064
61722
27038
8629
187619
64343
134834
21999
90677
144733
121719
196854
52044
146387
164648
11157
136862
46652
94240
174709
51403
6262
85108
93514
147896
105830
95333
64066
109188
44853
157746
163386
82546
177652
63483
93949
170986
120305
3528
42532
170957
131802
53484
181119
141439
122187
98909
6816
161698
195335
148554
152172
41263
56149
12723
34242
1869
156418
143163
2560
32479
190769
17192
51248
88907
58018
13348
79420
189459
164314
152351
71689
66323
101114
100433
66133
122314
99672
37115
169138
30801
178941
136406
13908
133351
69332
28000
199550
44739
174347
186086
162764
195885
97072
120940
191780
19637
136027
166515
142045
109134
80576
189285
101751
4210
58611
158513
110561
175762
3005
51140
170831
84012
43976
195491
102273
90841
119022
151553
181659
79044
70628
118685
24457
196055
95918
98847
84810
17597
86722
34941
121528
28152
30671
12737
21953
114480
182079
75591
179741
41635
5351
180448
40366
180918
40633
158116
193775
182561
20916
98221
37531
112124
10589
155112
59386
146481
53328
157134
71193
99349
193576
29066
76019
136814
83014
120531
40555
78174
171023
70697
107606
50361
174188
174111
160872
13802
188368
111580
56860
152115
89431
23645
37467
117487
53347
183262
114762
48582
173879
8908
143326
182822
31506
166571
40020
20274
107693
158409
21387
54280
17897
9466
164196
14558
69893
131020
9818
86695
103478
101235
37502
77057
21822
74820
192603
155356
162902
129076
33430
157402
99416
111642
132013
47858
153988
129628
47511
174217
66524
120316
68913
14101
2576
193635
154595
164701
111459
87645
182255
156307
146340
91629
20214
84618
107378
182893
199664
34867
158949
23111
181363
62992
99083
176961
5458
95314
50047
83214
131230
178553
58587
180528
184611
120140
60395
133040
3128
28416
154314
70734
170908
64467
57803
105707
38958
97015
43760
98207
85785
175530
148120
5776
63097
165499
74296
118782
82347
30568
11850
172558
126790
54052
12308
138343
74253
132539
101956
175458
66776
186536
17723
141922
85607
92154
120699
112023
55642
105205
119823
97107
76237
119730
88077
12193
72189
17102
70807
41986
52413
111610
155492
75073
152962
70111
108885
57819
56300
26871
192822
140131
79155
16051
135623
23357
102791
37212
126905
135387
21846
102255
59040
128558
57784
119192
95004
38649
55036
119597
55618
184841
108291
144595
94923
149805
189944
23513
44546
116735
6790
66078
48167
57638
59279
135419
121712
27369
197757
138871
23450
136090
90461
138352
137579
185707
63033
37254
25903
130043
82162
81038
139039
139391
25214
102690
8337
159823
79469
41456
31797
97643
21620
97630
103108
44499
171945
36557
115348
147831
97385
27318
17941
162438
128285
75598
6847
61380
73689
99920
151615
165518
22191
191735
21803
54232
138797
115865
117019
131554
181541
12956
95282
180326
70144
153075
109385
4330
20642
24986
172743
119636
111439
162340
43189
118061
148351
100911
160355
133652
134444
25920
93552
146523
91163
132931
6747
44827
59571
81457
21388
115960
175363
8211
9876
157239
88365
65133
175510
158841
37617
106166
190672
21810
56955
69851
151931
23880
141078
99875
172280
71536
8488
179919
154616
106341
176563
80715
198446
86574
16758
146588
155740
157512
138648
17167
176782
34383
146600
196100
69440
110082
182108
84314
85007
115867
25513
63444
112668
165267
123296
90717
128729
108897
110287
20209
9733
106598
10670
98438
86099
177209
192645
171453
89801
25522
127455
60959
143507
11308
169532
127803
135612
147886
199909
8553
134260
175614
21742
145234
168637
182999
135513
114779
114634
8422
69813
95440
12942
159401
135372
192736
98562
79199
58255
154733
2146
196423
70296
53886
60934
123107
44812
39692
155812
76716
95962
184813
104181
153109
151278
57642
70467
30143
65323
197171
11980
111675
26219
87391
72792
102073
58383
582
33251
163486
167421
113389
103814
136215
140551
164943
153727
92343
115869
196602
81629
128255
134839
140649
170152
112407
59867
103062
50613
95137
131830
56485
148298
196323
21272
36403
102529
186126
87176
83014
51903
126093
78154
74972
127213
44110
6121
80318
114845
186743
52196
78089
165638
36215
110844
197661
16088
34974
116062
130813
141077
62446
28213
36071
187819
20339
23939
10737
102666
194894
101490
78972
55652
56654
111374
50658
167707
94701
143790
25977
191151
40118
72944
67086
29948
183100
106757
91244
118085
39697
108578
16618
49289
145633
72857
7335
160097
192070
83315
156331
147534
145346
14415
190548
190876
116567
58517
35119
114696
62041
5986
169519
13630
15516
121523
6601
47811
22990
63503
103290
145513
174352
57667
16286
65037
143895
25598
108206
144248
198051
179739
185719
66937
76146
45269
18179
98136
108393
130664
2200
120042
62322
34500
197491
49758
186350
85478
116198
12667
92557
66310
81469
150500
82972
15549
179825
19364
86921
21299
7850
26906
124119
82025
73842
29261
41117
7841
22459
67978
21512
136069
90669
42958
34088
163461
99312
33691
49648
99525
122386
85870
53615
194880
116356
183829
78187
34947
45717
77022
195761
6028
91673
54176
2592
189602
44982
12420
558
53351
60716
96115
90763
136105
164826
126868
11419
31752
79028
136687
121368
157570
85127
90886
9930
193972
8634
63135
125154
197297
126116
27065
197379
7470
38061
126290
162179
17393
105723
177889
115362
192018
92318
89440
30487
195561
137797
138590
23860
59878
3283
41589
102043
66646
175422
118491
150595
194726
176554
87053
19953
54997
125682
105005
61808
74509
71831
98064
193267
36284
94426
36579
129428
85987
189688
73933
108772
176441
23070
130592
190627
17566
97011
178077
177494
104692
158641
158492
136302
182047
140265
158739
709
79345
199691
117783
42640
55050
123912
48521
9043
109467
166117
8203
145717
73238
148873
13386
24061
182425
120008
71830
43505
135805
131365
117334
176395
196851
195429
72707
24007
127644
54725
86225
90596
56040
166320
15266
153175
110172
54551
159982
171954
134509
101456
90011
155323
103736
36826
134589
63421
37905
45939
156160
144571
107438
33758
119469
139360
94936
111375
79506
10519
7721
165753
63145
36800
93603
100537
34377
165471
199300
108950
162859
62322
45386
107521
39233
101818
6808
46986
7529
27086
152714
65403
36670
76330
20912
62270
115314
175387
74531
25358
181399
98026
110613
46142
69546
61336
16809
17978
55993
53858
165636
191465
35100
104664
100278
25558
155992
30414
23915
55304
57195
42994
50113
170518
22106
113311
197699
101731
194504
17032
17411
153910
101622
118357
21155
163986
155490
175243
54779
83669
108833
133954
152028
131276
196569
40028
134970
146507
115612
157987
102768
56696
180
3415
63613
164334
107042
194923
151087
3424
15350
133678
141347
66488
146588
11130
36327
184383
3682
28074
196757
107717
87072
41385
37472
196408
123354
52207
51752
105948
91144
128044
20767
174489
82447
95560
78993
173709
35025
28446
110189
90629
72331
82401
149917
18300
32195
73656
100272
180675
118136
80417
93969
198500
102508
76794
18624
194177
87201
94357
50421
34050
21756
183855
83645
96423
80160
140889
172337
50482
153277
95014
31292
32272
181811
18034
39409
115685
8489
189868
127391
67367
13165
177559
186088
119963
104123
65981
132253
7834
136084
192783
146334
31409
15577
132111
118509
31108
83068
153697
109336
174130
173281
113663
102340
152990
4454
28939
156403
132696
188737
152082
183029
172110
74680
107436
10318
10549
75653
133689
155737
113472
1518
171332
189762
95167
60484
3243
123751
33373
45548
87059
137727
169840
46789
104610
55629
95480
137624
187130
170813
77440
93185
111295
190611
103953
41212
168279
158050
100225
120329
108927
93137
146409
6418
97723
32230
182294
30455
132842
45996
100468
45229
121383
154707
184315
84302
116576
116758
137808
186045
67098
97639
29047
182199
142332
150044
175697
95522
59266
158037
111869
116764
12889
124955
128589
94317
44009
94862
81218
18775
193582
27332
105894
36629
9197
68463
9263
139604
127584
114752
163836
160874
85167
115474
24749
194962
96224
186290
49502
132753
2316
163558
117351
64131
39049
114180
10623
6841
145612
103623
23282
175141
198457
168587
188752
157871
168751
77683
80960
151497
174357
111912
64155
147662
114892
62590
40057
172955
88828
103012
25672
144144
171053
32483
40928
41612
184740
144892
69226
61255
127181
172270
117801
79497
44307
83448
73018
21400
80986
160796
42444
103136
155377
11908
188242
116885
120424
97077
160433
195031
62487
46286
80920
23615
34874
21818
34494
188600
87551
149633
133080
126123
43319
19984
84787
91148
159769
74516
131871
38086
161132
165357
101019
164894
124159
145157
179895
119275
18542
146137
35582
4336
142679
30167
29049
47669
118992
133301
135670
25954
74727
86874
87222
162465
8169
161593
108626
80988
7061
79611
31206
52059
94804
82249
181962
2788
21304
59972
36508
162317
92120
118939
185394
182187
43568
148828
165860
188070
22191
104867
24091
198771
59610
60763
70065
156148
22655
163786
195787
87467
158930
12749
78217
14686
74311
94274
126216
73862
159684
61500
145252
31306
125497
153472
106314
140861
150050
101600
23851
96806
176004
11004
70809
54135
196780
9781
41019
75233
80213
97879
68804
193880
80624
123954
165405
4217
163300
186563
190614
25433
161498
124963
195059
198603
112359
137040
97941
2355
171976
10315
139337
151763
182378
45157
28036
135278
154057
54923
78709
41726
90877
24805
135357
75949
33250
18616
24902
135908
144646
198988
72053
192727
94401
37537
155383
41638
88784
147080
59898
185816
142880
98421
166120
39775
69287
149884
95509
45936
96791
133318
76533
25693
74742
189485
155314
76808
151808
75387
78302
53671
194617
159623
184339
27040
76616
75928
184807
82836
28580
45583
148438
19657
62826
190380
109938
14628
18255
95713
139959
12083
67093
164323
116690
95380
132818
141943
5740
74087
70285
61547
165518
171159
56249
182332
62112
195581
56137
144332
103411
15966
187817
3666
36969
115973
197672
125058
98251
66069
169354
61764
107069
16069
88430
112946
46537
186245
61388
88501
110081
139847
38776
17980
105930
168888
19017
40282
44598
163968
21678
23535
4428
85722
139322
12267
162501
86811
102546
137566
2029
138313
154240
49629
8931
75646
115599
69877
76896
144344
124245
72395
20965
61055
67427
104067
153643
123659
31755
166653
121063
34143
109239
177861
184151
14532
109454
39019
160351
182613
119572
99122
156074
52793
113191
159225
43523
47260
19589
193726
116872
104487
137395
149211
54944
112964
197815
117110
115737
185963
158191
72230
116144
46326
72705
187420
62821
180113
76252
24758
60323
14488
88071
109839
29518
11085
148495
95674
183581
7977
194826
18019
84415
35543
115872
157766
72827
77373
71514
162902
78453
173343
83192
53259
178863
93775
127849
65842
1783
49079
38487
159011
52858
107639
162298
102553
64424
106884
4573
187378
101755
76230
135932
9010
179344
13781
24029
168668
138006
53245
151490
147160
39505
63498
85249
172485
81877
126525
12159
44352
80875
45343
117288
149816
571
19912
20240
64586
178704
54584
17503
31167
23045
91446
120439
15925
33016
107235
58907
2113
137889
39082
66714
171310
65949
50414
66279
161798
138559
85977
23662
151781
100520
122946
83081
149270
52299
103030
116429
167806
197192
69919
116615
81774
45576
26
46526
65238
145402
68974
53062
133630
64678
64889
59560
1863
123691
122125
98356
130776
106057
165767
27296
167680
17938
170728
123684
178774
102911
33997
180588
56725
119475
118848
108958
46132
165526
100880
104681
30250
165728
51022
25139
161445
81769
59880
110052
83383
163869
142882
55892
111711
193762
153810
12460
102530
37171
105611
15026
191881
190678
86863
74456
76840
22200
134108
138747
115203
26902
134071
8212
114180
11971
199357
196241
133132
136137
73479
161642
43928
129875
31867
147605
43497
197512
54310
1139
95167
145331
3492
40765
35748
189601
29331
64408
7935
51189
40813
174752
79365
98937
29351
2321
29307
158230
47792
25853
92960
45700
33121
12571
90642
24820
27902
162686
183465
88662
16922
134234
168963
150630
73115
166339
2746
37736
29331
120014
56245
74405
18039
80613
46596
117692
182346
105098
107628
166413
9399
23962
101745
119496
176426
65730
28907
7830
99751
68370
120031
52499
35873
174173
83276
189184
62917
73321
179105
22763
119308
122620
95628
56708
127665
10882
34388
110634
15011
71495
15788
25402
138499
77920
76503
74197
157579
182208
130639
136643
154913
99518
135985
35565
199310
30510
163458
17291
155854
199818
192005
149837
161042
118242
99278
149181
125093
44022
180668
185336
196743
123817
116566
47129
68377
44983
107429
108487
169532
128962
83735
10271
139267
178317
199106
80092
150502
148387
106315
27595
164579
116883
146055
108139
3402
92243
124851
132054
167922
142238
26610
116722
151729
140813
37392
34335
64981
48153
49673
171436
121810
155959
37421
123692
199891
107146
191940
60114
148937
150649
68372
171573
164054
84852
68778
67224
81380
20603
184068
1905
192809
106907
12835
109902
80172
104917
68082
59364
183103
156018
173969
81088
167444
162786
58459
134720
97835
191161
17746
37076
127628
12017
171113
12222
117012
148316
175962
84142
195020
122716
157255
172533
156292
152452
65007
157905
117412
93038
30151
159396
25819
2953
53912
113560
90665
80589
103646
101040
58387
124405
8260
109064
3797
187196
96974
86316
3272
102545
166951
198497
174491
191932
92572
172251
122636
21753
78200
69827
25907
199325
25018
97667
33111
52941
168477
7411
69637
58989
96288
186980
62717
44635
101529
20723
90512
78254
31044
96945
98096
97037
135927
100945
95688
146302
10636
72004
98733
41770
23553
16320
32644
32821
15081
30320
105296
72270
193049
72055
183073
76434
142054
96347
151231
7388
45814
18802
13149
178252
179325
177064
83938
183886
180272
22123
189299
169089
175846
102369
82700
20576
164605
73454
186170
123032
25591
92697
185457
95523
24382
125512
121675
162746
48860
72847
122402
162021
48401
199409
72659
11968
198641
117913
45801
135865
171484
189743
154183
95708
195928
76611
112902
162489
165730
196497
55899
5
21689
18555
58906
164943
65304
145449
89319
43074
27816
18151
58477
118891
180995
179575
160551
186371
53632
106134
133920
145633
70788
132685
101607
146404
92080
66466
41920
195726
142784
153485
61575
134843
41935
132451
174181
106561
60762
180875
117383
170716
127723
195790
116114
9656
60379
138480
87303
4258
76765
132471
191536
156447
182557
62035
23836
162536
79682
12900
23726
168971
69552
154753
133771
120460
150502
195579
181455
165575
12961
128177
141246
26362
148358
46492
155497
73189
18868
83022
55012
114081
156610
126919
4159
51645
65698
159694
67443
153009
11496
80641
48847
13841
170268
49799
147521
55671
123842
7003
104699
160919
188674
133601
4098
181482
96301
110069
39958
130276
74205
80917
168386
40185
169550
63379
117046
3963
160414
107679
182012
35468
179252
67080
102791
42858
169393
81006
83303
18925
183740
72069
102756
114784
182777
26434
170909
174960
136653
102745
86459
93730
166811
23396
115614
11366
2562
190184
73950
149504
2440
132573
126445
47243
154369
158286
48525
110606
5103
34187
179207
185405
12738
46244
121231
187017
88024
122782
15707
149270
29004
38545
71798
98640
191060
191644
181684
45160
23777
67207
123453
62206
75825
193996
107518
61057
165555
51394
149973
74115
101227
194488
148977
185193
99541
43613
184561
199047
38341
168986
176166
160006
109453
163203
59139
106630
71260
40038
129148
57934
144439
26387
172302
91316
64941
89110
174125
65920
181810
4138
117194
129108
178049
121432
194338
4291
133682
5258
44648
128073
131665
55698
34989
107781
112124
65109
129126
122876
53874
198400
35688
176014
81757
151754
192949
102533
7081
75794
127432
182097
192533
127286
19672
109098
87367
183098
77797
146839
121587
188034
167136
33970
125806
126835
38633
173221
44683
177072
145610
149516
196331
33941
139761
111999
65382
159263
175040
39060
180949
9081
89487
155459
146620
139261
97933
150116
47703
46014
50555
46135
120507
95544
52431
189144
4356
184884
46907
168717
190602
42236
133274
32873
53302
126346
32263
57671
146315
139051
11149
162830
62531
107982
181753
185230
176530
142168
142891
104295
173922
175305
73188
186975
1438
29569
145568
173497
179550
182497
113980
81263
184939
174253
14742
39807
195083
32616
74378
189852
63840
120590
116511
112465
151646
107805
49141
152051
27094
108028
152573
9310
149569
99237
61104
115139
115368
110529
55770
155445
78480
42059
64400
39174
7130
147076
95469
39670
87268
91342
179842
185732
156836
19902
163910
75280
104587
186874
95007
93371
23732
74218
85455
9751
165222
39171
169928
93786
64844
28060
176693
97839
118304
150551
167729
137192
8139
185044
180061
112403
33076
44189
109997
164549
45887
122585
21328
179986
80703
15750
151021
167231
32195
166453
143028
51701
35213
1004
55602
70761
138066
20515
54363
44246
66729
27975
129002
174491
84907
156621
71241
131469
86748
177087
140123
31793
183033
21380
170907
35664
78422
99013
51311
163978
35001
7736
45752
197070
126435
175627
62474
26990
74059
24161
26391
137674
194485
13571
194938
170891
35947
84156
21667
160181
39258
193115
57062
48918
74025
108755
173281
23524
164668
69253
119924
168029
100070
197962
160811
49957
121771
168837
15963
199825
132248
7558
136905
17562
133652
172287
51376
113086
128626
84253
29349
170650
192682
81478
40884
57145
94355
141798
158967
172889
167182
140672
59782
14852
101403
56585
131436
169430
191529
47471
35957
147335
55403
54645
24603
27551
31543
44434
68628
82933
171979
106313
64632
19223
116921
7255
51257
158930
44738
23216
25273
762
53459
185516
84605
138573
102803
173653
3518
196522
62339
66097
110505
167211
31846
7313
93443
153881
14804
151078
25138
193539
47306
96566
7416
89072
15836
151460
149263
192758
77677
43513
42461
41149
64770
101683
57171
187744
137605
55526
79307
73692
7599
186204
177373
3215
8937
199213
17940
122044
43385
198272
119815
197380
51689
19313
46805
168338
171279
120825
91034
32561
25973
55997
94850
183315
176077
52988
120542
143299
173992
124867
37955
51803
166522
117817
150847
111710
163509
97173
24003
149918
50800
198953
23452
135958
100275
172075
134476
90524
149361
116111
103911
16752
152969
24373
15147
80048
152275
102222
117776
33635
104925
56085
131734
14148
27036
148947
108234
149322
103058
27071
179511
64861
17529
169463
21515
62606
19206
35681
44037
51864
179606
199596
105162
49009
148257
111927
156322
22403
53017
74515
152569
91390
189710
54306
36028
87451
61124
150303
187566
9686
135307
173777
112277
12970
77968
89891
169668
170557
94080
40490
100001
51242
125858
7078
74445
86508
79122
117508
60538
54773
160852
19669
140155
199245
3570
174831
163993
53022
125931
31254
22033
146232
127528
197119
14758
194996
64146
176930
69551
79703
124282
152187
20327
195570
148498
144758
167096
109181
56267
118889
165029
181080
145361
128355
167022
71930
45679
17372
133788
77255
152626
10101
154058
20774
45118
72776
27778
124183
43507
4970
178805
133796
99926
28582
4659
91641
133446
107466
171260
8718
177264
50906
52379
176402
34133
140054
133468
48127
145233
180523
190710
118411
26398
181391
131641
97663
26493
52555
143424
43365
195571
21316
18519
161872
122281
165983
31508
92206
63252
185130
63161
182505
59362
119663
60910
189838
10056
26550
146967
39460
59011
72295
58605
84624
7036
119904
11217
144253
98056
82738
59425
7185
63990
120397
48755
87557
144288
23107
21668
95891
194592
172476
119349
50919
149323
4705
75301
25303
16593
98061
15597
130886
178122
146461
37005
36186
76673
82243
40561
104234
5024
185307
74760
169982
29111
2446
35611
61623
76141
5396
12646
63766
21705
171112
174670
195375
73021
120420
33146
157745
152236
10000
152539
35860
100841
60256
37033
9236
32068
112378
177451
10011
174537
51893
149538
180531
166977
24672
84566
31618
76221
44959
93655
139579
166938
133039
98075
153481
140674
164430
11119
24075
118824
28800
135548
3202
146525
187820
135039
125760
110656
112283
64944
102231
96219
136994
58872
126446
148614
84754
133667
41399
126139
71096
115417
59388
145850
90341
75071
68219
132397
29713
179430
2866
120481
41305
48684
19328
143213
54496
48421
129603
81243
143837
146412
87967
184889
31155
42894
152232
68694
14761
72558
173229
11247
158048
98121
124401
33461
46593
81885
139080
147991
185844
105600
180943
105466
108063
99420
141609
134837
149434
100255
5228
35841
2080
61098
33934
100081
161668
35113
63782
111476
121580
25140
5025
1143
191799
168410
73933
124289
69009
146596
69717
47255
198539
115236
142346
133634
41927
161895
22364
113348
150376
83657
41443
97379
97726
77341
103275
78679
157117
128302
75777
7684
126788
140012
137925
107875
121174
51235
47006
48826
1356
113019
137674
2858
33306
56342
100720
3354
1071
138926
160754
18773
87717
188342
9405
126317
140868
130772
153348
135743
41440
39900
190481
165926
48585
152999
54719
35428
194596
70573
16221
126752
173457
181427
192867
166267
19366
133058
140235
111956
26001
194763
39899
160985
15197
64615
115663
24881
72187
68648
64089
72318
189595
84815
67695
91624
6965
130547
176886
188383
111160
160186
120185
130636
174913
51893
194841
16003
82499
130680
17571
46779
34718
154495
111118
144730
96150
75643
39595
107612
61749
79312
112664
172052
95727
16836
50262
155309
110341
76822
169919
143992
142579
179683
48378
104751
73741
10756
121432
157967
30563
29942
153801
180322
6336
31101
110674
133715
142353
119574
179604
10453
97854
87092
129627
16966
35737
62138
152390
179755
75752
129663
148416
133587
18568
87017
107311
52389
86427
161665
151111
33557
69587
102140
58968
12821
42567
124772
96932
142621
111971
192891
63745
6983
24024
173361
69960
97544
17072
148735
150059
172933
122773
164536
123848
62960
29930
189603
131702
92382
197604
85050
22236
172786
94391
113311
104989
197274
54937
97133
192631
29205
177135
113639
85790
133281
42952
11409
150774
191518
64784
15245
66714
18332
59458
16122
71824
190766
174568
186212
9572
11473
83214
53547
36602
95282
126499
154026
66807
59652
140691
104782
179190
18214
47208
197945
124080
127351
87609
190073
84232
150438
46229
28402
97480
172237
44725
64777
103978
142238
164037
31750
114663
150905
126046
25589
170786
189124
117111
65853
51926
55571
195058
32591
105744
100222
168998
1332
26909
91067
66663
46229
6253
119731
125112
175652
132754
117772
180163
122318
114280
100018
120658
40573
75008
77100
73169
150341
152187
186866
138425
51320
3352
179421
17120
44457
85283
98496
157535
7318
149344
160013
176601
33162
29852
124570
57210
183296
133287
98770
98045
128332
24027
191549
39237
4561
179247
25621
57315
120428
57349
8286
68530
189030
134296
1736
83986
93832
95950
112501
136475
183498
80813
84124
41148
22174
32377
199546
21148
21608
126709
146648
141212
179787
149624
177224
52461
151769
136051
199176
12440
141920
42521
158270
135283
95677
73325
192654
49100
113722
196090
72902
193974
163537
48068
61156
185845
50534
54768
64602
39155
38967
92770
138338
48077
160672
52604
94676
182728
163309
171559
66273
50712
46299
145232
26627
4034
168252
95036
140007
13773
98731
34871
15591
116568
27877
97127
189760
22054
121101
106996
25604
15960
32259
63906
104899
123204
30089
181589
140347
120901
187696
104594
105016
157864
56492
152250
98141
129135
44896
23944
119688
105326
165401
52776
54242
26364
83742
125271
32483
108004
10228
71636
59651
99656
43241
144843
69433
98094
134399
150101
19763
196822
190896
159025
143235
181226
680
84626
73738
18738
105081
198488
136451
39401
128120
143884
155100
92053
41613
135914
77320
74566
130237
85665
67115
10196
160772
92185
155463
61436
78338
134885
136001
177158
55052
48716
120534
69707
137874
166138
135044
82981
151523
124206
99164
155233
33922
193046
192232
76757
160714
195505
60978
23175
197813
148325
105756
64716
87049
126895
128155
45764
36721
62765
156869
156341
178887
137367
8528
111969
76132
193433
130489
63437
98960
43324
71615
18803
143541
55640
191737
46085
42818
190511
72625
180941
15631
167434
188592
14484
35236
26247
10116
146244
61112
70643
167247
127750
151777
103389
66811
72025
108321
6464
32660
144110
152420
119580
130575
57494
86988
71439
176337
173203
176593
82346
22573
78091
183935
188145
74014
123211
119472
43037
150947
65227
146355
73394
27033
169272
93731
167169
172309
12885
160866
123286
57502
187743
118923
121900
32529
148622
117618
178559
177816
52584
144703
95982
199041
64546
160493
155720
28437
26571
90199
118743
163925
108803
30948
68729
13805
85586
192910
23318
19879
