477176
309612
561571
462930
609873
43796
595390
72841
501237
253292
473544
321400
107250
262163
19893
60715
58532
13250
412378
223194
502109
89558
386570
341640
349905
664967
112195
130264
25040
88173
89794
158270
66262
666622
55548
462345
26113
17530
526670
264886
342106
341604
614158
319435
424581
29515
418600
207990
107188
268407
649183
365205
415128
488500
246492
41247
625844
198160
581259
288738
617451
17280
286340
233077
538638
466020
703294
529763
445804
473750
519061
18302
191461
85451
513281
683594
59096
327758
293206
245626
377047
332364
118963
256453
169285
421599
393879
655477
632205
547278
546606
702567
688779
407693
426591
50553
579551
425354
279898
657501
123842
22834
357613
364639
320502
444178
111371
232074
25322
451817
7332
329413
84100
451638
158119
119449
291948
573779
536652
49556
88509
563059
420929
402562
187612
466121
511008
237115
193339
435121
583957
406173
261091
13783
341092
130934
226258
585201
280726
46659
61834
118509
112069
156575
6262
690438
464020
8413
314156
360871
595111
490939
617097
129539
335867
285947
236359
521080
261435
566249
252765
438018
92753
637400
148592
667574
236506
37267
485404
41661
334678
479123
274864
54702
644334
519761
523771
322998
339568
411024
90287
675786
492667
200700
621398
243804
304350
14528
571077
95612
295921
446575
252504
384463
522742
253219
638302
177333
303024
620566
282842
208495
114191
251200
103609
97946
114564
182427
486469
475090
170327
221845
480436
241849
143698
643124
237523
573654
151050
158466
381580
591373
500936
20917
68922
5446
507651
655521
657060
143591
397082
310591
590435
694552
645110
485634
704286
72032
382944
646029
386917
445145
15577
29856
589270
626173
47431
271240
422340
600294
611987
220365
228472
643804
529186
263222
140680
263203
427067
399047
600457
469451
276656
626733
69209
96255
247706
61439
669480
350964
564820
702830
79283
345352
437866
498627
17468
423364
97369
99965
94495
51033
549311
640825
650497
567732
178429
128182
610672
29103
495417
132101
384244
490231
986
35416
527315
222666
164602
177322
197374
191144
611382
204962
671493
588561
291099
625304
497756
475113
396595
210162
528754
137894
144334
287303
445431
130119
512019
607485
215659
636097
48143
445328
647589
93419
552399
287099
392743
389233
554298
565648
680544
71321
575803
94215
681044
211354
542903
676917
414164
345598
667213
593889
391052
245916
578519
520909
95898
126512
609701
572447
415659
290308
393930
503963
544162
7226
563559
97101
98586
463726
576358
212694
148854
570523
239623
396767
577246
487129
158173
47619
66566
93388
247664
22244
413077
148592
680176
134401
634834
583137
580504
471611
206821
540643
401417
174430
210307
520904
385736
387939
147524
595158
185005
619170
126805
8387
650689
531534
93222
547668
315835
632152
378095
95343
708606
477547
451838
542860
65607
547449
71267
40547
674078
84606
579948
318424
153874
67054
304281
255414
64110
480551
70272
20055
406333
576955
37665
329648
690723
278452
264468
555143
161413
314791
166727
353798
301247
542553
701848
334575
24456
270547
284085
130420
364042
3920
482939
126995
65121
143764
678985
501683
155551
335815
166044
674681
54749
577113
630355
362046
403472
615476
679681
577649
660156
413429
581796
131551
133681
484871
246193
323846
416616
267546
76881
243582
103894
229044
603053
296066
172668
377701
463465
588512
439406
374579
261248
50223
264576
84642
149530
611369
173921
197428
603258
670328
157897
442410
695931
491003
305680
125291
518760
104962
268759
204848
316512
312664
436399
236410
86679
377946
710533
149041
452940
67532
590098
389136
579215
476211
171405
237000
206673
684120
348232
670804
178724
258034
61254
670538
162219
201827
312385
482325
459775
644117
141311
23579
607173
287978
403163
709036
647276
232934
492759
13751
429795
4265
583528
134205
51411
450722
479949
667316
12265
302922
393558
456980
696464
548183
568764
171176
539464
331271
342232
66246
191570
170478
22495
131964
198939
184482
573085
401340
131551
277463
662285
522804
517811
593300
245431
540217
446740
56880
86338
201114
376950
219736
335456
702108
584407
604747
185007
216068
72654
524212
465029
38330
593339
234227
2349
220980
225034
327566
365532
628522
290018
655100
463723
54299
635780
120231
9730
92912
707558
81461
441105
698767
254756
162912
631426
512305
455523
336532
70408
602170
622604
90539
173142
203592
346486
143875
184586
453001
389370
277546
408221
559017
182818
202125
118071
167890
459147
433501
298081
107578
592800
637751
66615
540011
85602
456058
58985
217135
148210
588892
480427
540310
488088
703997
210197
506573
717428
95053
448591
96734
246782
324277
258823
187521
517847
696116
190784
535456
539227
88015
2807
12851
82418
128521
714038
300899
642032
350004
181413
6113
546430
160354
531123
95336
71755
24189
39204
431382
253797
131679
86011
540185
641178
572196
543660
699090
12155
36752
332997
649899
595233
651292
715985
264606
487802
525089
80481
489013
372399
628170
674715
358114
164406
205408
503034
653145
143418
186328
560033
678280
562956
68365
183701
98217
387038
415732
313872
292999
101094
227013
652599
329141
657494
691552
137041
46735
418501
188128
123283
48911
512236
532761
26025
265895
175073
198363
619596
441173
198206
699202
217
318953
37607
308219
270042
467012
8464
670529
321258
200797
46615
27927
103663
250212
674513
573670
234316
498520
502217
224798
544906
9149
381401
233605
2398
305777
473079
2452
672320
288253
202478
697825
54340
126315
78140
360248
501804
179116
601566
234330
45822
683060
393559
450465
147281
331571
330898
449205
125876
17508
640100
518860
260474
55191
178570
584542
593649
465834
624053
382069
302223
488931
448375
570044
107229
327393
441364
414477
482900
180610
9476
626238
533509
468909
506926
606070
493361
604558
95322
596811
256042
582287
152138
124197
610299
13335
202479
265894
212943
25199
341859
695204
186715
72303
320865
407577
139884
217442
578477
714839
196368
90430
143430
547233
339245
586833
393723
125694
220835
437146
114511
290676
191802
556444
353142
258498
7513
682183
342565
204766
510694
329749
299862
550423
708886
320031
676055
78247
444956
246578
175208
504248
142022
595773
517789
90824
213583
457290
316603
537068
77843
463486
326697
4997
265381
697636
51141
666808
426411
234755
716568
91485
419905
408637
127687
603448
68497
691732
606491
594202
415794
97934
362451
215153
675622
524439
287562
198624
244678
547706
406845
84428
150868
439988
249522
139361
648780
54845
2134
174363
543680
151085
305854
323528
378669
275543
544698
226697
364178
417129
264577
632091
697361
107913
327839
327087
415388
16851
610852
29240
95303
163993
490203
592322
539093
598851
327798
1119
695214
681175
658370
543364
431082
35543
514370
705
207096
318439
295715
28811
651547
709268
20716
273857
385900
79391
414934
351515
597630
36042
619080
387066
416505
427554
129503
322999
226552
322673
170353
363563
235412
273644
701192
316218
257688
95424
177967
583920
65049
593165
66382
356023
333084
212430
78651
562
71887
152718
186434
674339
666325
51651
364786
10197
119444
403403
120547
17183
48915
327957
509220
155270
419243
437401
562929
659160
528990
619686
393971
103894
279150
367143
221171
416431
195392
167574
26267
687736
480704
150119
560779
569472
183559
693894
29438
494865
336475
590853
118036
442821
679772
513897
23315
540238
324894
446736
66552
460757
592904
479485
74677
91534
191889
485911
93248
73945
84289
177024
599315
76082
271437
82750
147763
659959
354214
66945
35048
657043
91906
467933
157268
255502
563349
405790
528349
357878
363540
37102
502617
172462
15262
195973
321791
143765
189395
325466
715835
106705
685532
155291
360491
591781
394402
400039
694362
100735
544193
318194
536295
490235
373345
253570
255490
64332
462454
394221
500415
203465
42640
426606
358197
1783
499840
457959
111810
238496
251197
554441
560629
653651
405893
94359
302661
23944
255058
630494
308485
300847
102055
50638
553609
694970
363672
291141
160003
276240
391923
271607
257249
338243
378325
163861
172329
418075
652197
401848
224515
480564
269012
250526
280723
444292
67815
280270
185145
17436
663095
282636
305072
704619
296632
57680
2211
498847
287718
601552
441929
440102
244589
491852
485617
450746
348902
118281
544930
126564
369078
364089
29534
137928
679329
19743
174523
680044
326024
600295
602175
603559
401924
683
557520
581920
672372
37152
296186
37966
193272
375642
221300
661501
471875
324428
229629
157111
315012
155441
280012
715107
69132
356610
190011
628232
652745
522538
684288
446271
462863
150065
641200
648523
535008
329746
578958
619251
663892
168386
406674
177217
561265
35308
243610
3410
488584
276328
544099
46234
702073
245574
237992
52301
234572
9204
611790
25998
649052
150053
433153
90329
344813
304676
183501
514821
575767
219291
607852
46200
932
708188
400377
417936
281845
267767
712180
82900
310988
30469
331617
159045
40510
208059
327603
427565
504037
312254
329129
582799
748
156900
668930
596938
168416
39037
172662
244315
690004
638663
689452
84306
473916
219816
689348
231812
409712
675034
132357
294177
339300
201655
5555
493540
482537
685129
644463
353655
413093
708067
289685
62238
34231
554144
574790
368621
241136
423326
58709
559730
217770
678847
145442
567305
390540
266363
112406
176569
701290
326833
494993
264718
176324
369139
28279
401967
647110
162299
232498
149575
274724
190228
410866
443829
471
74593
96084
596257
623848
511985
92392
316727
22980
453718
647831
169465
372088
91520
214711
405986
308886
558645
569709
615946
70634
282128
210263
291446
241824
503799
361361
672640
33461
96433
414869
687191
301577
522092
132860
705435
531282
359464
629324
406896
481636
241777
5788
437816
102714
404536
53892
396428
441672
215424
88246
47770
532354
359828
600055
110882
513525
452575
715789
703819
73837
568222
555123
23964
612126
23399
448299
382650
71313
434615
370180
431287
647276
260206
590106
562901
331447
435913
198244
208211
222793
677955
209653
19207
665196
703102
23148
80717
514373
477923
479803
241251
687185
133753
514657
51535
637327
415055
358971
57723
186550
403495
276611
108924
607320
59520
91654
128648
129504
573079
199220
309970
470312
315318
117975
577052
274238
627156
464327
311997
124571
530970
18073
626710
310732
575326
339442
275505
283564
324896
103902
261322
26962
557080
285797
138670
666869
42426
545286
146849
83174
411660
667844
250527
707669
324580
574575
647324
325325
81309
354348
553804
321633
7295
203410
286667
366464
168458
314242
387796
392219
370744
358207
254537
103665
703273
104220
350901
349413
645976
400043
125782
104313
71779
539033
462322
76753
622267
570470
434902
500358
56246
449612
15821
302106
669337
209642
390322
242521
420207
179955
71893
551217
204285
578805
341069
555868
562879
467596
30209
391227
279534
207023
322262
345790
401703
172076
201304
135609
172936
669333
321921
406573
291074
215800
74496
6276
611754
549452
163179
59634
688500
143441
690865
643922
499983
500296
684078
48900
544328
341738
4841
157930
532862
85185
700541
459621
348342
417841
412111
656964
295415
432510
219693
670911
263200
602599
311547
705035
516855
110951
340920
22511
52010
170453
341889
373523
255096
58666
436211
584884
130266
160035
223674
602182
44848
302489
477919
243611
609537
266166
402156
178046
170472
36692
650307
274380
655889
553153
504340
144050
679162
372579
121439
628827
641592
642921
274835
555327
96603
695906
425485
66882
298789
295607
41130
576407
709342
694927
481968
97548
244333
482557
428574
181712
550521
8269
139636
200405
541495
604098
540320
585815
516897
119680
275635
491289
230712
338852
599911
582209
263097
179129
431208
32516
156417
57820
71970
4373
413656
49855
280681
17984
562906
410591
255122
712574
48168
159890
176288
237649
496912
395330
435372
417027
111212
559100
122234
155508
676913
27874
75096
500856
540992
360057
134584
404564
183925
517053
112592
187943
699106
330141
283167
314663
296619
613605
439689
57759
92913
155947
300656
41789
651871
674118
422552
460932
534352
466857
562435
331419
132832
6269
555913
51503
115459
586287
149296
477909
517489
521768
369810
485664
151598
354495
266509
70190
274993
22871
525175
320703
16802
557226
332952
657082
279328
617674
344084
539289
226054
88090
261244
196638
148559
321931
265023
342692
673650
15760
465462
617674
77292
294827
170481
294515
471147
663704
342692
511013
647763
415735
310599
612454
676544
331102
371181
304942
208680
587552
319452
340091
270011
179248
359013
3382
308690
409675
8670
154066
274185
208697
518639
408816
286362
659343
442339
164112
592939
294526
126256
536127
57771
33880
419413
50723
341516
702836
338617
477306
508954
637678
60083
491079
283484
689318
349511
130822
537448
156950
564491
27756
224200
220564
62803
314031
502476
283770
692215
352326
18275
435758
411509
11631
366610
397203
283360
31182
146127
322466
158538
34978
455261
231827
371865
16924
363285
131161
74378
360046
325022
547287
180492
281112
632395
442703
598023
238442
19944
180990
633029
349332
593702
370354
623666
40914
315515
318265
521137
47491
221795
365053
125606
537050
234027
184334
7172
209912
574411
42276
346883
369999
355649
103703
81665
302648
296745
332792
439876
541124
249582
528005
28676
491998
706732
57683
255124
534762
517992
392838
322844
499160
296034
376583
298315
678468
303284
582748
610694
595983
287562
612911
313507
493713
297243
414637
213727
143103
154054
117578
535800
267375
332298
376124
419311
404948
345173
279693
213492
172406
35016
309133
531079
623719
391092
526386
278657
495022
559145
388487
407847
474574
140851
275388
67055
208692
298266
89900
614140
440388
677929
700188
138348
271559
635673
72912
174763
8311
254320
497416
702672
430279
10925
114261
435419
160456
247479
29183
37914
293545
192093
432165
53317
113335
78042
571935
60717
106882
425728
241145
183143
111406
361949
587349
543791
433361
531932
383422
334722
64475
541238
653203
607245
316719
50814
449461
174373
103420
10396
454237
133472
145782
521687
317376
516328
394488
378875
41253
7608
385153
225814
689085
63868
600006
118450
586986
442217
51265
46957
203597
37089
212087
88311
136062
709526
507433
514317
264696
137595
424983
309839
211429
182290
34983
501998
142258
497416
55043
124517
513098
147837
437277
717048
358993
502939
656912
115974
602778
428575
510680
335581
564347
483712
258050
16034
302548
549127
38488
27443
380565
42483
524447
89874
579402
642423
703896
82305
384207
619427
212517
387968
589190
188195
261458
707897
694817
238373
2395
620604
261056
137782
645370
426140
66776
167676
399541
490661
603048
243732
170211
47886
27603
283602
631006
545418
577801
661375
444051
626388
13587
579181
316355
707623
34451
404188
350020
614009
265543
341069
588293
426659
203468
628200
556846
405567
297904
279146
345251
631908
526174
704045
61747
311298
314166
344010
274199
321741
20512
651983
131349
441589
164274
455562
696974
225579
522364
624574
651
553072
208549
52690
149870
689104
12974
312283
633661
273233
394253
430800
418454
171965
599446
355031
45007
280748
309354
374568
338878
113185
60558
619015
210379
694463
496985
149743
223928
532811
177863
494422
250924
700877
499548
156784
634940
54284
290754
213844
197549
667430
246347
189848
505937
535136
673497
145024
90105
188435
313525
562940
503245
30004
41637
679464
598002
384637
567160
268003
599885
400970
94319
78703
32471
239205
546361
224045
139566
477767
661054
474540
445116
425071
680877
73148
702991
18979
71438
91358
703622
520296
158172
309907
460525
556526
511568
301079
605106
657987
268277
424831
24266
609360
22619
58691
175504
61080
654407
255345
229136
271289
632181
66390
488831
52957
348420
557597
620429
9204
53694
618864
317651
378087
709988
497761
221083
524159
46198
533079
483035
361077
78938
84365
519070
627735
484602
501964
371483
302139
468799
215298
530080
85140
671990
109816
125025
557505
270358
553247
195833
144635
439193
466953
453510
178324
670947
85558
415599
55631
618254
277016
133575
412400
157733
353215
463055
139215
202392
196265
86973
90425
23411
448011
200344
190308
241082
309907
580659
285621
399986
437519
166943
716269
552135
396884
478602
332959
1734
249770
301581
293547
361364
111272
707231
327231
314983
102961
168700
111355
336937
344331
637532
341313
12302
56919
300654
2293
63556
243987
243961
244606
54575
485279
643625
707896
458205
189200
121482
285973
278178
330914
371261
102991
109134
6718
6629
317638
330452
432141
368360
259130
384451
158552
35460
47034
173978
215085
85941
552602
622083
296341
199619
37999
675986
480602
270378
623916
155497
619132
294113
319451
245054
424221
205379
656952
72562
554078
424462
673150
207478
446754
104688
533023
288659
505492
55926
209186
537230
298644
256237
223878
113455
291704
695648
637182
490208
603310
232707
165956
257091
606424
632842
640091
401358
284364
28125
646142
246633
590833
263136
285082
492190
712952
257942
311397
486762
548399
347178
11125
495097
95319
513875
297671
437314
283210
218505
190458
263977
642928
230720
562430
484949
188593
611547
289285
669338
54007
280409
452131
659888
86122
287146
363857
644187
695470
419959
417123
129188
587753
450404
601077
675857
375506
431287
174934
649183
34568
198802
444241
180127
244816
467976
17318
166686
251417
559501
7120
682099
488610
556403
32153
76054
134517
373434
713325
209553
436786
429982
697422
302470
523946
397462
78315
32569
134803
551465
369387
312190
123920
240831
349416
308446
706557
461889
342604
372831
84526
38922
597161
212736
450882
178762
401257
505367
493190
332185
690104
145317
253360
402118
566172
482925
529437
577793
185544
495860
104477
564104
411444
246809
106024
372163
456348
139298
60608
517057
139199
340003
261106
162658
387363
100322
466638
423320
597939
247665
596343
452303
224034
95701
515802
596933
122413
537773
684901
708306
3662
159085
299941
211636
503222
488952
496987
708539
126053
534615
531055
669511
458007
107154
391924
589053
623600
509752
204356
109980
550190
75067
522535
499064
477726
581112
478704
582724
84187
31685
676789
560526
367137
298872
608179
443582
566779
311452
660833
590026
469286
312532
492842
677531
311710
445677
124549
649199
141907
215200
407568
680945
385829
490141
408478
696168
111911
524556
296671
395211
666139
99464
479527
17492
492146
419896
641431
23398
319846
224098
381717
178468
27652
500912
683245
180311
368407
328567
325411
468628
455694
58383
157379
598476
6792
614832
255710
375500
394815
327628
649888
221024
331411
88190
292110
20513
257433
376558
475798
428511
506996
508941
319615
531361
529547
564444
463054
531537
595521
712755
281106
432888
284464
17145
249684
319790
349763
453064
229244
475302
485147
126005
700240
157313
653112
356781
133275
325507
186766
232819
585927
645928
105884
262322
420800
309267
560004
457951
282500
165963
58743
93580
693971
237818
155028
103340
583269
169390
277228
574375
239291
66262
512835
299597
386907
387226
631444
8524
448175
88364
234782
182791
12561
332060
196449
128742
291852
40146
214550
53437
184158
353572
623195
644071
517854
133392
598217
656848
47853
313587
706189
244531
109258
217963
349758
208530
457783
13800
564296
95771
166003
709191
36562
465757
583411
252603
38648
472945
523465
156346
552797
2609
529563
331963
145612
522124
447425
701757
663278
17017
254464
481897
266945
225302
216366
130920
597963
399133
552480
106193
410834
282105
161992
99293
212229
110938
226197
383933
23837
132991
557728
393264
57078
578878
605064
69320
179663
378297
443159
510885
88766
24252
442373
307773
181484
354586
130467
172019
552687
129295
450691
578922
383586
707099
127033
35723
597476
129930
252768
634597
198243
484230
135409
528149
481859
316593
241404
548557
179708
345068
58708
261614
182673
292008
153710
66673
606745
163609
308141
361366
604074
377728
119520
282970
694748
246139
591552
563143
104956
143388
61413
274429
365531
11223
644481
307917
101189
72673
306979
50289
707450
642473
617182
153708
465264
204748
58924
142252
178062
618977
25645
23301
710522
597946
142766
331942
267928
79531
585353
167853
31942
275387
1922
225202
14742
625086
364693
410613
650663
362541
662479
479182
169523
86341
267348
154875
683606
141071
307321
234525
473116
122540
690079
113785
19321
523909
67923
371280
403615
648935
180296
3403
243216
245235
252109
65036
86162
163065
34051
400700
103383
406453
69790
614270
290308
659340
537068
2472
447656
351462
253908
502851
326128
6708
348838
540996
620105
489067
641813
232548
29752
398293
60514
565749
65102
644927
187544
30
363786
280092
387774
115882
537888
623005
692648
516666
94412
270785
390920
270394
496193
380432
19439
442639
60901
32051
661953
553904
95535
381583
490392
478940
253053
200154
39532
37626
33648
251237
708890
582192
216428
628246
107739
603173
564084
485121
160457
116100
377950
89107
87876
102172
555304
223442
684525
183579
570658
304792
420503
572156
545024
448412
517101
261188
224803
401470
266883
149130
479483
427828
539678
627851
29129
190319
545566
706724
460846
464529
198153
475603
116863
112592
280572
349282
502819
490711
174552
544584
427518
246222
113370
631412
620837
587873
353736
585823
68588
558308
164356
298307
203116
603083
544744
671469
441023
55801
597599
447197
160299
179024
395926
442034
419030
597186
101297
204833
677822
47875
421495
88534
378191
549332
302649
255645
491057
264643
562191
565876
114383
222010
549161
421810
633744
140403
151848
642164
624620
546870
461853
393946
666005
82210
59207
676214
270828
637049
22970
449655
653047
24997
411282
28759
155011
478718
166486
705761
214146
663083
706324
602687
674898
475315
176411
241112
40127
347005
299900
160923
487802
579268
148271
11208
648334
43578
32713
600917
64498
32000
123509
157758
470221
171987
696380
611061
47529
50999
673447
390100
54
224838
667999
684594
123793
16182
290322
716500
61758
324685
604418
247865
705236
468106
14487
476786
467160
309783
654646
353288
581039
194129
215275
24733
488875
41141
662215
694197
85035
295391
249601
547177
140011
569779
119110
35652
467134
84249
429555
126049
145897
714383
10919
378739
476776
601552
389274
511403
124356
456628
183079
507428
441315
436650
226331
254603
179664
625433
112675
124804
108339
185975
442815
197216
578412
96338
629274
88798
482179
544955
467570
481773
332697
613884
375254
629955
447651
137750
517600
342968
130352
111975
127588
649705
293840
665152
314343
99197
657916
343000
310789
586168
257918
214591
425719
262042
167062
13643
442321
25896
101172
566374
57468
214133
91289
673323
653650
154077
354649
357509
51275
453084
522703
394195
649293
62931
84309
268168
360683
64527
540185
700945
33144
553706
7642
353732
18446
356742
676777
483859
215157
82398
601412
174791
492986
197707
47580
615556
433109
69346
654451
628455
712491
517473
178822
305826
500078
508937
232204
673265
408220
150010
503978
660098
237398
80676
443224
75435
30274
234213
401711
436359
439383
353500
591753
53099
507284
435938
55283
57683
76882
300273
509688
559224
333976
552364
151453
415943
134450
519803
178373
437073
120237
469310
66013
661774
566246
474129
377344
344460
367143
1836
372904
11475
124253
672946
331531
22055
38837
46428
10817
710929
521514
112247
656494
411374
178581
9660
572770
220282
85898
413453
601807
54288
131892
530530
418909
35339
29567
701723
138814
20412
677815
79975
50073
616946
523035
595113
537189
305870
155497
302550
10475
312820
589032
693255
406001
115911
191571
652446
30441
503100
11660
614462
502381
135368
498675
609359
564643
466309
265410
134124
641555
618322
648525
270041
375856
451482
80264
46659
126535
711303
523079
50938
35563
185031
442367
697681
492813
74133
65960
603608
588876
176576
191780
142874
64841
128648
683919
85744
482484
287441
499548
119847
490154
333936
95876
28235
289595
660689
562001
36780
239484
242006
588996
64994
63876
417316
553772
349523
204701
636622
345273
128214
259639
283703
384617
35689
447933
269367
551678
642994
62055
619550
599398
689321
55999
591945
91655
457068
582524
405023
120311
590877
471167
54429
399528
564491
515801
161577
450955
487256
469658
622867
473439
53268
43160
695407
70383
125205
15425
292354
119649
339811
138783
717145
668198
522087
492935
80232
178210
621058
11973
342367
44947
314547
19609
157313
15043
60172
5645
711793
1372
716491
386272
452441
677909
4120
445416
583940
357441
438824
431661
369765
574862
307101
598814
505144
646606
601022
542438
673393
288540
494745
679957
438342
440541
606503
193634
136139
377591
342474
250188
686337
568625
15060
398025
594309
409285
78967
501313
310200
203200
189963
545055
374771
130064
576056
201099
606535
395029
575149
70251
99286
481637
615785
136412
495596
158227
385071
305731
236407
303067
252793
241369
607991
656791
558741
139970
352531
715245
465893
602778
666629
462171
201423
358629
253482
387581
510260
183844
472561
34602
285042
540720
7689
341995
117474
488832
195859
87656
654318
32500
81683
566304
137148
266110
673081
230809
644021
147281
577112
574779
461169
37003
560843
627314
677840
618758
689185
15782
446976
303969
408580
603978
426080
170823
700193
238534
212839
83436
226626
1880
461090
68572
659465
18828
54563
339220
193603
151931
505339
59030
481480
577798
30236
198121
482110
643620
247983
367887
543791
117745
243272
262362
653471
300397
404698
444045
139031
216444
498054
408540
163660
429952
166959
541832
548218
163744
155366
72514
561375
502549
643824
40191
695535
137560
218930
25040
233599
195464
543701
525516
327737
8361
369341
390410
326736
68048
407929
504478
38176
637551
698766
681187
95349
475935
39826
233844
197027
447738
448232
35242
681398
483008
507349
6405
66360
534748
78270
168994
612842
527404
248982
238851
176506
268634
58836
561514
494091
477014
45872
171587
163388
43001
551265
515732
84682
178580
474761
53433
147461
397516
300121
432826
1412
342861
223836
72848
201540
576754
214442
201426
232970
456952
377780
77525
430038
4883
689804
289714
615199
424403
232539
712943
306055
302919
558428
507182
161318
155263
60047
662148
39100
707605
470459
121626
460066
331600
457314
507228
442663
202836
543270
11647
34576
34295
75826
41367
14869
345623
219928
232654
52184
61466
480570
179003
113773
366572
140046
109870
375273
65710
107663
252441
407215
15576
244244
340246
217660
403162
113487
175761
318926
104847
269954
42979
203050
24738
361446
112087
568244
57398
567063
439335
60206
446291
594083
335710
169877
443383
502562
295400
363182
429803
280964
296890
689796
629324
475467
712201
15639
94595
508422
565226
388782
407600
54337
69082
377279
59586
336184
513300
396232
61935
430486
621437
448606
530186
635736
665120
33842
174745
198087
171083
384660
318400
560520
20802
659789
121895
254602
32847
457196
12345
481767
349724
596831
550359
559699
301279
700378
405160
32162
344265
458831
83410
246553
428881
700691
47210
692363
631563
117505
412659
426548
326240
603039
617674
148774
110741
492790
231295
83582
556309
268350
684866
461224
261649
574196
678346
498788
477097
515125
300079
266331
405974
166179
142622
502323
283197
68302
117787
61150
441695
334759
30336
161593
158039
149607
582184
474304
64232
399652
85847
81146
240250
567302
501055
637528
56028
364548
457347
293728
59764
307194
107154
547797
497831
406731
503574
676724
84691
16941
670893
305320
12991
401667
182247
420024
101963
550522
505096
204388
457781
232962
571621
487298
204365
10684
384780
77908
640232
500504
534970
401544
592302
373349
446459
566687
681195
464123
383421
156731
653939
206425
678084
594129
259799
163180
631722
558645
631045
411911
5913
388591
575005
13516
396206
101902
329816
590026
523809
709597
288675
459253
131368
701620
425904
489139
36591
130372
622651
592321
534348
699278
651664
508936
63169
358803
5697
161362
544677
705909
143068
519648
266960
353411
519942
567983
170861
636262
311295
48611
48011
141072
93056
40135
260779
403300
661281
98655
84416
457198
49186
153976
569858
680776
215426
320668
317375
286217
180951
704406
5044
352901
49833
594217
296023
336610
199628
210112
518493
706303
275250
485337
572334
384437
633853
73615
537011
212021
466620
518153
375082
213635
370233
436295
288253
57541
521139
127985
588918
262104
570972
544543
638045
646289
626058
619927
13321
75928
192634
142320
378001
377853
18718
113986
7443
83609
200708
46846
614824
559511
448
369441
196126
130436
597450
667644
430362
157490
2778
707421
714041
680608
589586
102954
337093
71367
159041
248629
127495
273761
159693
96449
713951
278583
665269
125980
545275
123650
406319
8050
664987
234163
447806
226954
163846
679421
341848
177173
379745
568023
488547
20795
508283
584628
448720
242173
554784
438455
166097
709344
476854
270460
213360
439383
330745
390029
489891
152588
440040
456841
152259
203417
128837
94706
375044
687907
46494
462042
657422
121295
680708
49420
10201
690484
338594
96775
394729
578639
257168
294083
455443
391925
40908
652805
594118
326034
169979
565791
247860
428867
276071
689494
235065
427557
627134
512515
270691
232128
554487
530581
309266
153220
236273
695233
446716
657985
305471
360886
521529
408882
483837
431039
121176
434935
565288
525232
114269
288012
221726
518141
74327
82776
624787
264127
347916
38349
164602
668415
658368
429765
333667
469224
110916
396941
154208
153980
603170
639629
632406
697942
82657
391439
65699
167013
207385
416038
427990
396246
241408
225068
315752
278658
542575
244903
146165
368374
248783
98784
201299
136736
372521
29190
682217
484460
185665
107339
165309
655039
457020
524000
70056
694027
568153
494780
386294
50467
44483
674895
19831
434255
613332
393901
156617
478749
380446
78912
710419
231405
603508
134983
1232
480321
220585
230312
584843
686982
502157
427520
354044
283111
305269
653135
278492
145897
62935
161532
233451
121186
405876
473322
205956
267969
558820
382569
670529
178532
288851
248022
5508
215899
144423
342137
611674
185541
581493
72303
31372
406807
238352
82172
190346
477919
622442
388048
237498
290425
59785
475992
456144
23257
394129
625206
155128
595258
100918
393246
506767
694034
140293
48987
209411
296508
406267
545212
342273
499321
570928
52397
402672
596014
270115
713094
670539
404246
232177
695363
357445
702710
436519
514918
10936
348452
706160
674285
701900
198268
150363
262706
207702
122500
692133
541312
433759
432363
439715
536560
41876
273832
509981
59524
333054
42114
587677
301972
603646
323306
60408
58568
565906
466437
399423
3609
2588
653572
96519
51608
144842
476212
537800
509691
295927
185547
326992
604461
112776
190300
202465
596542
37357
303620
145043
436358
148983
659342
630576
316763
712719
65956
22350
83289
31671
335567
268584
113271
83664
77510
710271
48564
200158
342801
577359
50640
622036
634567
663479
169104
245403
426152
306697
64516
603086
4292
498927
695313
342690
408654
685677
715036
417724
295634
485644
309549
432757
656396
307130
263136
179741
516257
368418
679514
515572
224922
274228
549632
344083
416221
415360
564554
284952
139970
17256
46131
487896
594222
249010
124224
307632
103251
428875
437096
304408
588834
508072
566976
405537
122761
263862
177709
547500
212829
187905
272244
550806
124096
643015
74490
572807
444522
614770
159011
604502
578238
648393
258537
488878
108791
71242
376763
609899
508720
463735
396335
177224
42154
704853
98294
72562
479039
9318
549311
164672
646036
699233
568884
199930
293578
510684
678293
17902
714137
320791
582576
291118
535643
76793
699649
120484
442516
624534
582475
654724
277143
448470
689632
227563
192603
532553
671716
272142
319293
33084
188998
680962
144775
109320
179059
419675
174658
578176
394379
678333
293269
490013
55242
133752
320716
403166
626524
66989
26697
150525
470384
53953
97779
115967
210847
559274
305714
194400
392205
366396
558002
671918
632199
293647
196527
343690
372431
340335
481159
288825
490500
631131
376380
616606
494476
593983
279747
348477
710647
658028
331798
457068
27423
594135
466180
204158
46004
195719
623868
646144
133377
699767
135852
386339
365599
251615
202433
318069
43174
89689
305568
466574
79967
168415
602547
195378
644821
497001
515761
61001
77962
707935
481368
34869
463275
390995
241888
240869
384355
55799
421052
360394
428159
620674
105459
38894
161649
128617
78266
428820
78692
701269
556618
324302
410339
202745
605891
708813
501437
336934
211654
646731
56216
357297
401641
590157
707679
9008
63997
301760
712841
140929
227531
557986
610847
690085
514821
692841
460389
459890
455332
644110
91202
272113
496273
136897
86939
111957
204962
17122
363729
424093
87057
705930
526172
615825
147337
98679
684277
84514
96314
427868
79107
606135
425416
361515
625873
412385
85012
568177
686250
669232
469735
387298
499966
139086
110822
374502
498440
400845
487190
280084
496845
139807
140319
87267
34571
634226
570116
174356
562583
612809
383632
583914
219403
215653
78118
569622
466422
435001
460816
712470
660506
151051
211954
367237
394357
381111
292
16771
648061
693585
486092
618258
144981
336034
53935
288199
609537
561151
602454
331072
163610
629470
571070
103767
518058
493742
614898
10050
73869
441066
35498
421410
259061
619948
141934
213998
685768
430486
20011
191263
42986
346206
300611
585429
133293
642048
491055
515647
130850
536809
601140
569041
674083
421555
87172
421296
381500
564985
41639
266221
378055
72689
89704
655003
509086
155050
481158
610823
272819
557924
136752
586263
605579
213235
330095
11185
621778
158602
276434
148936
504052
55763
133669
539950
287433
152419
1795
588973
165856
701778
175203
462972
77456
435864
183535
644823
532567
191116
40467
54714
435795
632912
316461
359858
680597
529437
89355
713692
116550
620002
81139
88060
552117
256192
162882
444325
196543
61077
321073
461181
106132
156311
642964
273874
532726
685102
337875
642122
624579
378475
105587
313692
196423
159709
638831
566575
570799
378876
603730
346438
328249
286324
376561
185737
159383
162608
642687
535597
694485
640695
5111
106443
27791
658200
267905
354200
386753
263566
28538
244644
126966
81398
678333
387506
212452
429664
321258
46003
125339
187910
301005
597132
576868
53728
252085
509302
597274
705014
480932
483511
662595
47316
82617
440740
654736
587786
173289
482854
362550
232622
231599
449617
207846
244814
385997
542746
664494
338561
575558
167976
540805
577160
20858
244384
524359
485803
248852
668354
680280
14099
650364
712085
488269
709592
540037
532817
300600
551528
212126
302946
388771
332890
65555
269551
428362
717518
418024
535596
651180
226994
559082
263200
567982
713201
105341
444290
697471
542861
671052
444956
54784
452574
246301
449886
290035
375929
622160
303431
31813
182402
80615
16949
638024
125336
685344
320686
385698
517423
456933
180127
35857
210006
594147
413898
631538
122712
582191
608597
128214
506920
318070
473764
16068
407477
124545
7526
584276
533989
530896
355490
165490
684863
408479
442854
143968
15025
396846
459467
151693
502638
283599
4074
491997
326697
521135
455715
84669
473735
642048
410384
675995
645255
185485
70648
552606
275191
272809
467218
211930
485120
408914
40413
371254
444460
458655
497982
88503
255613
356611
234351
362082
613628
431739
415717
251169
88413
307054
419311
646714
665276
32836
410438
505272
698813
230784
20575
247240
695588
459463
139172
708312
361096
369850
285560
431489
359574
172944
115195
481175
383612
18064
662660
359275
392012
662547
450304
86416
348184
535335
231892
34236
452904
530432
184358
160807
265509
238356
550254
113934
439445
643124
326912
534264
488433
140337
376288
169870
174503
249692
656297
187037
183215
200148
372527
269306
263698
419204
45647
226375
117477
606717
341366
10024
353724
486855
281471
162328
235188
27278
549226
17363
220091
666512
527259
107008
420162
460567
636471
311970
57962
157767
354580
82305
98711
695902
336057
687269
461228
303866
665678
616873
67304
676777
560143
233234
568087
40786
558731
232349
200506
708583
646838
85103
433195
205726
276146
172332
496281
667359
622625
392915
120142
551829
191379
62793
568667
485904
636232
274648
645608
390512
62271
354474
577591
153011
307479
27353
717428
456097
223836
259964
320272
659282
347792
555825
241290
59384
155871
60454
366544
188902
324081
517848
530692
115766
85006
322129
156818
617573
497251
465034
536198
269890
454488
423886
290456
272816
317104
408551
69546
322128
46493
673803
693454
599133
124808
453714
608098
559093
532511
540111
546431
155583
456840
19864
147693
510863
132998
361586
57469
323560
601583
275069
78830
55748
247074
694034
375523
221473
493593
470483
168706
40308
663492
153732
107994
346346
226705
483515
339015
588612
552173
17059
561822
635685
321378
267636
533208
541768
270692
471094
565082
824
679028
66259
356360
278226
6171
539848
23625
310845
35710
468933
397800
493272
26972
232270
48110
245554
561639
219954
451678
98333
677679
309368
546990
161649
357343
131629
9949
270574
275829
92044
531194
178175
711063
323934
694768
214647
556239
618657
542463
311033
308765
353504
39045
710202
645536
285360
343700
330709
347035
694596
534103
389294
365928
30208
177440
172111
573986
58780
581265
104167
691325
96565
359303
586225
551251
157266
221311
41865
478961
195875
195056
321189
596623
458584
486046
440073
405407
209413
7609
339476
419736
56504
118445
467471
39056
610872
472751
395717
240103
629927
127212
250009
196691
618008
561527
221021
449306
172151
334229
281131
571631
679020
442182
529122
103420
479121
700514
101690
509227
462669
49716
402919
700330
461270
453347
47889
424190
99475
201410
495329
473527
25151
328257
45136
426133
424398
507053
408332
251845
346690
245883
109876
130755
380306
607062
209356
160376
661059
382992
174047
227357
248475
327177
283243
2489
166006
75720
266834
538049
525473
186182
127053
460046
560189
165510
152218
348209
86389
385188
424954
126842
342643
291052
559867
54874
324440
53761
307055
693859
492377
494903
563812
117834
326181
74560
493775
275515
26434
276564
12069
454426
305080
603171
206831
342626
627224
647562
390883
256157
602333
581444
551916
130058
562537
60413
439691
206132
628473
537347
190941
582902
40407
361317
351382
498277
663977
493816
473153
171092
349181
391863
288331
514414
85256
492015
214514
493148
316820
415434
399825
197772
340202
637362
116603
312314
244989
687628
399586
369185
397670
305233
168913
391141
75421
517295
537498
643433
183700
196647
347523
663064
463733
526303
717176
655916
110278
596269
631702
545250
506778
553644
437292
84083
410537
13615
252810
342931
542103
559966
149924
523788
378848
706211
617047
434044
379361
83575
351695
358502
556404
422576
210331
153337
89639
711876
685031
63894
641008
483956
352535
213267
114564
290880
339029
532891
709642
335613
645282
47473
183560
689193
470569
219640
164444
526065
434805
518950
64835
582479
395497
133105
311938
173166
368988
514297
305140
294265
279373
593828
490013
173104
103287
655864
26732
23267
662867
230512
496604
43282
585571
671055
104575
389653
452631
91814
575355
715523
670111
450690
599770
90685
171515
704148
574071
579285
108382
99263
478629
148595
666914
74906
103237
456074
521957
205544
658570
224602
202649
150351
598334
546320
48021
492223
173345
710141
306307
85360
420465
704907
304584
169195
678632
653565
126312
510036
317875
211654
574170
652807
395762
255130
7479
353649
79173
122568
17416
158531
150060
471544
483584
312703
399065
42503
366806
50116
670151
21717
166055
217333
250627
140521
75184
385608
643731
487307
37503
266269
297491
556550
543438
348951
160690
443265
2835
56439
16277
519761
324551
244055
363536
181908
393733
564349
6024
199028
281301
518424
350019
659462
535406
572877
434225
134664
526051
110611
52903
582885
96895
644315
503682
400527
693346
639236
98337
650966
570217
240515
657500
145419
479301
175613
329871
512720
368798
509207
292456
110415
645460
390892
692459
486981
82837
86271
518987
232968
162027
346902
313770
417490
337451
278081
58499
276656
172508
42838
496618
431490
449253
157617
34271
481816
236089
64994
626525
581031
582138
542917
481987
651132
432440
494936
692719
384163
395331
219693
575207
31240
27377
232176
253541
306281
593038
525049
14476
415431
185882
493888
124197
82015
171177
469373
712613
709818
123654
162013
474266
89552
559691
352552
484075
305105
456457
712840
90136
275342
636035
433159
316634
246435
69647
310484
711347
255478
522750
335470
675630
564295
431557
364503
508632
320734
82461
532533
25357
47757
546317
215239
284508
248433
110235
48946
453314
536484
634787
273422
698642
231623
31649
118310
195645
662011
421439
218337
8950
579897
603319
598789
20742
556725
307188
594004
486413
207531
362691
189348
477392
504966
137880
102237
600982
91174
638942
464988
33982
420671
568881
692799
652297
678919
572460
265129
627778
145344
684886
43358
194150
426353
142564
457646
89689
126744
243570
161036
671493
710159
327400
179025
514808
104404
30244
689586
515786
21624
362519
33401
596802
148155
38685
6989
610899
145393
439044
283772
384360
139373
299133
373602
633930
3666
362550
670409
51214
689940
93773
96593
607893
216528
54481
437982
597795
629156
259863
366802
83933
317895
580745
380090
581419
672096
192519
263134
197309
314308
117357
708312
193723
488464
107171
586950
88413
1070
169617
251835
695388
106748
425740
456032
51523
509533
623092
530626
162107
407559
20314
77996
106744
238458
569452
104112
246790
642503
440201
558637
566674
176195
347640
48581
615268
595913
221899
551080
419666
492092
280765
423074
324861
355002
158324
593454
278329
398046
293862
81594
247097
431124
579215
32154
717054
89198
9148
133528
130178
621473
436714
148032
522456
445883
441336
499688
496707
374234
272479
658077
28245
71745
1697
10489
264805
24354
2744
442947
485595
709339
501491
2685
514282
442137
308481
556265
593936
292918
674797
363750
70451
178046
576666
714036
370889
196893
556029
578648
81250
252659
198660
704487
666985
340675
661331
704806
654142
679016
395187
456078
64140
321040
53143
646665
9833
132235
572137
492601
372167
246347
600901
219005
3693
124530
352916
576520
98712
299908
260472
360047
330090
432191
432590
191710
574071
140539
446565
302690
391071
303436
170001
557104
42459
670493
36443
193652
64276
649282
384965
114558
81999
213554
612034
573220
624270
247097
573261
274566
405946
311210
198550
239271
288252
492651
506216
644669
176362
341538
505694
507504
349355
511150
535547
671928
481113
518369
543119
141441
145223
517091
51981
7686
669410
518627
674545
236102
283851
337033
684998
424610
337789
382569
551668
218153
323339
154609
173073
247637
431512
709122
100605
550547
115138
7800
159092
285835
293915
188640
231708
555505
200414
80770
539111
512103
207132
136996
145229
158039
470610
700894
667880
584203
69679
158179
130998
340699
467949
673154
592230
558907
89451
77650
369474
630959
340399
578023
330219
77791
632165
25803
635548
14379
154311
494455
4904
572053
104752
473820
465136
259639
283611
87738
300571
419542
133776
166772
8673
501734
556768
506211
212131
474657
342342
453768
468391
242640
43912
394591
417648
319017
303916
616384
243276
208418
50877
444045
635162
242862
529944
356011
487129
249660
581586
666694
227464
503976
692248
160298
266798
649834
370956
649978
95591
341312
445805
361331
227174
663578
123140
462517
646144
260374
144404
603522
3215
469590
613838
600863
339494
276623
581437
502019
648885
175621
191978
315929
367938
166606
706382
375254
693055
102961
342017
316800
225502
19209
491987
389839
24405
112905
32624
578859
195860
534047
380700
548315
392310
133031
208202
112040
200416
376194
672640
87892
95856
228527
21196
164789
319905
504501
94309
108502
473523
457588
519297
384339
320318
483940
614538
436748
514989
210095
318713
268467
593871
74931
447608
589954
552701
683406
216568
638190
496930
346042
439263
52315
239021
711355
322661
516943
667754
376184
45169
403438
380163
189154
90698
455615
583004
434190
561830
301607
491684
596358
504311
261056
373282
226044
450465
406455
631082
410029
707590
448649
690744
351566
594121
334970
537470
96976
458706
41494
674899
111615
603175
435735
82309
198791
177336
145309
410139
56846
302301
317564
634314
602225
89709
245825
345031
65100
65557
372040
505357
634129
226005
334887
518247
188869
305774
247178
344217
99214
22312
153861
157756
519168
304568
409975
660188
240469
384457
455949
520222
612185
238442
262408
420462
367782
613655
641441
537092
15003
165756
21238
628258
534097
373856
455505
657132
194189
510136
430459
261322
539058
117608
124210
183273
74031
346746
530746
266734
684712
623689
619296
581360
58036
82426
650361
304835
509307
325750
700936
595026
713068
347939
630296
297286
103468
623196
691329
496692
311958
11412
289006
432764
2587
109749
646142
430690
382247
361533
197346
91284
669593
349629
631215
549400
244803
449765
593454
23625
712623
597289
211628
63465
557209
265463
43643
276129
491906
63661
422728
498455
215602
412958
505754
341313
461360
448971
80545
126068
471128
516403
368230
155431
280481
657287
537092
258871
248850
308036
562394
128348
651146
685754
152798
337777
71260
460645
278765
653441
44553
525894
228497
699101
451224
112595
49526
268607
482630
86175
517490
653565
325286
332838
147734
271220
577684
191356
67121
142933
308661
471518
525949
710140
62907
267796
548422
560221
230017
541903
303094
26613
239592
528380
292958
307187
465318
260684
665749
252442
50548
333274
552424
371643
511402
147522
676467
72486
261295
25425
389666
239518
350744
278080
7641
310598
228610
36166
565010
269843
596573
140007
418714
187609
111351
599042
209521
357059
496534
304802
302488
130939
487809
14956
45543
425349
573774
646608
580902
216959
24260
59161
536902
148351
403969
679019
540085
567953
36763
38757
205261
113062
425221
93132
541427
535095
689565
396880
114264
207
173169
18568
86360
132638
177419
608810
112641
603696
126343
468019
481780
281794
416573
92854
426548
448710
524368
169706
205918
442731
232177
11872
363848
277543
322871
113659
407890
201947
639120
5925
252702
557918
680914
74312
441144
302471
599289
183386
50627
16367
109386
288436
51193
95205
475587
336712
675335
305524
183534
684020
515416
244276
439794
571959
484320
49350
610043
196404
469585
685327
255247
31646
597766
410529
209380
48473
574225
4262
334712
442880
106273
708129
410711
56640
406803
324862
442610
350857
613652
521802
316928
276091
251155
78763
344819
694552
445872
336964
178857
111342
448534
649936
249256
86425
559229
314874
538725
447424
174245
476744
649464
211512
517493
489285
11944
60417
245008
224678
672342
143601
613631
75648
539918
497691
621667
598216
86642
679401
43761
344401
373135
121921
509818
375869
178547
618960
164731
351095
101173
40263
546882
365101
14285
59634
161054
173605
629342
398406
444993
101521
423327
649365
277409
19876
432777
238712
219615
7332
379005
286831
265835
540430
13527
299376
356024
586428
79028
393655
11964
154281
195848
700551
420159
617097
460652
716940
564731
426373
542616
364266
562879
316169
500040
401641
632981
59375
353503
405537
628768
231685
464292
63722
531950
317123
348773
241795
526595
507750
653721
685256
239457
343002
173192
625698
692582
420377
482912
580504
383480
551506
267162
178713
640187
3152
539181
244751
124114
334963
594134
384668
186724
17088
82668
569702
454905
696297
431958
690978
685073
240468
78819
119450
209470
142914
22398
418508
214843
226381
272604
3950
592408
467126
624680
714105
375539
685368
416211
176236
198915
603645
151832
279345
110330
285783
289211
707451
512988
91206
651053
707231
555058
222449
43854
508647
420934
383908
461119
343967
336848
683231
353691
656115
393051
499697
574729
379883
586480
374594
205553
85184
389194
84885
691389
62020
350853
359791
393749
649364
67963
535060
197433
236119
282220
210318
245756
589274
75699
444894
302482
17612
137355
4756
183838
351258
1125
135445
562130
190105
386093
308467
33350
178218
144823
197084
256161
477062
17987
359120
586498
158000
486250
343915
298616
105762
590782
389241
712466
471053
701227
452050
600408
125894
79060
82163
332428
468491
428678
340248
548825
210706
221795
209973
126774
462668
78843
42214
121959
124395
353388
453823
99045
109887
565873
138937
115357
201258
283320
654716
23285
263353
146531
33286
256171
107181
226934
430885
30514
224889
146603
667060
292123
157444
163964
274140
187477
603456
681066
710202
714656
36067
202351
564015
362648
674651
609956
700622
479364
713453
115278
25086
407539
195638
329834
101898
53962
222098
229523
178137
327774
327546
309417
204398
522578
368852
436404
36942
703086
626384
199308
710962
596001
193136
717387
435982
676540
86498
498823
664211
182687
284824
563700
441171
621447
325263
539301
72148
575145
221761
465479
135718
421165
555328
701320
560039
583917
506497
179684
658390
712773
507497
659047
163846
66338
127759
443010
71480
228701
504351
503429
33667
599032
480149
665648
608826
211284
85210
607443
111850
588889
571621
213320
292361
152798
54342
26136
302481
405420
256378
324091
127076
516880
592028
530618
505294
171712
594146
497934
379200
108015
404993
369540
133585
467150
317296
611646
177039
110952
545263
114309
154827
244945
495252
503193
510494
604719
509107
113496
321422
29065
253899
414891
338167
555811
346312
283467
154662
200732
50070
422224
452547
533107
424170
147024
413606
565642
559131
658273
466827
515733
548130
553475
256267
105476
272049
480007
682971
264196
671427
354594
19251
650680
325947
620343
436436
50626
85729
603197
408605
112732
190805
630514
106794
251532
438871
533013
445205
386711
301010
198515
440555
325856
278081
109749
333178
563751
68306
453332
67641
667155
595591
682142
205705
120041
518323
81760
180561
305954
393616
300205
165114
39421
628810
662875
39801
213435
556528
297926
132048
51130
197055
565268
104404
172734
239000
567442
671061
645743
684910
628836
662026
513979
549243
694835
523174
50356
4183
652502
375532
276615
10266
604084
420473
417322
377399
664737
341484
659904
590216
269264
192886
59809
696871
81078
610513
72726
207926
550786
597908
606816
374222
447613
16630
580210
679442
431522
288746
100470
222950
625321
473145
228323
692439
643062
274244
609786
372066
506485
114927
607688
38158
4096
584118
710442
570546
662210
112193
15685
9549
432264
259495
305784
204486
690075
32246
500983
51872
67131
125970
598606
385952
489350
245114
480
645508
159703
493987
167375
210387
204419
423656
18470
122517
415388
100949
533812
279155
106833
576255
256100
504498
605570
669948
565272
57302
222764
339440
180503
401482
356409
426572
239806
96669
505785
111495
503073
268372
2880
323980
465606
405988
550321
77221
285797
212836
489351
657056
242409
395023
43542
177140
565972
404934
155272
273451
156334
275347
308930
658712
313945
63048
107574
427884
89429
13901
28293
261192
249152
485597
229418
250045
702768
107433
486980
539184
147975
369330
431208
134185
76738
100881
525088
263410
165068
231925
147168
54289
623331
519601
302063
377224
198849
116550
432200
105166
482694
637405
594805
49354
395640
342297
290185
496968
495091
456323
511257
706159
709715
236753
156639
258339
627045
514919
421940
87842
329664
314623
445759
79300
486860
236235
51928
174040
236506
593845
268445
633503
702307
599775
152497
30091
198465
22470
648116
410633
88037
16809
197262
61074
150000
54941
713382
531619
428178
264814
451025
515467
146535
579729
245756
172203
483955
58919
60398
536870
376848
238585
432342
434017
450895
14622
194783
303100
389579
479782
573756
516019
436749
155681
436083
599337
569271
13406
131593
369734
184811
544353
170472
37124
468968
210802
38611
487509
232030
527392
346280
252679
323809
360134
67788
14067
678743
425568
144033
487142
281319
689865
471999
349782
79728
334394
181159
68900
82350
483955
408760
141691
430003
100744
610873
316362
498506
434824
293449
705571
75035
563183
258013
621437
70140
278417
647911
175541
285896
473646
128623
360196
314916
625559
97797
178938
271587
155087
283220
386774
593378
359111
588341
602737
573270
490573
197362
281057
401938
572742
688491
475094
360819
372232
267032
466449
507147
235006
620687
191622
379549
704872
110560
601290
438093
200868
611727
136905
279656
554070
211248
368233
176715
539276
149492
505767
305985
640486
486907
248478
448808
161472
116603
164658
363604
478543
33682
563851
490529
614789
2501
664574
364019
431282
617686
177232
374713
375595
678656
45692
493718
351238
11204
342258
82690
273324
419312
374181
200154
342848
123426
147514
109356
123158
254159
647183
254294
244986
381002
516896
254002
604966
12480
390107
139050
142725
495097
119067
487600
367672
466254
691917
617043
393681
533068
138742
107977
268628
467775
552325
101654
171144
270460
154920
603265
682774
106301
192806
126918
87310
143272
513062
190732
330328
90678
510605
483161
662686
336089
703378
27323
548130
501276
156229
437300
400958
47947
428768
113695
611235
449104
15420
95698
222638
217134
587746
483265
137060
435956
682716
263746
373020
632780
477127
202754
646097
377278
348007
681194
491403
717903
392532
68055
587524
351205
50475
579049
67123
392443
538950
324531
499756
475752
47853
244232
284476
586716
124504
508004
470550
421640
173743
458568
454796
102321
211252
583182
38511
548593
578959
10996
435957
44316
149674
300140
559897
415472
1523
122847
208441
423829
483515
253633
61533
662675
220855
552936
32254
290476
160624
475219
706015
468684
526028
331953
701049
548859
421281
32331
281707
242034
647174
585234
318405
709376
418585
279161
271607
435757
402870
68343
93122
631440
198714
549839
194189
193261
717574
660609
85558
150884
57856
11475
363025
92548
483289
512293
37428
270636
630234
624558
133680
106199
702221
557611
146609
310531
569191
702381
337331
139636
282658
48132
470623
461882
177812
374810
9444
535980
677115
401266
328339
548906
621475
660124
216345
662657
644951
181078
319079
62509
34505
435340
197327
169459
692330
518766
442509
326155
605099
647651
79710
579238
632919
73865
366573
6753
422986
240442
150119
677305
210115
310734
84675
480437
134542
251065
684490
646611
557209
254566
437302
261044
600875
161975
264904
444778
495082
232302
630744
43876
610369
498048
120860
53762
444238
334517
366056
265784
635905
649517
134904
683211
397980
130660
715093
187755
543284
164688
299866
316520
579964
202763
93773
509391
699613
208960
181535
701848
542718
330065
297965
487584
439840
427190
422535
456247
249077
27866
603293
124890
393293
344162
25027
571767
2322
593450
498303
183644
285392
141283
239291
351082
9547
83863
264283
391920
92294
31417
717766
377927
503834
501276
709419
142293
530776
40115
345242
470166
659339
199094
706012
703164
510
8249
344350
492122
717246
112487
141136
576056
401683
583732
697597
167705
469573
222599
399807
527334
468102
224795
86800
421286
323667
338737
130110
201223
684602
333172
405914
538847
675164
543437
22349
165146
456149
182608
435578
522517
542033
93766
594482
503042
256104
338617
33641
339131
667226
604693
631363
490385
129382
317534
396063
392417
272594
451482
297304
696026
316580
78270
325802
497356
465740
242521
83754
186510
605333
129352
461533
41158
614486
78194
472341
615038
27999
5243
392218
18955
589646
197313
379965
320156
449164
87121
96218
520589
281338
169662
611501
671850
191548
378324
256059
304970
515624
211292
595087
538168
16603
462950
510185
407942
85068
395269
569101
528136
336041
209461
281112
684833
514613
706055
627867
33162
183481
593887
112270
518564
447901
655624
191336
335525
584256
157569
71562
189889
255374
593052
368406
506059
684358
377915
419816
313245
635276
439043
202573
499694
120159
357415
180650
708642
631685
306975
186675
653322
428953
192945
245173
640990
202357
258301
406576
647053
677516
180019
115488
185063
313307
246715
594008
147257
602654
188766
626876
114324
143577
599032
28399
312850
700651
602520
491882
682233
209570
288467
393513
191886
395577
224013
628015
118731
259264
232079
321931
325880
496182
442282
516473
403851
314493
647844
611631
651608
671847
349289
234224
20478
26957
640615
464978
29631
198271
240467
187915
553288
295966
226045
384601
150708
654262
384903
180747
43123
650184
115060
370454
27328
419633
548089
434682
246505
100489
141166
648440
679505
614105
264527
172033
646782
209311
220542
184760
457290
689348
551677
579967
255946
203219
517474
65479
474194
44325
56870
566694
435114
126854
308252
646685
226909
100896
526272
71778
445695
244879
269899
295950
458020
677976
23965
19111
523350
233093
495730
188439
241428
583078
381772
696657
314343
130279
323785
166875
63848
324799
14506
371651
2415
32515
441673
428310
659047
545077
159151
332582
377701
675049
396580
241961
149786
475494
628761
350043
199272
548987
547294
613412
641373
616789
371147
639943
119606
365531
557991
432569
288010
108290
54292
7162
431875
197877
199112
495992
63106
626140
121785
66505
194542
514221
144039
588778
172300
30892
187975
376806
215842
40196
12458
177436
708032
247045
168363
573907
416347
256613
434151
143718
172117
213040
231131
397198
482435
97282
49719
361367
90801
141384
501514
61835
511622
590193
606941
173990
464003
39591
134181
174462
466407
250853
379419
120041
397720
53462
99958
494123
79872
428742
66344
566752
424052
386641
682227
562903
533704
509569
289505
449345
30113
596299
176013
199506
338962
131285
270150
452106
369475
232363
365026
637191
276817
145896
475744
129290
252562
514979
580833
54968
411116
311567
224798
375907
491916
278937
558411
364885
553156
342138
248334
74632
595481
605890
125970
615591
632309
56730
264490
308648
88464
378726
633270
312466
703186
593058
166904
98141
336438
23723
576132
415971
690114
66194
481896
208477
458729
54337
120806
324071
523768
455986
638418
671069
363137
276009
685739
345211
426801
44711
154327
104605
137439
460860
304032
111683
483140
246347
177897
339088
708841
209613
602143
464687
112153
275422
659507
450357
123792
27756
243567
132378
271966
640875
94802
390504
565771
286585
27980
580139
82273
583841
143310
320413
98134
676127
511639
704033
400396
111133
277186
92159
147401
41354
503240
243033
165848
463492
557885
555554
321188
475242
275655
223577
186964
253386
192859
457097
677037
660226
185372
123534
157413
634717
202876
517934
416264
110553
688587
94839
429607
257401
434386
711135
470035
482265
503579
679648
532356
466712
135758
335239
666139
225673
241652
317261
125209
433519
64552
412858
671199
477178
53190
193934
400158
641039
210710
122517
465911
313641
438128
358117
645720
186091
44981
578066
281127
323003
264122
10392
69804
287096
710620
441091
53786
419659
172746
370521
349154
389289
218153
277484
607691
274784
647429
541544
265240
185890
397469
205260
671555
32992
390891
48169
251308
311112
521719
547351
468864
556121
106610
145258
679713
88305
364400
504811
188447
430545
712192
35669
270691
386066
32207
443603
177080
702561
391703
620746
484933
293973
326254
181017
140891
270146
66934
54614
408948
587378
528065
319761
130551
374150
656641
458652
361019
530444
663274
422804
232619
388071
661066
556236
671072
363900
6329
626894
140644
237822
161036
86682
409327
586846
430111
150003
198718
369347
471110
578316
686436
307197
335592
3030
15883
538936
272210
507340
683550
129226
100609
436968
178816
401302
517945
683663
694322
402919
558097
376194
550724
211169
471912
157866
245574
265743
511639
639607
534937
248554
69748
217
134778
261509
291581
698095
621700
131478
303008
226002
318389
183559
395762
367966
302754
679589
129082
83044
472803
664
109888
637160
589455
261956
582524
90677
228243
4744
248182
348588
624119
315004
20184
56790
292048
358258
681453
311171
177458
569949
383632
505188
182343
649999
345127
326851
381915
100091
21397
341418
646142
321548
404782
319080
322930
76863
353612
32194
713097
109636
578811
280631
323518
471454
229139
598298
351824
558106
466636
415373
704790
275338
188241
699080
158356
459716
30995
48987
241290
107921
339579
472398
169952
24709
174592
671522
469927
365318
671569
561902
9702
692158
482815
18373
11470
689011
74666
422909
271892
140482
539979
114799
289038
692060
406627
250235
386566
568507
572626
561245
465318
116472
147572
643750
136455
103394
379363
715703
625085
111994
675730
700771
296153
537443
557719
61781
665196
344309
385997
330842
229030
578912
115157
335361
191211
703636
304430
54584
534519
126469
87505
277414
252220
327451
47765
539482
392218
18002
379642
555647
337508
564019
106990
295400
408541
280536
710001
583623
558706
79279
442052
539635
317560
156432
485702
6368
400943
565573
509067
145867
76861
246684
46541
441442
353106
255711
323319
178044
160151
299334
492838
513738
254419
547584
179875
500354
31740
540087
627432
588924
67856
612289
211082
196175
221861
90058
535634
575932
585207
594781
676638
45160
465918
206445
398623
602520
279018
377142
532025
305876
327928
418775
31086
496861
428953
54606
612621
219005
506001
268994
409950
87845
348477
213708
135038
440623
563581
372819
108133
370647
317456
513405
327745
639825
47911
362732
374051
315624
46067
523153
279185
97863
483156
481854
684612
100962
220624
160116
265328
223244
272085
171875
144072
119521
550159
544981
231674
201594
561800
475306
704806
289159
498950
65708
266308
9272
68573
417124
90317
430631
462628
617829
447745
58675
375606
390120
408462
499885
284006
137539
265132
171713
581493
4190
139972
668760
712353
219287
559653
38642
575197
579072
630444
256100
664905
237646
324374
344322
28675
54119
111825
521739
207485
687431
9637
497535
533527
363386
45746
355167
538002
193804
13782
180689
103237
590012
330037
109114
259616
519267
289449
515851
167984
97718
301010
171320
77566
469806
361850
107067
383782
70159
76512
185015
508020
89452
132863
221299
106298
627778
344862
138229
111658
125767
59651
470323
327798
80893
82749
88345
567255
446688
547049
562512
374736
256974
91247
214385
109066
495761
23878
124516
515375
14439
61625
333030
298630
307105
445242
50029
497146
382313
22586
404036
352108
321822
652073
475523
712692
273565
593286
612230
564461
665776
248432
658325
633518
86823
550015
208791
717578
545372
320032
256323
301418
195098
461270
19147
221021
124258
531121
77439
638942
279688
1897
630150
524101
254336
157874
415777
679174
529642
245952
602327
413472
686913
674326
556229
393668
284809
485620
567793
599007
690458
368784
469845
263269
262636
553688
48237
427887
599337
533665
511133
187867
169347
340060
174385
598510
172329
217310
620715
338813
586112
425964
358322
31232
4121
513731
334772
536886
148231
60185
624783
509171
433462
23559
26635
709890
669252
332736
200538
26189
603774
299489
198003
387295
524498
409808
580572
583295
13391
408406
634899
248230
225548
198896
560458
268041
628522
59251
559694
648480
298256
527754
132416
710077
664022
610971
47980
305569
494324
215719
275173
218236
549679
636097
185778
11546
267118
687185
585169
708132
131683
184488
704868
147017
17895
152836
466592
169221
572274
641426
248570
159999
98283
444292
602845
195321
281752
697636
429330
199298
342409
260392
681203
194941
33750
376968
401284
269495
28511
498787
200272
85280
576403
76418
64819
496173
288015
512953
62261
613036
150981
222743
267296
566533
521938
258302
702702
397560
519636
709456
125354
166450
661379
381517
308774
629359
188090
3550
13602
615198
398803
106453
601582
548170
501920
225454
166859
570491
557729
654872
578945
353720
171444
260623
407928
703175
307262
161894
272536
295295
38492
484488
56450
368236
102499
113810
415812
163764
607864
224223
711902
678023
340247
45072
685195
21536
534370
531964
595517
629692
603774
99193
176612
205460
492820
703228
148426
213290
354957
18915
459031
715585
513097
88448
543242
390071
330406
440489
158390
550181
196295
698693
177432
299404
711097
457361
226772
186230
76790
165761
499072
217420
62295
269207
330731
43548
11805
527985
388072
412511
331128
655577
394620
409023
269417
613688
3628
345472
204630
133960
241047
29775
139341
240587
83568
194842
188130
561649
338912
11644
78805
125552
585892
45231
501127
358537
236680
36763
220865
487674
82239
491309
212268
362086
231104
492411
456464
278966
516318
681188
449245
338879
417646
520001
35
274920
502381
25897
14691
639368
17785
391256
511148
221907
281496
567955
565108
182693
632410
261918
326656
656112
37782
356167
355850
123716
143255
32894
125038
77248
256449
108578
256546
103367
113242
512103
56950
462043
139192
713528
659226
232940
200349
231201
240449
629321
278572
308018
689554
667671
660705
428471
49924
631116
147879
716421
501604
697895
192602
2070
386638
594382
194506
274076
128049
717458
485959
591617
403885
496840
55270
258550
292710
597747
566294
152676
303640
118893
355595
506117
507369
165977
275196
431918
53047
587433
380874
331103
56309
157196
314985
204216
477977
217263
527096
304792
266503
699745
241051
93680
211249
632725
282284
622245
407581
20502
52356
467731
400750
266793
142022
570504
262974
265897
628111
165209
675350
11434
476068
672155
408617
296912
640735
129565
422227
537623
636253
610091
531501
629756
526428
496581
118495
173736
272234
191587
432770
342292
641399
16770
508750
705739
403364
608208
138244
642902
670628
321816
139699
669596
276986
174429
627315
444719
476150
547584
309714
617451
569908
244213
617909
51838
356492
28356
207763
418365
79219
593027
387195
97912
498113
413362
622041
680281
631463
29865
116747
308686
82835
593341
701660
321545
543808
256208
90608
610416
563152
395993
662868
172487
607630
360438
331717
81031
580278
294632
475294
120807
430876
498384
619191
191636
659899
32937
203373
639119
205191
679518
515965
381353
317296
677418
528995
95940
210524
221072
232211
161935
349080
328669
452171
214082
441418
158712
408002
503893
310879
662877
612860
710183
49645
126362
377100
503812
419123
373583
686778
299653
202137
267170
711363
17147
171587
251895
326132
444719
30605
60656
181125
437815
289122
67068
334496
364489
424516
436358
25306
153915
22579
132723
308774
360320
19512
574448
85460
50267
53652
611947
346911
542616
144268
498711
631006
617996
194485
413829
328225
376522
470784
382982
622141
31084
13965
21326
394469
260682
20549
294406
78445
540004
174960
636737
135757
160304
638012
593645
548129
606606
635756
295614
95971
97230
35908
509461
656168
166179
59239
325274
575270
471862
695201
321508
48870
30866
543422
135137
296340
140649
140891
554256
551417
198472
392569
672136
157869
362501
707682
123776
444358
100139
106999
510460
27221
360877
548766
671718
406602
225581
117806
115958
152438
283364
292551
316821
312038
136631
189567
357850
19061
464693
72701
335376
656597
23269
350446
249732
181344
481174
587434
289963
643233
202343
215354
667764
605199
500241
712212
631621
112344
11146
342292
122528
56700
343670
666244
581326
143599
463464
23588
240445
195188
366758
574105
419498
140045
549582
196819
153303
534615
3760
134240
563838
585890
368799
588121
589210
632926
213220
459534
30635
345448
343758
62686
16881
531810
74707
449490
398897
561991
620241
651981
54237
196264
24348
7292
235546
535619
401494
183974
221044
638863
621064
522245
315605
457922
143106
709283
53426
399989
610144
4208
155930
11729
307443
188924
9639
508464
206553
470704
31753
254371
130303
631644
527582
236610
104465
168178
341093
445826
65988
488559
227117
307693
277423
696289
99478
421224
38331
305428
339764
671651
46270
458022
87638
301509
226312
623561
275550
211618
223276
405478
281575
530628
28516
204256
264123
35527
671775
47119
323690
141204
255525
557118
75879
24076
569779
616290
444724
694835
3228
37360
644358
188020
439284
379892
46934
357250
96567
403148
335465
322003
324550
576723
170293
266342
157690
197735
366039
406619
280414
17689
198468
320641
328027
574763
604714
234069
523079
384922
560152
681596
74378
398811
642066
24070
499536
258602
555581
156953
476686
581473
347807
364976
88477
606599
102566
316194
191374
372139
338517
528000
2550
644671
316324
603806
714832
46958
98995
338625
134574
517632
441417
710140
577206
260929
314957
533948
10028
248550
427693
479572
407213
131314
403459
708894
589263
653317
11875
678632
543242
118910
9857
693330
373440
292717
201604
487453
495233
700059
235732
287774
558457
167260
408326
498676
15641
563835
715859
149112
623931
657423
452281
554676
433043
320290
577984
394184
415123
667835
824
114053
545439
130981
665448
390149
202518
656912
334999
688714
423661
16174
208795
478977
167169
12383
610052
470944
182596
397994
589699
406619
209928
297934
271335
474970
181956
575416
240103
396953
426320
258680
187823
176699
209329
647205
477221
483081
387685
343691
17436
365934
582409
309608
193361
221237
328900
271796
596739
219580
613368
553227
28323
647260
225026
73618
420514
627385
430503
344385
23289
395115
401524
150373
394129
84616
290314
535264
319367
9047
114550
712544
169579
225783
427708
439576
311592
180230
204571
480984
365921
48982
362446
421740
310095
88129
538307
112853
640068
117859
31707
313940
192756
511984
582496
216326
59032
565771
448323
687319
665148
72766
343846
446898
377418
652967
533557
8749
393134
660646
283359
524102
267443
664599
100135
306480
395340
531663
563393
436924
401
133474
177524
589886
148255
494406
463304
60056
370148
210056
17304
391209
401808
658119
514979
424069
678899
32003
246549
197179
127444
97652
623956
198243
272638
247475
138421
94282
54909
147661
354368
521137
603438
707353
57427
48243
664465
240484
542552
645084
630876
224195
696656
534894
90512
38253
589175
95481
14412
125656
224617
195263
188774
245051
239381
435984
18557
625692
57420
683633
131388
64223
119237
273874
450905
67511
593714
252297
34830
135687
533174
424006
465893
482694
405005
