136570
91242
158997
132746
171707
14896
167910
23829
142969
75680
135592
94478
34090
78161
7213
20141
19472
4968
119178
67284
143211
28846
112208
100012
102259
186171
35539
40812
8910
28431
28912
48896
21836
186608
18546
132595
9259
6426
149740
78918
100136
100000
172852
93941
122479
10363
120856
63012
34072
79887
182047
106417
119928
139586
73808
14099
175928
60254
164177
85504
173719
6336
84850
70063
152906
133576
196184
150543
128166
135650
147725
6684
58355
27619
146187
191034
19638
96210
86748
73562
109633
97466
37517
76569
52039
121679
114201
183681
177599
155202
155030
195999
192397
117931
123015
17013
163735
122676
83068
184221
38948
8186
104365
106267
94234
127728
35299
69776
9000
129777
2900
96671
27212
129722
48849
37657
86398
162221
152388
16700
28539
159383
121487
116538
57254
133603
145592
71183
58891
125301
164909
117515
77857
5157
99858
41008
68156
165235
83288
15801
20478
37389
35507
48405
2510
192836
133048
3287
92490
105255
167841
140243
173629
40601
98431
84741
70971
148248
77957
160207
75537
126064
29793
178962
46116
186870
71014
12843
138760
14231
98108
137087
81674
18292
180780
147899
148967
94920
99440
118812
29067
189004
140691
60970
174732
73042
89798
5412
161497
30640
87475
128381
75468
111641
148700
75665
179196
54337
89438
174536
83886
63165
36123
75094
33023
31334
36238
55791
139049
136010
52341
66917
137428
72503
44706
180476
71293
162182
46818
48958
110876
166859
142892
7553
22646
2210
144693
183697
184092
44679
115050
91515
166603
193914
180974
138824
196440
23586
111238
181221
112309
127995
5765
10466
166302
176011
16035
80660
121874
169204
172263
66499
68764
180630
150406
78444
43832
78439
123139
115587
169259
134503
82174
176151
22735
30843
74148
20361
187366
102548
159848
196070
25769
101022
126024
142277
6404
122152
31171
31933
30311
17157
155747
179867
182379
160614
54649
40210
171916
10229
141437
41353
111588
140049
476
12254
149907
67140
50708
54332
60024
58266
172116
62160
187889
166109
86155
175778
142054
136017
114917
63632
150296
43038
44880
85113
128073
40773
145857
171103
65183
178627
16255
128042
181623
29995
156559
85059
113885
112933
157068
160068
190248
23373
162749
30235
190384
63962
154055
189293
119668
101088
186761
167515
113430
73636
163459
148203
30736
39718
171667
161857
120069
85924
114216
143703
154380
2860
159517
31089
31524
132966
162880
64346
46196
161341
71891
114967
163132
139203
48871
16099
21920
29984
74130
7994
119365
46116
190152
42011
178288
164697
163986
135073
62691
153445
116231
53506
63667
148202
111996
112583
45806
167858
56529
174166
39807
3277
182419
151028
29928
155308
92959
177582
109917
30571
197564
136667
129780
154046
21633
155237
23357
13881
188552
27360
163834
93666
47626
22072
89779
76280
21174
137457
23050
7273
117561
163055
12965
96726
192909
82676
78796
157287
49787
92671
51315
103324
88953
153969
195814
98077
8720
80475
84229
40860
106104
1642
138093
39865
21487
44724
189845
143099
48113
98419
51122
188725
18305
163093
177109
105564
116790
173198
190021
163223
184914
119473
164328
41191
41813
138611
73717
95152
120328
79648
25043
72980
33104
68924
169935
87520
53002
109813
132887
166092
126458
108965
77908
16903
78832
27374
46376
172111
53355
60036
169994
187588
48791
127266
194275
140263
90172
39365
147638
33416
79991
62134
93140
92088
125649
70990
27989
109872
198069
46239
130080
22216
166502
112900
163645
136313
52641
71148
62643
191182
101810
187706
54732
77008
20304
187640
50025
61283
92005
137935
131913
180725
44019
8431
171017
85284
116699
197674
181544
70016
140713
5147
123863
1769
164790
41963
17275
129480
137281
186802
4635
89404
114106
131150
194404
155447
160882
52580
153132
97183
100170
21828
58388
52384
8075
41316
60475
56376
162023
116204
41191
82397
185473
148718
147387
167368
73505
153339
128430
18964
27880
61086
109604
66314
98318
195876
165031
170375
56531
65294
23766
149084
133309
13180
167379
70385
1037
66668
67808
96152
106516
176630
85846
183596
132965
18173
178544
37889
3744
29846
197292
26427
126901
195007
76100
50220
177388
145925
130783
98608
23090
169694
175068
29141
53132
61784
101338
44759
56406
130095
112970
82420
118067
158305
55908
61365
37253
51646
131743
124865
88079
34184
167234
179051
21937
153277
27664
130914
19601
65579
46000
166188
137425
153362
139472
196363
63641
144401
199868
30481
128917
30980
73892
95265
77237
57229
147393
194318
58166
152070
153079
28389
1217
4835
26704
40319
198972
88853
180180
102292
55497
2457
154982
49494
150925
30568
23505
8633
13452
124312
75829
41225
27785
153329
179954
161788
154252
195088
4597
12674
97645
182239
167879
182588
199487
78842
139392
149311
26129
139723
108375
176530
188729
104504
50650
62302
143456
183079
44628
56900
158587
189660
159356
22473
56159
31409
112332
120090
92400
86689
32256
68367
182945
96599
184218
193124
42777
15825
120833
57400
38771
16503
145918
151357
9233
79197
53689
60315
174268
126927
60266
195118
123
93809
12949
90863
80338
133852
3308
187635
94430
60997
15791
9855
33037
74826
188673
162184
70404
142254
143241
67736
154564
3545
110823
70209
1054
90205
135457
1076
188100
85367
61472
194757
18186
39659
25430
105078
143126
54846
169544
70410
15536
190910
114107
129409
45743
97261
97088
129075
39532
6418
179670
147668
77690
18443
54692
165074
167449
133530
175449
110983
89229
139697
128859
161210
34081
96113
126976
119749
138076
55274
3660
176028
151537
134357
144490
170724
140885
170328
30562
168277
76454
164463
47134
39047
171819
5001
61473
79196
64411
8961
100075
194070
57017
23671
94329
117895
43610
65670
163447
199195
59740
29116
44632
155189
99357
165655
114151
39484
66627
125842
36223
86028
58454
157624
103144
77142
2967
190681
100273
62114
145506
96765
88568
156031
197632
94101
189079
25461
127944
73830
53730
143786
44224
168003
147379
29230
64589
131238
93173
152500
25337
132892
95927
2045
79043
194706
17185
186652
122961
70525
199640
29417
121217
118173
40053
170034
22513
193170
170829
167586
120106
31328
105667
65031
188962
149149
85182
60382
73300
155322
117697
27312
46782
126610
74636
43459
181942
18335
946
53487
154260
46833
90226
95066
110083
81857
154522
68281
106142
120455
78833
177561
194639
34275
96241
96041
119998
6199
171966
10278
30555
50535
140045
167102
153035
168835
96226
529
194076
190403
184452
154174
124216
12295
146476
351
62758
93671
87419
10129
182655
197744
7484
81395
112036
25801
119878
102703
168500
12452
174136
112336
120291
123256
40597
94921
68240
94831
52353
105983
70716
81334
195632
93060
76916
30590
54525
164896
21463
167323
21862
103929
97670
64268
25579
286
23543
47314
56930
188631
186535
17351
106308
3915
37654
116765
37987
6307
16505
96279
145104
48036
121031
125911
159347
184668
150354
174298
114227
33104
82866
106947
66725
120273
59464
51552
9309
192130
137502
46559
158773
161062
56113
193738
10336
141287
98599
166715
37242
127373
190048
146349
8347
153342
95440
128428
21916
132165
167262
137179
24383
29438
58477
138895
29940
24159
27265
54252
168947
24802
80721
26804
45879
184861
103436
22037
12140
184085
29552
134093
48612
76308
159463
117400
150179
104434
105972
12788
143349
52952
5658
59629
94599
44725
57767
95596
199453
33921
191538
48045
105147
166969
114330
115863
193858
32161
154393
93606
152295
140053
108635
75766
76302
21242
132614
114273
142767
61753
14544
123020
104527
807
142600
131415
35424
71570
75091
157087
158737
183211
117435
30271
89345
8550
76168
177142
90933
88833
32557
17032
156869
194020
106000
86171
49389
82068
113673
80775
76787
99083
109993
50499
52915
120723
182835
116340
67663
137460
80058
74910
83287
127762
22311
83160
56569
6392
185679
83820
90006
196539
87680
19202
979
142343
85224
169536
127129
126638
73267
140472
138819
129488
101994
37319
154570
39734
107478
106117
10368
43048
189937
7165
53535
190116
95750
169205
169695
170067
116364
341
157916
164366
188120
12802
87554
13064
58872
109256
66764
185275
135145
95312
69089
48573
92734
48079
83094
199265
22710
104082
57943
176548
182985
148650
191228
128295
132723
46543
179958
181875
151960
96764
163576
174189
185888
51790
117646
54299
158913
12220
72992
1446
139604
82080
154365
15666
195861
73544
71424
17555
70482
3566
172216
9222
182008
46537
124779
29081
100873
89892
56097
146601
162737
66191
171194
15654
452
197458
115941
120682
83601
79709
198494
26852
91626
10659
97273
49119
13870
63035
96163
123263
143723
91970
96593
164605
372
48504
187210
168314
51796
13403
53000
73187
192718
179289
192576
27272
135694
66342
192554
69696
118460
188802
41425
87005
99360
61237
2251
140930
137993
191449
180813
103289
119371
197429
85765
20608
11875
157020
162470
107355
72306
122140
19523
158498
65770
189809
45202
160509
113294
79313
35606
54121
195658
95969
141325
78872
54054
107501
9965
116375
181488
50049
69892
46399
81636
58000
118772
127653
245
24357
30798
168133
175394
145847
29686
93205
8236
130286
181687
52089
108288
29430
64909
117460
91048
158213
161127
173320
23168
83684
63655
86254
72494
143649
105379
188182
11629
30893
119851
191991
89041
148516
41570
196739
150962
104860
176830
117708
137756
72481
2338
126010
32746
117058
18044
114874
127060
65116
28456
16140
151242
104958
169151
35158
146253
129981
199437
196319
24127
160740
157281
8558
172306
8373
128839
111152
23371
125163
107770
124277
181544
77610
166508
159337
97227
125511
60278
63077
67171
189569
63489
6987
186226
196132
8290
26205
146479
136769
137269
72341
191987
41833
146553
17313
178941
119909
104725
19219
56968
116797
82163
34576
171064
19766
29472
40342
40598
162021
60538
91348
134720
92810
37229
163072
81506
176270
133123
91887
39161
150880
6605
176144
91548
162624
99402
81841
84078
95442
33108
77928
9530
157796
84691
43258
186673
14472
154680
45611
26928
118990
186940
74911
197325
95358
162423
181546
95553
26385
103478
156928
94545
2881
61732
84941
106754
51804
92516
112550
113743
107916
104529
76037
33039
196177
33198
102529
102129
181202
115865
39512
33223
23519
153013
132590
25007
174971
161322
125246
142754
18764
129188
5849
89198
187323
63486
113236
72693
121297
55093
23545
156243
61979
163535
99853
157478
159329
133994
10583
113485
82962
62741
94718
101144
116303
52844
61148
42367
53078
187321
94627
117617
86146
65210
24322
2518
172208
155782
50307
19800
192320
44639
192943
180668
142649
142734
191168
16498
154426
100038
1991
48800
151372
27539
195469
131865
101840
120657
119111
184070
87355
124600
66303
187739
78436
169815
91773
196639
147135
35179
99816
8083
17462
52375
100081
108677
76180
19510
125593
165164
40814
49395
67424
169700
15230
89297
136767
72993
171617
79258
116426
54548
52380
12658
182329
81538
183799
156755
143808
44806
189888
108417
38249
176711
180070
180411
81665
157329
30949
194270
122717
22016
88273
87385
14062
162899
197764
194011
137828
31222
73197
137997
123550
55584
156061
3235
43534
60887
153673
170210
153366
165397
147145
37730
81885
140337
69392
99238
169111
164443
78409
54853
124252
11326
48361
19250
23568
1813
119528
16795
83273
6572
159340
118701
76188
198596
16266
49352
54048
71335
141830
114580
125374
120431
35252
158338
38476
48098
189289
9838
24508
142878
153538
105027
42066
117070
56219
147183
35660
57349
195092
96871
83977
92639
87679
172701
126525
19231
29847
48229
88798
14275
182749
188566
121938
132216
151780
133813
159211
97221
41560
2513
157489
17299
36491
165525
46324
136761
147305
148432
107672
138838
46986
103509
79359
23024
81711
8199
149337
94277
6178
157842
97634
184096
82914
173780
100676
153093
68102
28410
77904
59822
46107
94633
78953
100308
188454
5826
133428
173780
25168
87185
52387
87095
134959
185842
100308
145595
181665
120093
91519
172404
189204
97144
108043
89970
63210
165854
93950
99585
80325
54888
104737
1438
90994
118449
3368
47692
81487
63219
147607
118232
84854
184709
127245
50568
167271
87098
39646
152253
19237
11760
121077
17061
99974
196074
99183
136608
145036
179026
19947
140281
84056
192544
102151
40976
152606
48512
159761
9794
67574
66552
20777
92451
143314
84136
193299
102930
6673
125474
118949
4415
106798
115085
84020
10898
45403
94772
48970
12114
130705
69701
108233
6224
105905
41077
24292
105022
95472
155207
55236
83402
177639
127333
168611
71554
7228
55382
177821
102108
167464
107818
175350
13998
92867
93627
148269
16059
66905
106391
39458
152492
70319
56332
2842
63558
162387
14424
101445
107715
103825
33043
26487
89340
87705
97590
126578
153576
74654
150091
10082
140514
197094
19203
76190
151888
147428
113916
94874
142434
87514
109501
88155
189718
89506
164590
171920
168067
85182
172521
92325
140981
87847
119791
64627
44529
47686
37118
152158
79597
97450
109392
121051
117176
100971
83003
64562
52930
12126
91117
150915
175367
113444
149658
82721
141330
158347
112735
117971
135876
43887
81814
22073
63216
88138
28950
172846
126718
189565
195368
43166
80759
178507
23852
53599
3249
75984
141960
196022
123999
4169
36151
125395
49522
74079
10253
13048
86841
58521
124501
17865
35879
25398
161719
20143
33980
122774
72311
55995
35310
105545
165793
154281
124831
151138
111364
98116
21281
153606
183099
171041
93201
17090
129149
53491
32960
3982
130421
41756
45308
148407
93386
146986
114358
110137
14101
3000
111831
68036
192479
21106
169128
37370
165702
127211
17225
15893
61787
12783
64169
28477
42496
197810
144637
146465
78864
42945
122583
91303
63985
55752
12117
143178
44288
141960
18399
39147
146148
45893
125875
199760
104729
143433
184050
36650
169858
123551
145500
98353
159717
138312
77014
5920
89314
155695
13224
9693
110599
14493
149151
28942
163686
180285
196346
26671
111573
174231
64291
112590
166276
57415
77966
197391
193981
71539
1053
174546
77846
43002
181044
122886
21988
51584
115729
140163
169932
73024
52313
16178
9745
84088
177274
154714
163261
185243
127695
176066
5087
163631
93093
197313
11945
116970
102298
172807
79099
99853
166031
123033
61754
176540
157736
117345
88028
82864
100999
177514
149602
196375
20451
91712
92494
100658
81493
94577
7416
182783
41135
127035
50610
130794
194540
67965
148602
175576
327
156736
63175
17670
46480
192484
4878
91979
177975
81217
114287
124140
120818
52801
168978
103663
15281
83298
91174
108962
99246
35837
20088
174121
63691
193887
141851
46443
67494
151363
54493
141162
75030
195553
142538
48474
178316
18166
86058
64668
60073
186830
73767
57900
144237
151992
188405
45086
29009
57489
92335
159352
143519
10520
14221
189976
168608
111691
160464
79779
169101
116108
30257
25593
11311
71771
154963
67525
43514
136729
185146
135866
127992
122607
190335
23920
196103
6905
23404
29384
196258
148044
48870
91325
132111
157644
145728
88913
170476
184349
79851
122541
8652
171586
8115
19519
53814
20248
183421
76259
68954
80675
177591
21866
139673
17759
101866
157921
174497
3566
17978
174080
93465
109915
197932
142057
66695
149071
15652
151433
138117
105305
25666
27291
147728
176405
138550
143168
108129
89205
134325
65074
150644
27524
188012
34842
39289
157909
80424
156783
59587
44973
126393
133839
130232
54616
187749
27656
120057
18575
173910
82278
41783
119184
48743
103167
132781
43419
61442
59707
28079
29113
8377
128765
60868
58026
72286
91325
164019
84647
115844
125947
51379
199571
156487
115004
136944
97635
788
74704
89043
86843
105380
35270
197207
96081
92723
32815
51870
35293
98723
100749
178996
99919
4646
18977
88796
1011
21006
73097
73085
73274
18249
138723
180591
197390
131483
57716
38262
84747
82598
97090
108069
32829
34642
2682
2641
93464
96960
124495
107280
77314
111637
48974
12266
15916
53366
65013
27767
156610
174921
87593
60667
13075
189062
137474
80430
175418
48095
174156
86987
93949
73406
122385
62289
184066
23746
156996
122438
188320
62866
128436
33332
151417
85485
144126
18668
63352
152550
88232
76507
67482
35905
86322
194196
178898
140048
170008
69947
51094
76743
170814
177762
179667
116208
84312
9915
181252
73843
166707
78426
84496
140564
198698
76988
91733
139118
155499
101524
4237
141355
30561
146341
87969
125888
83986
65979
58066
78663
180412
69396
159210
138633
57533
172159
85665
187324
18081
83201
129861
184840
27822
85074
106055
180745
194152
121233
120451
40502
165905
129392
169409
189027
109210
124277
53654
182047
11980
60434
127749
55135
73334
134106
6356
51302
75159
158429
2820
190655
139610
157617
11205
24796
42043
108658
198797
63453
125744
123918
194652
89286
149008
115152
25481
11345
42131
156311
107559
91954
38970
72219
102130
90918
197049
132479
100280
108497
27342
13366
168375
64354
129526
54740
116179
144093
140834
97429
192742
45161
75702
116422
160184
138087
150477
163257
56676
141540
33271
159652
118930
73899
33720
108307
130988
43438
20104
147185
43413
99557
77864
50152
112429
32032
133758
122138
168591
74131
168155
129917
67522
30675
146854
168311
38525
152685
191393
197482
1544
49129
88593
64048
143510
139704
141853
197541
39589
151847
150909
187373
131431
34058
113674
166237
175332
145246
61994
34890
155976
24499
148649
142408
136712
164152
136964
164578
27237
11057
189265
158716
106945
88300
171287
127582
160359
91752
185099
166488
134446
92048
140742
189457
91814
128131
39155
182051
44187
65046
117894
190355
112019
140021
118126
194328
35459
149178
87693
114557
186481
31788
137195
6410
140554
121212
180025
8372
94054
67540
110885
54662
9764
142884
190955
55195
107297
96439
95581
134280
130820
19427
48641
168724
2706
173038
76368
109208
114447
96174
182232
66676
97217
28436
86444
7417
76839
109494
136198
123529
144508
145033
93991
150979
150489
159746
132780
151029
167955
198647
83400
124702
84326
6293
74684
94042
102231
130114
68986
136068
138689
39577
195386
48623
183068
104131
41689
95609
57030
69979
165431
181192
33672
78206
121454
91153
158576
131411
83782
51097
19533
30040
193757
71384
47958
32932
164727
52076
82336
162375
71795
21836
146067
88499
112307
112388
177396
3326
128803
28494
70530
55897
4737
97392
59763
40372
86362
13752
64862
17907
56280
103260
175219
180709
147398
41728
168659
184032
16169
92351
196943
73253
34678
65825
102228
63168
131375
5160
159710
30695
51111
197725
12616
133511
164751
75497
13278
135427
148899
48344
156657
1137
150495
97363
45254
148526
128599
195791
185728
6251
76020
137811
79475
67882
65378
41004
168597
115613
156582
33773
118764
83673
49958
31731
64215
35176
68143
111505
8517
41603
157972
114026
19024
163556
170462
22764
55005
109981
127463
145547
28600
8646
127257
90727
55520
103532
40877
52823
156633
40541
129477
163566
111402
197179
39875
12349
168470
40722
75538
178217
60277
138436
42313
150139
137807
93169
72372
155551
55022
100942
19522
78010
55861
86408
47590
21951
170901
50421
90837
105382
170202
109822
37678
83916
193960
73701
166910
159397
33414
44622
20353
81551
106515
4273
180819
90779
32293
23775
90523
16921
197266
180297
173654
47588
133376
62108
19588
44286
54550
174105
9113
8341
198064
168594
44432
97356
79758
25843
165275
51633
11142
81813
862
67854
5480
175716
106281
118711
182411
105695
185531
137088
52109
27883
79588
47913
191038
43947
90615
70465
135468
38568
192731
36011
7027
148995
22343
108074
116829
181985
55192
1441
72886
73445
75359
21458
27830
50267
11821
116030
32947
117595
22900
172882
85924
184706
152500
1084
128666
102686
75858
143409
95760
2678
101974
153540
174413
139739
180121
69910
10438
115383
20076
160083
21482
180931
57234
22
106030
83120
112544
36620
152720
175173
193410
147078
30286
80539
113398
80434
141641
110560
7061
127319
20193
11177
185393
156958
30623
110879
140090
137028
75609
60802
13560
12956
11690
75109
197634
164438
65398
176550
34227
169971
159646
138683
49523
36686
109874
28705
28336
32590
157324
67352
191293
56119
161380
89928
121389
161778
154600
128870
147199
77886
67739
116244
79461
46268
137177
123330
153192
176439
10235
58031
154754
197090
132192
133171
60249
136145
36905
35660
83242
102096
143399
140177
53546
154492
123250
73724
35880
177380
174603
165939
103314
165401
22542
158118
50632
88151
61648
169939
154538
187881
126881
18629
168493
128541
49477
54820
114750
127162
120976
168384
32329
62129
189534
16171
121641
28548
109949
155754
89341
76349
140279
78849
159151
160126
36183
66962
155703
121732
178000
43751
47048
180218
175588
155088
132463
114220
186459
26644
19675
189122
80552
178871
8234
129199
183045
8897
118882
10115
47955
136968
51240
196829
64750
185677
196982
169833
188778
136073
54081
72298
13743
101475
88578
49655
139392
163662
46019
4266
181820
14838
11393
169367
21288
11160
38847
48754
134691
52809
194384
172025
16069
17145
188391
113174
38
67754
186973
191308
38929
5976
85930
199630
20456
95383
170280
74187
196692
134142
5399
136464
133894
91285
183474
103188
164133
59109
65069
8811
139681
14065
185467
193813
27491
87345
74655
155173
43647
161149
37556
12320
133886
27259
123807
39587
45337
199067
4165
110103
136460
169536
112946
145689
39100
131040
55969
144632
126961
125706
68175
76051
55006
175817
35685
39218
34401
56803
127369
59982
163434
30868
176814
28612
137891
154579
133984
137781
97563
172778
109154
177003
128663
42992
147330
100372
40838
35475
40036
182177
86920
186216
92547
31701
184328
100380
91563
165494
76984
64875
122769
78128
51412
5107
127239
9186
32286
160238
19140
64747
29365
188367
183210
47699
103557
104329
17227
130122
148687
114265
182081
20815
27275
79818
105201
21299
153329
195575
11526
156894
3012
103312
6722
104124
189259
138335
65033
26698
169504
53605
140780
60121
16086
173224
124767
22770
183429
176613
198575
147297
54758
90218
142678
145031
69818
188347
118066
46528
143708
184898
71260
26192
127486
24615
10602
70381
116305
125637
126449
103242
166957
17799
144590
125518
18473
19203
25044
88689
145226
158368
97914
156550
46937
120133
42024
147909
54633
125831
37893
134458
21759
185342
160204
135747
109722
100786
106947
830
108522
4363
39065
188262
97243
7923
13335
15728
4135
198163
148366
35559
183958
118904
54695
3720
161934
66476
27752
119477
169605
18168
41292
150764
120955
12235
10379
195777
43298
7388
189529
25975
16855
173592
148779
167843
152539
90234
48095
89316
4011
92126
166226
193563
117465
36629
58389
182902
10651
143472
4424
172934
143287
42296
142291
171585
159807
133659
79052
41940
180057
173938
181877
80337
109312
129682
26062
15801
39727
198267
148791
17130
12301
56541
127255
194717
140731
24217
21740
170082
166178
54126
58444
44470
21393
40342
191125
27714
137982
85145
142538
37783
140028
97904
30726
9945
85735
185057
159111
12686
71844
72544
166216
21444
21110
120514
156914
102159
62091
178752
101005
40222
77447
84119
111687
12333
128749
80141
156374
180434
20553
174254
168960
192545
18695
167013
29473
131178
164524
117199
37919
166721
134961
18215
115722
159761
146853
49843
129543
139232
134554
175141
135565
17854
14704
194135
23085
39341
5715
86506
37721
99503
43293
199791
187016
148513
140765
26052
54594
174666
4535
100221
15261
92607
7121
48623
5589
19974
2281
198391
638
199627
112128
129945
189559
1716
128064
164904
104317
126290
124369
107655
162496
90553
168820
144024
181370
169398
153926
188375
85454
141247
190091
126164
126741
170833
58972
42519
109783
100242
74820
191761
160841
5594
115315
167621
118343
25675
142991
91400
61672
57931
154611
109025
40760
162808
61079
170845
114503
162579
23043
31728
137757
173279
42598
141476
48885
111813
90193
70989
89443
75547
72363
171233
184019
158239
43632
102973
199299
133549
169858
186613
132545
61177
104645
75736
112481
145384
56190
135333
11992
84486
153464
3029
100105
37082
139674
59595
28280
183394
11320
26491
160220
42816
79244
188305
69427
180691
45743
163092
162469
132279
12761
158791
176316
189542
174056
192507
5834
128488
89701
118158
170178
122868
52477
195371
71586
64387
27016
68256
844
132260
22536
184745
6860
18247
99346
58967
47077
144083
19620
137700
163260
10590
60239
137868
180588
74217
107159
154281
37159
72902
78212
183167
88717
117110
127691
43363
65402
142124
118144
50436
123904
51385
153762
155458
50460
48052
23732
158931
143327
180636
13765
194169
42936
66086
8910
70207
59482
154271
149434
96201
3265
107543
113256
95934
22376
117991
143840
13128
179001
195006
190405
30575
136231
13652
70270
59923
128694
128822
12196
190470
138110
144611
2563
21854
151882
25472
51966
172506
149936
74486
71677
54110
79954
19564
158976
141079
136524
15552
52701
50364
14651
156257
146832
27384
54694
135927
17905
45785
115172
88641
124684
654
100345
67470
23834
61202
162998
64828
61178
70034
131142
109824
25239
123938
2003
192664
85774
173137
122425
69905
198695
90279
89403
158156
144560
49762
48033
19935
185444
13426
197305
134771
38302
131986
97270
131242
144576
127323
61572
154146
4419
11984
11895
24732
14137
5527
101097
66374
69930
17516
20372
137462
54811
36003
106786
43652
34854
109159
21668
34207
75451
117805
5764
73166
99632
65732
116698
35913
53883
93806
33383
80312
14641
61628
8814
105404
35513
160748
19122
160439
126439
19984
128301
167557
98392
52213
127521
143332
87350
105874
123865
83356
87746
192660
176830
136117
198503
5787
30345
144896
159952
112814
117902
18185
22696
109703
19790
98530
146194
114828
20511
124050
174743
128920
150672
178530
186206
11754
53595
60225
52549
111698
93660
158712
7514
184811
38371
76050
11435
131212
4661
137777
102216
168283
156009
158491
88965
195424
117230
11210
100731
131655
27006
73823
123637
195517
15966
193341
177417
37093
119261
123004
95796
169931
173780
46172
35113
140720
69553
27056
157595
79870
191380
132294
78017
162332
189684
142322
136539
146669
88633
79303
117456
51159
44392
143273
83981
22452
37175
20274
127067
98125
10620
49849
48831
46405
164436
135796
21210
115756
27737
26330
72066
160506
142917
178994
18704
106248
131255
86890
19842
90580
34058
155345
142071
117659
143600
189246
27389
6231
187733
90084
4883
116289
55741
121258
32527
156062
144002
62000
131373
70030
161629
139254
61997
4084
111732
25350
179706
142796
151950
116266
167096
108639
128345
160325
190409
133059
111363
48453
183293
62575
189602
167567
77499
50308
177468
158213
177283
119047
2385
112765
162535
5060
114816
32504
96776
166488
148979
197829
85489
131767
41142
195756
122818
139757
12627
40846
175081
167101
151776
195138
182688
145030
20893
104689
2301
49774
154515
196863
44522
147866
79480
103219
147950
160683
52481
178656
91711
16401
16217
43948
29890
13747
77779
116736
185215
31547
27306
131214
16580
47664
161164
190314
65118
94266
93385
84819
55367
196472
2066
103069
16785
167595
87513
98634
60670
63616
147567
196977
81782
138741
161824
111631
178033
24065
152487
64153
133752
147475
109114
64601
107791
125615
85367
19161
148271
40151
166192
78146
161460
154477
179119
181283
175978
174367
4997
24752
58682
44306
109889
109849
6824
36068
2939
27067
60974
15852
173034
158433
236
107573
59670
40866
168460
186880
124024
48674
1202
197253
198973
190268
166376
32812
98763
23385
49117
74397
40007
81361
49299
30901
198951
82709
186241
39566
154677
38886
117557
3156
186179
70365
128710
68352
50492
189963
100070
54285
110375
160693
139593
7511
144853
165090
128950
72597
157188
126197
51135
197766
136484
80454
64518
126449
97037
113155
139955
47270
126622
131113
47169
61737
40401
30378
109098
192183
15746
132508
184196
38201
190290
16652
3919
192850
99178
30997
114415
163489
76756
86979
130755
113675
13994
183001
167564
95756
52247
160103
74184
123631
82007
192586
70617
123257
176260
145987
80515
69794
157105
150777
91152
47448
70947
194083
128424
184347
90119
105260
148369
118248
138329
124207
38170
125253
159966
149352
36153
85300
66880
147469
24281
26816
175635
78709
101730
13191
50708
187081
184450
123853
97831
134426
35170
115011
47730
47668
169968
179541
177642
194784
26777
113531
21663
51405
62833
120170
123384
114834
72374
67820
92928
82722
153973
73359
45411
107288
74439
31584
61145
42690
108405
10256
190695
138510
56717
34119
50919
183573
131164
149028
22988
193769
160721
141258
112136
16983
15117
188777
7195
125077
172622
114207
48419
136981
110564
25660
198031
69595
170050
42185
576
137397
66555
69280
165151
191920
143221
123252
103390
83955
90063
183075
82680
45337
20817
49834
70167
38172
117430
135526
62450
79769
158250
111131
187635
54676
85539
74234
2238
65247
44913
100149
172198
56673
164253
23671
10954
117685
71530
26638
58032
136767
175030
112610
71282
85961
19847
136248
130940
8323
114241
175752
47994
167888
32210
114020
144453
193772
43713
16527
63417
87640
117543
154658
100189
142473
161448
17585
116566
168076
80359
198730
187641
116994
69805
194117
104319
196036
125665
146620
4174
101874
196932
188611
195830
60284
46631
78316
62932
38552
193277
153616
124937
124559
126539
152358
14298
81384
145305
19768
97662
14376
165881
89154
170086
95010
20042
19484
160132
133699
115699
1523
1126
183188
30917
17334
45040
136314
152694
145229
87479
56677
96014
170297
35716
58024
61469
168206
12871
89600
45091
125636
46219
184708
177164
93217
198641
21736
8028
26969
11053
98347
79938
35859
27082
25234
198001
16388
60806
100325
163159
17034
174908
178203
185767
51986
73497
122890
90447
21294
169940
1782
142361
194103
100306
118178
191581
199240
120626
87396
138828
91223
124659
183922
90564
78426
55033
146967
107302
189988
146794
67774
81502
155828
100675
120215
119990
159782
84470
43632
6334
15631
139420
167596
74494
39058
90698
32905
123633
125836
89816
166168
144792
160410
117335
38637
78630
54439
155256
64385
57335
80952
156142
39020
180439
24320
161949
127832
173016
49109
170312
163390
181831
77157
139682
34539
23346
109555
171715
144972
132971
114849
54302
14390
196583
31432
23746
137065
3600
155747
50726
181224
195125
160916
60750
86850
145502
189665
6550
199001
94309
164538
86160
152127
25021
195229
37966
127294
175560
164509
183492
82317
128882
192628
68515
58673
151297
187938
80920
93907
11508
57656
190364
45019
34696
54829
121149
53574
163362
114323
189679
86767
139989
18456
41832
94282
116700
176096
22049
9447
46675
134748
18063
31287
36645
63831
158384
90188
59180
113739
106740
158042
187994
177597
86865
59787
100564
108381
99659
137623
85533
140124
177309
109448
173504
141178
167541
83021
101881
198099
184362
97322
131178
9687
167569
133626
61940
15598
59557
175400
181254
41723
195267
42432
112151
106535
75211
61455
93577
14708
28885
90150
133734
25973
51795
169799
59456
180897
141855
146845
20229
25374
197399
137668
12081
132839
113413
72512
72231
111609
18627
121522
105118
123427
174572
33557
13358
49867
40333
25470
123620
25588
195651
157678
95276
118633
61549
170675
197615
143027
98722
64050
181405
18756
104279
116283
166527
197329
3496
21139
89090
198661
43905
68507
158036
171963
192735
146601
193455
132079
131938
130724
180720
29334
80913
141663
42735
28065
35473
62160
6284
106017
122355
28099
196874
149600
173283
45755
31555
191225
27336
30856
123352
25721
170749
122694
105423
175937
119181
27486
160733
191748
187284
134583
112410
142640
43382
35140
108944
142232
116065
139226
83118
141809
43589
43723
28161
11983
178116
161236
53484
159257
172493
111420
164894
66223
65181
25420
161108
133692
125277
132184
198568
185004
46819
64128
106971
114317
110741
160
6167
181757
193649
138952
173912
45075
98486
18059
85353
171617
158881
169772
97128
50422
176876
161492
33067
147444
140992
173044
3862
24137
126894
12282
121618
77287
174370
44198
64706
191612
124050
7253
58301
14646
101250
88781
165303
41697
180188
140277
146817
40986
152429
169430
160959
188557
121661
28136
121590
110842
159893
14223
79277
109905
23781
28890
183567
145068
47964
137622
171957
81111
158024
42696
165515
170587
64491
96855
4257
174838
48992
82112
46206
143726
18617
41809
153264
85141
47217
815
166209
51068
195796
53729
132756
25214
125498
56107
180899
151303
58258
13857
18298
125485
177786
93121
104962
190263
150477
28785
198890
36814
174384
26327
28402
156483
76498
50212
127769
59793
20247
94387
132285
33754
48333
180426
81396
151342
191438
98991
180206
175579
110037
33595
92376
59759
49303
179335
160297
161413
110138
170118
101322
96349
84846
109495
56739
49217
50138
180349
152107
193893
179827
2089
33845
9801
184412
79751
103428
112257
78546
10046
73286
39858
26400
189679
112466
64274
123832
94430
15597
39377
57338
88885
168360
163020
17994
75349
145130
168412
196630
137562
138247
185557
16004
26769
126802
183496
165918
53183
138062
105698
69924
69637
129191
62976
73332
112061
154010
186046
99169
162684
51676
153493
163100
7532
73212
149129
138875
74458
187060
190180
5267
182340
198467
139523
197828
153285
151367
88776
156326
64176
89412
112811
97616
21617
80195
123486
199888
120706
152106
182556
68360
158328
78436
160682
198763
33513
127760
194663
154047
187776
127944
18316
129980
73751
129264
85849
109339
174942
89551
11097
55776
26173
6233
179112
39376
191508
94274
111982
147283
131137
55135
12391
63594
167575
119598
177410
38620
164437
171379
40222
144486
93578
135658
5932
117867
39153
2970
164996
151681
150866
103778
50962
191379
118127
127384
44792
5581
114990
131831
47013
143352
84087
1698
140513
95927
148267
130825
27379
135647
180188
118648
189067
181013
56661
23174
156612
81765
81105
133906
64124
138682
118258
13837
108066
127810
131605
142108
28537
76335
104083
70417
105570
172706
124395
120085
75081
28509
90542
121051
181402
186246
11430
118660
144070
195023
69420
7437
74006
194182
131829
43402
197484
105312
107684
84634
124325
104886
53082
36427
137631
111410
6600
185574
104815
113686
185539
129360
27904
101796
152047
69720
11878
130074
150732
56342
49621
79083
71532
155998
36054
126467
180476
95992
151762
139565
43727
109436
52208
53531
74686
183909
57111
56013
60800
108407
80122
78586
121024
15479
68197
37083
170893
99938
3852
103310
139135
83505
50052
70650
9634
155720
6371
66421
186578
149887
34020
121284
132127
178715
91882
19294
48759
103530
26671
31565
194266
98491
192003
132296
89674
186364
173565
22150
189259
158609
70102
160711
13958
158235
69859
60914
197557
181434
27513
124795
62390
82030
52918
141665
186815
175073
113931
37858
156411
58335
20775
160859
138890
178648
81610
181110
113284
20619
103504
163203
47391
90655
9661
199868
130929
67470
77538
94168
184700
101696
157471
72350
19726
48203
20062
106782
57628
95207
147394
150800
36582
27482
94681
48480
173751
141921
133312
152276
80292
130496
122300
85972
81108
93300
118147
22828
94680
15745
188487
193620
168899
39220
130284
171264
158335
151285
153305
154983
48125
131112
7200
45857
145543
41606
105446
19141
95076
169549
81735
25632
18612
73954
193772
109217
66815
140949
134781
51874
13800
185772
47598
34304
101290
68285
138249
99285
166124
156503
6265
159062
178513
94468
79678
151474
153746
80516
134938
159922
404
189862
21835
104008
82608
2475
153230
8447
91579
12342
134367
115252
140862
9536
69836
16244
73536
159009
66380
129738
31445
189501
91178
155124
49867
104289
41213
3825
80484
81943
29586
150946
54579
198201
95180
193966
64891
157583
174033
153937
91633
91011
103244
13407
197996
181090
84582
100568
97021
101485
193922
151717
112954
106618
10582
54370
52855
162278
19546
164181
33177
193057
30937
104829
165501
156253
48610
66767
14293
137037
59599
59362
94415
168235
131588
138936
126631
117305
63419
3001
99414
121172
18842
37369
133961
13410
171972
135379
114689
72025
176999
39930
74779
59835
173868
158983
66675
129108
52865
97979
83413
161633
189858
127202
150392
32960
137085
195458
32446
145109
132681
16744
116633
195410
132308
130193
16181
122376
31793
61170
141413
135589
8949
96351
15316
122881
122424
144525
118094
75271
101386
73631
34858
40953
110526
170986
63394
49500
185149
111254
53387
68451
74357
96065
83997
1089
51112
24692
79446
152765
149419
56860
39883
131982
158621
50972
47158
101807
27897
111840
122572
39818
100293
86138
158539
18348
95318
18003
90543
193725
140611
141297
159586
37186
95781
24342
140999
81847
9360
82154
4561
130476
90010
169969
62697
100284
176290
181610
113385
76483
169733
164240
156432
40758
159243
20043
126527
62494
176617
152577
58213
164638
13833
105367
102664
142187
185915
141010
135481
52556
102075
113653
85393
146490
27558
140521
64854
140826
93238
120006
115805
60140
99616
178950
36833
91990
73381
192098
115738
107519
115210
90051
51935
113461
24609
147249
152620
180549
56158
59823
101629
185668
132969
149637
199798
183808
34970
168137
177462
154670
144458
156878
125880
27205
118687
5099
75552
100363
153835
158570
46500
148972
110124
196945
173609
125008
110257
27055
102753
104614
157618
121944
63675
47487
28873
198414
191423
21112
179918
138364
102975
64501
36238
86098
99289
151383
197844
98363
181024
16053
56114
192509
134803
66290
50662
149583
125217
147688
21391
164511
114627
41633
91872
53140
107450
146459
90026
87025
82927
167494
139989
53128
32917
183792
9458
8325
185633
69342
141742
14746
165335
187779
33299
113053
129999
29522
162633
199369
187527
129476
169066
29187
52679
196408
162289
163667
34410
31723
136951
46119
186686
24456
32899
130920
148491
62328
184506
67684
61521
46627
168692
154952
16223
140577
53199
197973
90339
27596
121373
196601
89866
52007
189748
183183
39656
145320
93523
64050
162324
183003
114702
76192
2953
103285
25741
38574
6386
48967
46540
135058
138272
92101
115595
14499
106854
16868
187533
7821
51127
65639
74937
43781
24532
111956
180613
139257
12917
79289
87915
157654
154196
102001
49594
127493
1227
18819
6003
147899
95351
73117
105968
55642
114155
159719
2424
60488
83451
147558
102297
184744
152062
161969
125065
42088
149579
35087
17739
164629
31029
180775
143628
115993
193590
179440
31447
182502
161263
72131
184220
45199
137127
53849
96795
146036
107410
145097
86528
35025
181064
113388
193361
139173
26837
27863
147697
70032
49969
101454
92398
120560
98865
82571
19459
82174
52962
14602
141748
124326
129091
48717
11887
137798
70889
21444
176097
164129
164424
154057
137833
182538
124580
141308
193437
111565
114581
66303
162601
10918
9673
69804
75759
90333
167294
149301
5394
120005
56778
141030
39047
26585
52581
134473
198605
197896
38888
49963
135790
28842
158487
102980
138399
90017
131021
198660
29018
81802
178609
124783
93180
73791
22861
91488
198275
76296
148702
98324
188966
159709
124349
106235
144950
94288
26717
151293
9011
16135
154951
65059
84338
74341
34961
16512
130184
152334
178271
81276
194970
69647
11045
37326
59527
185407
121631
65935
3474
163817
170013
168809
7488
157701
90578
167548
139037
62883
105737
57750
136630
143976
43034
32609
169386
29326
179360
133294
11798
121435
160913
193443
182869
189831
161864
78979
176414
45172
191386
14768
59118
122951
44372
131332
28885
39780
72976
49680
187889
197979
96116
54821
146600
33254
10592
192614
146850
7790
105683
11611
168274
45989
13291
2777
171983
45191
126354
84138
111612
43465
88369
108694
178052
1546
105698
187603
17206
192700
30099
30943
171201
65418
18229
126054
168549
176796
77519
106850
27165
93525
164041
110456
164227
188044
58651
78424
60003
92540
37045
197484
58999
139568
34065
165688
28509
510
52139
75267
194126
33934
122776
130908
17307
145185
175194
150788
49993
117889
7354
25382
33932
71560
161050
33164
73898
180307
126669
158209
160324
54015
101658
16395
173152
168045
66931
156216
121144
140540
83301
122074
95427
103652
48912
167412
82641
115324
86926
26462
73965
124230
163645
11206
199764
28732
3544
41768
40798
174757
125724
45950
148624
128195
126970
142560
141769
108870
81011
184373
9951
23501
773
4017
78891
8686
1190
127405
138811
197761
143041
1167
146452
127197
90931
157585
167530
86670
188755
106022
23103
54548
162972
198970
107961
59887
157521
163494
26366
75513
60388
196503
186713
99749
185231
196572
183350
189856
114551
130922
21182
94376
17811
181389
3785
41393
161773
140673
108309
73767
169361
66107
1557
39150
103074
162936
31566
88580
77688
105023
96854
124511
124616
58428
162289
43787
128377
89352
113439
89552
52251
157806
14487
187623
12577
58976
21222
182078
111783
36234
26577
64582
172278
162060
175516
73965
162075
81596
117452
91684
60364
71789
85366
140685
144310
180875
54070
99978
144162
144650
102117
145618
152095
187998
137609
147545
154109
44057
45139
147193
17449
3026
187342
147601
188683
70894
84161
98741
191410
122486
98961
111131
156370
65877
95023
47843
53119
74123
124336
197700
32123
156071
36410
3070
49132
84703
86943
57548
69676
157377
60888
26214
153041
145875
62774
42768
45141
48831
134808
195560
186946
164971
22873
48873
41034
99751
134097
188324
167076
158273
28813
25276
107580
177257
99679
163323
96897
25317
177587
9161
178478
5359
47761
141173
2014
161751
33350
135670
133340
77447
84093
28304
88769
121108
41844
51332
3371
143108
157718
144305
64181
135901
100212
130298
134213
72720
14942
114389
120602
93839
89686
173442
72904
63138
17111
127691
178370
72794
150598
103925
139203
74678
164274
186622
68484
143706
193310
49476
79438
182214
107978
182254
30633
99918
128167
105371
68402
185806
38734
132637
181254
77660
44904
170056
1369
134540
172764
169351
99422
82169
164239
143185
181971
53853
58500
92981
107168
51278
196998
109154
193519
32815
100111
93226
67942
6989
140509
113111
8703
35751
11364
163549
59596
151701
110638
155481
113768
41613
63074
35496
60890
109408
188182
28344
30722
68781
7646
50763
94079
143849
30255
34448
135585
131320
147789
111605
94184
138358
172958
125734
146637
63615
93749
79905
167507
24465
128650
166466
156639
190984
65434
179166
141834
101200
126417
17557
71723
198277
94829
147151
186914
109404
15329
116776
110483
57700
29190
130805
164658
125054
159066
89051
140434
168160
143805
77846
108616
68096
129409
117597
177290
118557
197296
128929
192914
102716
167565
98184
152608
31052
131624
14170
188779
35363
169973
125461
26673
60431
54338
45157
118573
18954
89243
93444
178144
169713
28893
73615
100931
21480
21619
108276
144089
178093
68089
98173
147501
57615
90202
73988
100717
31708
8010
47621
48752
147750
89860
118537
184920
72119
111639
130887
148022
172323
71554
78226
121370
107124
172715
180029
152512
5571
51040
7658
176556
151713
108774
130777
184112
59129
145352
124041
77928
153024
37124
39050
56029
24191
101400
150816
79420
191346
175357
174198
164212
19314
26706
182339
89941
145133
95678
195572
167820
198722
101741
177094
87860
32980
175220
193059
141766
91878
4342
85576
124662
1125
34823
181252
124112
111043
105431
60016
29362
187397
102189
177323
155768
73327
129223
167412
8447
198609
168417
64042
20979
157837
79069
14855
82025
140490
21039
121976
142239
65166
119336
144184
99919
132334
129011
26149
39592
134948
147005
107246
48075
83221
184161
152512
77253
74456
90808
159200
40258
182544
191604
47330
98957
23354
132149
82763
183157
15131
149534
68773
195091
129608
35663
16690
79947
138010
27835
147306
183183
95546
97604
45868
80652
163236
58322
22089
44487
90987
135050
149553
197972
20805
79716
155510
158627
69191
153787
89454
9421
71884
150190
86684
90577
133386
77756
186375
75452
17010
97718
156562
108179
145688
45804
189189
23722
77921
9031
113058
71860
102484
82570
3011
91518
68800
12488
159896
80279
168215
43645
120892
57251
35289
168878
63443
104197
141718
89934
89296
41011
139397
5556
15453
122673
162216
181372
164086
65523
8648
19661
152456
46041
116925
189857
153297
160677
12677
13315
62253
35804
122647
29916
153651
151983
192609
115000
36152
119
53143
6770
27886
41502
54363
171436
35675
170106
39671
134119
137786
83598
120319
29830
123004
128946
149134
52164
62438
127345
69805
4494
106052
82419
94879
35965
117982
61319
179406
2391
75520
158020
190344
24274
126914
89287
168935
56060
17029
6039
34718
85422
17203
30527
136141
98658
188881
90134
56106
191156
146746
73184
126556
161721
138460
16634
171753
59752
134539
191499
76231
11042
168536
118683
63404
16359
162341
1768
98114
127394
33797
197447
118729
18884
117683
95428
127306
102519
172712
148446
93262
82011
75075
25609
100875
193914
128190
98732
54769
35282
128898
182244
74564
27909
158369
92692
152933
128598
53453
136450
182118
64008
147309
139799
4520
20045
73390
67706
188110
44683
172709
24668
153256
142037
174809
168658
27974
189955
14885
100771
108573
38379
145260
109319
54683
174102
50747
102589
32287
13789
155092
106399
5325
19800
49688
53279
176834
115420
127957
32393
122141
182099
82373
7206
124669
71634
66281
2900
110169
84981
79175
153398
5065
88438
103930
165558
25696
114133
4528
47751
59592
195473
121281
173629
132152
199738
159831
122957
153986
106172
159329
93043
142666
116283
177807
19721
103243
117335
176694
69665
133118
21058
151144
93309
101953
72487
149721
144716
183233
191484
71837
100382
53148
175884
193392
121351
138080
163986
111382
156320
79536
54727
179693
1348
153065
73315
39026
98179
167568
111700
57018
6272
26782
161122
130607
194369
124444
192970
191429
72118
25631
37658
63434
44484
8046
120834
64947
68199
81054
1654
167130
133880
175606
198993
109223
191518
120211
54032
60465
170085
47046
82917
34988
84687
85641
197267
146114
29336
182521
197207
157262
67075
14922
144957
121488
111500
132271
100647
98694
190951
103297
183861
113967
142567
162449
110401
165572
108970
62331
27538
112920
27449
193083
20542
102515
104949
114161
182098
22351
151974
60039
70897
83718
63672
73596
166304
24683
127924
89294
6448
42871
1958
56188
102632
533
42319
159128
57963
112093
90925
11594
54598
45033
59942
76485
136530
6573
104772
165580
48824
138992
100639
88222
33640
166694
112937
198566
134927
195641
129838
169246
39540
25704
26633
97488
134237
123576
99634
155611
63786
66905
63581
39794
132680
25637
14400
38397
39107
103208
130311
31659
34861
160125
43343
36465
61130
84008
183488
8331
78483
45523
11574
76489
34069
68344
124167
10672
67763
45547
186730
86445
48662
50522
81474
57217
170038
190390
197996
199138
12463
61429
159623
105728
188717
171722
195498
137144
198829
36450
8926
117883
59524
96784
32502
18068
66980
69061
54569
96220
96148
91193
62006
148664
107416
125650
12742
196128
176064
60564
198172
168073
58824
199853
125532
189202
27934
142333
185971
55867
84436
159556
126925
174749
95537
153101
23624
162577
66891
133433
42400
121551
157330
195670
158591
164895
144383
55014
184462
198651
144649
184629
50492
21842
40083
127424
23410
68821
143811
143559
11697
168874
137351
186354
171442
63948
27548
171089
35438
166185
161629
64512
86509
47330
18188
9268
89293
117308
76556
95213
39892
147136
167036
150786
144072
52742
167574
142096
110212
34313
117187
107600
41787
133892
93360
172188
54259
35180
154673
36163
47897
73369
141386
143501
145440
170371
145077
35918
94484
10209
75855
119859
99063
157467
101280
84051
47860
60980
16852
121836
129971
151441
122368
45670
119516
160064
158341
184433
133803
146833
155438
156833
76519
33560
80893
137307
190889
78722
187879
103536
7001
182414
95731
174477
125662
17028
27709
169975
118163
35700
58173
177146
33948
75194
126297
151413
128015
112245
88888
60353
126749
95700
82571
34823
97690
159569
22454
130188
22255
186755
167963
190672
62379
37835
147527
26516
55261
90254
114120
88667
50862
13525
176704
185637
13649
64543
157646
88032
41338
17182
59931
159962
33254
53026
71718
160542
187781
181151
191394
176714
185414
146371
155727
193987
148810
16944
1741
182914
109220
82165
3936
170206
121377
120516
109725
186115
99966
184846
166542
80108
58752
19857
194503
26314
171871
23794
62998
156134
168576
170922
108864
128653
6120
163900
189972
124338
85508
32080
67204
175783
135479
68715
193355
180454
81508
171682
108286
144379
36349
171152
13120
1706
164946
198040
161346
185464
35537
5803
3687
124534
77409
90206
62030
192729
11236
142905
17416
22095
39562
168764
112054
139816
73418
250
181082
49301
141053
51503
63695
62011
122236
6732
38557
119998
32223
151632
82869
33965
162855
76472
143848
170584
187486
159964
19092
67164
99400
55241
116248
104021
123010
71940
30963
144197
35337
143471
79872
1242
95198
133468
117462
156005
25151
84691
64386
139817
184090
72667
114499
14824
54282
160158
117174
48038
81283
48338
81805
91064
184540
92429
20854
34182
123354
28803
5199
9973
77888
74532
138813
69026
74785
196046
34147
139172
153066
45935
107540
124252
41955
25000
32201
149310
78502
50848
69737
45702
18169
175263
147847
89181
109682
60445
36814
124514
33474
138030
178963
167763
16636
114668
100197
85895
141846
141351
130983
145641
196931
197867
71079
48425
77097
176237
146621
121766
28330
96732
92627
128157
25776
139138
70931
17432
53384
71014
167499
79901
177933
195925
169069
47241
10549
60341
8066
181772
118717
28393
6183
59992
20244
46520
18367
198804
151043
123432
78896
129565
146765
45525
163783
73596
52881
138363
19585
20038
152446
109576
71603
124552
124999
129529
5440
59285
89458
113035
137260
162208
146915
125735
48155
125555
168955
161007
5026
41203
107642
56471
154433
52380
12794
134368
63818
13265
139319
69764
149930
101272
75517
95141
105046
22302
5253
189791
122738
44801
139210
83457
192681
135183
102238
25900
98022
55439
22638
26680
138363
118214
44129
123927
32164
171973
93096
142246
125224
86809
196775
24487
159411
77003
174743
23008
82661
181713
53823
84722
135616
40335
105064
92704
175843
31291
54796
80769
47973
83992
112264
167394
104767
166049
169847
162078
140141
60022
83387
116368
161926
192319
136014
105245
108330
79500
133703
144553
70598
174573
58404
110317
196590
35066
169466
126085
61014
172201
42741
82992
156994
63938
107247
54163
153088
46370
144189
90269
179770
139151
74358
128966
49812
36833
50720
105986
136921
11702
159599
140131
173021
1095
186062
106091
124274
173788
54306
109009
109241
189752
15490
140984
102626
4264
100184
26786
81248
121052
108855
60802
100344
38808
45800
34710
38740
75933
181513
75976
73380
110710
147144
75892
170432
4708
113175
43366
44417
141355
37543
139346
107098
133642
193213
173607
114141
151426
43280
34299
79950
134055
156539
32434
52572
80454
47926
169995
190840
33807
58732
39840
28176
44584
146136
58146
96926
29186
145475
138157
185584
98499
196202
9649
155438
142976
48311
125884
116102
16197
123602
35983
172071
129044
5714
30674
67130
65578
165900
138179
42782
125526
190820
78600
108544
177750
136553
61554
181243
109702
101751
190408
140361
199983
113834
22379
165846
102615
16985
163599
22091
113809
152994
95343
142582
136186
16169
73162
84330
165628
39142
144768
134796
121682
53309
131582
130584
32637
63940
164704
13231
155567
163577
4196
125527
15060
46424
88648
158549
120018
701
38653
63143
122279
138249
75777
20391
185579
66635
156700
11240
85976
49572
136045
196891
134296
149568
97359
195601
155621
121585
11269
83567
72556
181510
165240
93663
197776
120849
82873
80775
125473
116620
22465
29912
177392
60404
155885
59129
58869
199910
185033
27656
46784
19262
4363
105833
29736
138185
145921
12892
80500
177072
175568
41812
33775
195903
157929
45549
91503
160997
195945
98825
43534
83826
16250
134811
132474
54472
109034
3648
152214
189345
116182
96379
155638
174759
184908
65371
185573
180941
55408
93843
20691
11963
125364
60013
52087
193330
147640
127291
95771
170473
181633
25896
163648
177791
24135
106787
2691
122046
72106
46559
189401
63619
91550
27383
137429
42050
75071
191280
181373
157837
76042
125886
77840
169357
49951
78924
127902
141350
69842
177206
14928
171839
142120
38078
18004
127748
98057
106650
79162
178569
182133
42162
190947
115302
40926
199261
57289
154152
50732
88570
93144
163836
61557
30099
145151
195223
63292
55537
195814
154006
96845
88045
139340
126566
123174
121929
130967
74517
9832
170001
39248
114035
100696
8907
161673
1024
167410
142193
56140
84590
44009
71795
102584
3685
27141
78747
113672
29660
10969
199946
109871
143658
142976
197785
44297
150830
13737
100996
134680
184705
60506
196890
196148
264
3227
100752
140546
199808
35627
43964
162808
116297
164840
194693
51593
134535
67119
115803
149916
134140
67735
28024
121588
95099
99215
40768
61117
191310
97686
117440
152965
188842
154195
8027
50872
130943
55840
125426
148643
153823
30096
167672
143462
76474
99183
11687
99323
186768
170363
177371
140087
40564
93438
114795
113799
81050
129682
87868
194302
93162
25472
95682
141954
133506
72693
27114
56954
170529
40558
132379
14072
172936
25442
135267
173084
9873
2139
113742
6899
166398
60005
110429
94132
129062
28119
30828
148127
83466
52154
172145
187976
58380
109992
76461
89980
146812
63952
167833
152784
6115
132752
145367
117996
27500
114573
160975
150134
98489
63431
83402
191365
146541
196903
176443
11534
56089
167513
35566
147590
128741
183734
58318
98335
164988
48695
23438
57909
76268
167298
107296
144265
191240
109865
121196
92245
178412
126353
61497
142564
37867
104311
55284
197568
177455
90521
57003
183124
123649
58773
73439
179912
61433
77085
117620
181475
189452
55105
36500
56545
92261
73871
167550
45735
169828
57590
176186
36168
44673
168874
10003
92132
195507
169790
140482
190703
63456
85431
114089
58474
114649
67519
176489
37443
77350
69779
94633
95710
141636
127230
147025
116885
92585
181692
172181
182674
187975
102101
70384
7400
9527
179801
133288
10397
60285
72117
57339
156798
87494
68097
111681
46730
183378
111761
55319
14691
182308
36396
107846
9654
121131
155425
125188
73811
32085
43976
181844
189985
172839
78815
52829
181422
63379
66546
56452
131238
192554
156373
163839
76436
61679
147298
21599
135766
15065
18960
160330
125298
39824
90878
181393
68337
32206
149626
23518
128137
73353
80295
87486
131436
189576
8559
6953
148866
70067
141510
57491
72378
164682
110904
194461
92547
40819
95131
51359
21102
95415
5402
108183
1059
11325
127061
123474
184629
154617
49147
97528
109813
188805
114912
72533
46460
136124
176691
102303
60552
155661
155208
172640
180003
173551
108033
179629
37704
106515
158039
124611
85298
34390
18170
2838
124425
60173
60512
141584
20874
176000
38343
21897
59218
146433
44803
166158
52906
10802
57359
109560
65230
13768
4702
54368
197418
73949
51779
162253
120249
76613
125045
44712
52857
64440
69517
115082
137969
31148
16745
105383
29221
44038
143050
20479
145746
166531
170955
53372
133043
13579
41953
53518
133681
75007
110277
37835
115228
17918
31928
141087
25938
123598
21846
160348
122338
112225
190699
159339
151602
145197
85711
129115
10557
168145
53959
60630
99270
41117
80364
129854
107581
69863
106382
178903
82219
45336
136184
40536
75480
146631
164069
18370
118838
91783
67736
109331
140494
82807
158149
106337
156758
100150
74308
24364
167937
170674
39562
173233
177623
18916
78804
90982
28520
110098
177872
92030
196158
167300
51366
31389
98590
8479
162828
120145
192748
21814
137810
63159
131627
18185
38060
95205
148966
130898
179220
187783
105853
81997
191599
100981
123075
15187
47765
33309
42899
132198
89722
35385
138146
73767
54503
99304
197621
63477
169687
133217
35529
81830
184757
129377
38928
9794
72975
41438
80864
179879
30402
113280
160093
84913
9868
163875
26661
164871
44596
94205
31386
189099
145751
196369
115950
35229
82324
29623
45761
14134
143514
72837
51064
132894
158013
157392
94414
136054
81895
67393
57086
75710
58751
131191
189327
184934
56636
38852
48651
178249
61590
147410
120226
35063
192345
30415
123819
76827
125116
198225
134651
137919
143603
190010
151244
133766
42412
98263
186481
67995
72448
93351
39343
124869
21308
119308
187823
136572
17828
59052
115890
179927
63788
38557
133553
92363
126096
104505
181140
56839
15273
163330
83411
94923
78706
3978
22908
85058
198094
126897
18012
121141
53034
107857
102064
112951
65877
82400
171155
81654
181583
153686
79006
56782
115155
62252
187909
11476
113387
16267
75130
91652
148417
155225
134344
157549
33898
45148
190031
28475
106204
143927
57495
124079
198496
12325
80515
112080
11225
127587
54266
195995
113601
174588
138631
86953
95804
55385
43891
80362
22034
18266
118268
165804
150107
94031
40895
108848
183997
131602
105287
150736
185726
121994
69921
112621
185150
157580
187784
106076
2535
176192
43818
71386
49680
27990
118357
165660
123961
46523
60406
107545
134944
163402
191790
90581
98356
1300
5865
152988
80938
144608
191018
40514
32125
125798
54756
116194
147415
191053
193848
116633
158067
109408
156122
63919
135158
48784
73544
79147
145751
179533
151937
74374
22884
123
42124
77979
86295
194831
174818
41176
89430
68088
93657
56113
114702
107180
89368
190003
40478
26888
135403
334
34862
178892
166337
78108
164524
29185
68689
1952
74264
101914
175473
92730
7312
18934
86424
104538
190485
91673
54376
161193
111420
144040
55761
182259
100957
95975
110947
31975
7717
99958
181252
94526
117122
93844
94902
25037
103276
11220
198733
34784
163537
83261
95062
135034
68955
168678
102790
158070
133756
119993
196564
81800
57431
195086
48926
131894
10841
16527
72350
34277
99445
135284
52238
8801
53556
187898
134635
106456
187911
159082
3738
193282
138051
6707
4360
192461
24380
122021
80848
43772
153271
36305
85590
193254
117639
74837
112206
160803
161906
158907
133386
36794
45816
180616
42613
32954
110259
199419
175715
35484
188998
195529
87549
152603
157967
20465
186226
100741
112061
97072
68918
163560
36417
98285
58287
196262
89822
18252
151827
39709
28227
82376
75390
96131
16137
153136
113742
6578
110344
157427
98882
159625
34016
87350
118145
83232
197937
164819
158234
25767
127168
153177
93440
48366
138846
2550
116097
160053
145063
45325
25035
73862
15761
126994
103130
76369
95013
54546
49433
88420
140740
146308
76001
155288
55065
142752
11076
153299
176340
166196
22320
172357
63888
59681
66923
28998
152120
162788
165239
167759
189222
15326
133558
62581
115471
169790
82824
109658
151159
90238
96268
120907
10870
141813
123649
18262
172451
66107
144255
80050
118528
28333
101881
64622
42208
126767
159525
108491
34335
107887
93412
146223
96207
179591
16187
105752
108813
92898
15613
148803
82875
31311
138152
137804
191314
32224
66564
49418
79038
67302
80905
52785
44814
37679
155965
154583
69660
61216
159054
136070
196572
85625
142370
21666
79296
3588
22537
120452
29075
124091
132672
173819
128697
19513
109244
113180
118124
142619
84210
42927
78980
52743
164253
1744
43634
187180
198543
66187
158477
13276
162599
163606
177124
76472
186153
71334
95302
100748
10081
18111
35427
148423
62869
192047
3713
141999
151547
105932
15508
103687
152754
59020
5156
55297
32899
166484
96835
34632
77440
147781
85695
146873
51678
31270
88888
52626
25248
134596
105524
34039
111458
23015
24938
56535
144774
28814
41571
66763
33806
176414
100884
43129
35376
39505
19805
134725
96226
26253
26803
28489
160485
128412
155139
159236
109018
76716
29349
64809
34616
141515
8528
39146
146739
5379
20415
97650
88228
90555
128024
16839
141896
111065
8104
116934
102860
94602
182797
136129
198634
81313
167364
172338
159751
186384
74340
184447
177938
28031
155925
63241
199912
154700
94102
76543
89002
59378
132308
6961
66675
39070
150923
25203
179360
83000
851
177056
149051
75986
48788
120103
189894
150520
73646
169729
119482
191907
188624
157575
114136
84433
138820
160633
168869
192846
107406
134609
78463
78296
156888
16281
123357
168955
151589
145609
57327
52059
99570
53499
168734
52915
65634
174581
99225
165476
122838
104550
10914
1717
146305
98132
152454
46005
19977
175633
145085
124850
8423
9425
197910
187292
97574
60922
9281
170130
88465
60203
112409
149164
118488
164000
164733
5019
118108
178303
74282
67956
60458
158696
79793
176630
19687
158488
181862
88134
150032
41440
197959
185920
171997
16206
90151
141138
65195
81761
65904
155841
178627
56750
4388
79522
191987
165225
197448
41229
56382
196588
45665
6545
47344
133742
52019
161808
180024
74378
49387
31427
127762
169881
59443
83582
194706
123752
60560
100227
77666
190411
59335
11722
109614
116188
80181
10035
142321
60840
27564
162897
24906
21387
141635
85301
146097
20615
172550
46805
67159
79568
160281
148484
77086
196034
115190
147862
197796
39386
51236
185245
110851
91014
176841
57394
1500
5094
173136
115525
33849
169548
155444
143154
67926
51357
161329
157973
183532
163575
103308
52652
77739
117990
196153
90598
49928
81026
87313
13226
138520
18824
107248
32685
36020
120118
50464
171196
67579
198426
189589
99633
15298
191473
7754
151788
151146
167953
176932
170130
31697
54136
62310
140734
196172
46064
64508
103637
6885
131711
199387
146147
28518
154136
113161
96952
126729
48938
155975
59717
194989
54366
88440
198211
131261
68304
56874
25020
51043
142410
65666
20631
80093
97031
14828
4479
150083
112622
119215
97150
183715
114398
118277
80155
172722
1532
101052
62070
41894
72275
10441
43453
72155
27052
59302
57402
159015
99262
4416
25623
39440
165422
15347
142941
104623
71062
12677
66639
139362
26655
140345
64226
105572
69506
140619
131024
82816
146984
190406
129089
99247
120600
147965
25
81690
143287
9187
5463
179486
6511
113490
145616
66933
83512
160679
159930
55871
177644
78094
95916
183860
13000
103963
103878
38908
44577
11442
39294
25156
76567
34474
76604
32943
35852
145875
18988
132509
43408
198840
184686
70020
60871
69533
72111
176827
82706
90804
192604
186897
185065
123519
16804
177304
45905
199605
143072
194773
58672
922
112224
167640
59204
81452
40173
199874
138909
166921
116895
141806
18470
77160
86612
168525
160216
47300
89608
37495
103811
144281
144617
51101
81768
124438
17781
165819
110676
97145
18785
48590
92725
61956
136783
65619
149850
89928
79355
195263
72279
30078
63939
177739
83724
174961
117897
7410
17574
134043
116040
79433
44224
161332
78386
79199
176519
50885
188888
4348
136272
188055
118167
87752
179835
40609
121839
152643
178653
171767
151011
176956
149674
141729
37383
53304
80948
58395
124664
100192
180011
6166
144976
196821
116754
171292
43134
180406
187672
94600
43557
187398
82268
53505
176317
127881
136290
155288
91264
173719
161182
73159
173841
17404
104046
9988
62953
120787
25757
167287
112383
31322
142133
119448
174911
190181
177407
10471
36871
90992
26835
167381
195770
94525
154284
76500
29160
171850
159400
114769
185634
52959
171132
105126
97295
26299
163922
87122
136066
38061
124160
142210
174173
58408
184843
11457
61719
179405
62233
189990
146893
110805
93360
189428
150359
30746
63734
66690
69823
49939
102042
96465
129873
64732
126988
49024
118010
143677
91585
185639
172514
197987
16723
39674
109648
143650
121001
108683
191878
88513
61371
79540
198281
6295
52701
75289
95762
127881
10709
20122
55423
126009
85614
22078
98050
106227
122460
125636
8996
47643
8101
41529
91014
105104
7088
162394
27622
16915
17962
172255
101457
153986
44876
142297
177274
173864
59201
119581
96345
109482
134854
111250
174933
10868
5219
7690
114347
77754
7427
87064
25523
153272
53660
178787
42411
49478
179106
167447
155437
170864
178536
87390
30757
31126
12406
145165
183874
51159
19681
95542
162620
135140
194069
94514
16486
10798
154188
42235
87592
43821
43891
157052
156297
60344
113845
188052
48785
105677
197330
38924
127780
31989
34019
145438
9617
105257
155602
187940
117624
67967
37180
36642
47226
84022
86565
93239
91906
42661
57813
104426
6931
133221
23785
98292
183979
8327
102408
74698
55478
137630
165820
85837
180495
61425
65092
186918
170497
142715
198508
177439
35582
4246
100192
38560
18908
100558
186512
164204
44681
132886
8432
72109
59404
106844
162305
121096
43651
155816
59859
47477
151847
1582
41974
159594
165420
107411
165991
166282
177792
64486
131842
10717
101042
100586
20740
6209
151102
24393
129154
115553
159107
174447
182781
18149
59706
8684
2880
70742
152113
116252
56232
66684
179345
174668
148569
92889
131402
44530
197751
17902
115845
171780
1754
48222
4451
90647
57632
3715
144906
62611
134838
11081
75997
40825
177444
149980
71042
33265
51730
99859
128176
21750
139597
68395
90717
82381
194363
31794
121570
13181
90108
99494
187927
15678
131438
28276
89033
68170
175321
81862
64038
67310
117316
83525
150790
10038
61972
78707
12285
187957
15941
95110
43990
76317
157814
24745
8598
161149
173418
127886
193987
1376
12872
180786
57368
126420
110404
15880
104264
30939
116692
98321
94647
95350
162989
52329
79306
48728
60129
106645
117633
83202
6479
60342
94255
96293
162461
170368
70333
148791
111768
158612
190528
24292
115529
180194
8594
142534
77168
157405
48513
136434
164245
101701
106366
28527
170863
32706
93056
58332
108299
99157
150088
1114
180877
93092
170140
199190
15894
31645
99185
42064
147340
126987
197972
163118
77813
92719
151676
3854
74370
123295
137200
117803
41124
116785
197636
166297
183121
4495
189748
154136
37502
3795
193584
108660
86615
61218
139303
141379
195347
70796
85240
158163
51472
118090
142292
5789
159593
199463
46258
175421
184197
129905
157162
124745
94174
163312
114262
119927
186935
404
36083
154719
41025
186298
113187
61486
184050
98193
192378
122239
5970
63243
137043
51447
4675
171758
134902
55838
115304
166405
117633
63564
88036
80691
135982
55658
162654
72025
115019
122940
77192
57311
54159
63385
181523
136583
138131
112515
100565
6392
106622
164493
91240
58901
66747
96526
80818
168259
66270
172634
156779
9977
181538
67806
24066
121392
176327
124061
100767
8335
114529
116260
46633
114241
27366
85926
152022
93927
3513
36232
198590
52125
68023
123300
126494
91788
55170
62051
137582
106615
16524
105664
121710
91379
28419
152827
35735
179658
37193
11065
92424
58716
145846
164516
65364
19622
160093
128847
192021
186214
23802
100612
128474
109730
183039
151555
3401
113990
185044
84019
149052
79619
186069
31985
90394
114584
151059
159473
125776
213
41758
54394
166452
46011
141156
132844
19936
107758
63600
6348
113479
116328
184385
146631
122345
189823
11163
73819
59973
39996
31252
175430
60277
81060
74075
43191
30244
18359
45845
103486
148269
170030
197239
19131
16285
186035
72126
153968
180964
177236
67573
194460
151922
29128
13159
166271
30601
5374
39478
67691
59427
57594
73405
71817
125534
6767
175880
19128
191045
41150
21209
37593
81396
129535
22207
167468
75407
12072
42395
151468
122322
133549
138030
117193
