247640
52237
212262
683154
261376
411548
147466
592572
546885
79107
360134
27117
531286
331470
690492
491923
297422
47329
140580
194366
298870
596090
597793
193113
529540
283488
393833
378597
339489
83417
39123
328411
166538
645523
48398
530111
685906
415624
683210
446082
612605
46708
242521
636391
602193
165351
269684
202225
172451
377673
388925
222455
202361
669672
137755
6646
384813
343052
636777
234952
369843
252253
308901
16254
40618
347115
449614
192326
306700
266425
87281
590230
188730
148534
633724
15269
46442
24930
569777
485291
121901
185744
350040
230149
544043
325631
631306
706727
352266
190780
30780
634935
710522
8800
497196
639867
530485
350267
244806
278283
269669
619389
668236
617472
714463
111271
191749
392147
40747
579267
457255
460157
229915
244389
551552
50111
675237
673994
258105
203204
384950
201489
258348
496781
157909
204067
16862
246158
50220
656789
552220
532616
688041
407824
696415
16419
34972
263376
40060
57886
249626
47777
592093
508955
228980
409231
303822
568703
154541
602337
11604
443549
531210
224172
543603
232433
260047
578797
220709
324137
110809
519261
457437
460984
480311
298988
160134
23590
157216
678430
245009
75372
203537
51035
301270
112457
453638
405961
116787
462115
408498
68744
663479
274297
712382
551729
552017
132219
424463
37910
217348
370209
605057
187170
351467
308891
225739
168870
441990
553354
394480
101307
70251
17187
690831
130443
39468
348232
611631
567640
266477
291554
584825
593702
302923
182352
517279
327266
417553
588114
592181
100759
377863
555218
114107
104407
442629
538367
63696
123594
349412
124826
209187
171446
461089
689607
49258
657626
567980
464417
26841
643620
688473
219925
507963
488210
100807
341174
208258
502598
535546
297889
196301
354061
393095
474835
101043
311110
192278
686404
249169
639142
46849
441377
176357
516255
505720
184775
239271
108546
354901
291575
400612
587678
480332
668064
367542
80499
343738
341406
214711
159740
392678
130165
331764
199231
193225
626681
550708
422522
106998
330103
535060
225859
614501
297319
67825
2399
482525
297399
519061
263130
88043
625100
102325
175009
334325
390146
48169
212273
56889
405694
197128
588547
480345
540045
539513
583183
250823
472340
190286
645463
631954
3484
447285
562286
711759
269262
549636
338243
397687
245515
188626
149756
443168
714663
205240
173528
147082
446215
369282
359219
643620
99851
711953
45863
560094
211350
448412
221303
505266
534662
481275
103626
125871
424008
486156
420621
678284
650686
639697
138717
90715
150007
717319
508311
330218
615252
651236
376290
673821
636906
224757
63732
445987
175966
77302
694502
460263
180046
40819
650826
439579
74291
276434
452850
398590
333974
265408
595823
489882
385459
346463
456703
327004
280788
274237
233178
518080
21450
626865
40574
685910
116076
258952
234094
198097
352664
385340
45622
487772
712753
551748
269965
714294
297318
188750
160319
411191
429979
557957
146703
373053
55221
459691
460869
505103
537169
485891
10993
178831
156993
172715
386044
58097
101918
578636
61076
386116
507813
485970
451468
28129
330763
638736
657037
406334
150080
78468
680191
372749
102714
521541
527500
679730
447435
58897
44317
695401
591879
409682
562013
440102
586051
340662
364476
370499
562215
251685
349129
146661
46520
511998
242369
240539
611901
213511
225057
441682
323882
638789
339249
531227
671089
141239
471882
491982
466395
474513
443385
327957
568504
20751
712245
66255
237008
509829
314659
224806
76295
284687
628897
441266
205943
581265
183079
388808
620742
468761
257579
309585
423396
555172
568544
468826
681044
394299
404246
164277
72002
504488
148769
705873
191073
442764
406777
632125
447238
637299
5413
488648
204711
533592
43022
191933
163319
329201
23908
480382
72688
103233
453449
222303
296562
225302
85956
340883
293225
674418
274118
268628
75066
490021
593833
33323
289966
250009
242169
317076
225816
277791
80822
64915
676296
259509
278204
29563
684292
255199
319849
357343
257745
411300
620553
10932
615456
633690
584176
75334
213874
339612
257137
611231
137153
120205
342547
182929
56280
663236
448912
70517
70031
129020
487954
680290
420298
493262
575189
297409
299320
356182
522804
171132
214
122617
84546
172074
476751
322999
455932
316762
327581
582307
165590
438139
27142
186842
54815
73506
74018
14345
314570
187787
75704
391703
367579
654304
659975
607531
206563
74134
249435
687009
540014
191295
357900
216480
419314
627019
231212
450488
81471
82368
556080
410607
576135
88946
581765
655639
717496
7241
517279
9950
619566
331902
593469
54908
122656
181718
1747
255714
254060
513926
451920
163382
712085
173662
99178
708646
667564
630839
230455
244094
305985
397856
230001
652392
519433
74405
284517
355239
257394
262880
372305
330927
503683
306201
373288
488157
30257
519598
614078
10277
423287
203117
26701
709246
391330
156973
419512
638532
221110
294461
596298
349503
8671
137472
302636
160128
28072
43427
714203
485620
293546
493435
22507
21741
569902
37201
529244
452002
72111
30287
578067
227564
270444
142581
619565
122123
301041
464417
34152
535257
413587
504966
698674
42337
13013
594958
26355
378048
464235
409426
242207
602481
385262
543062
647159
481277
407024
664858
131446
555322
265580
308459
406381
198583
564582
109576
331904
8423
546233
323785
570255
716569
63960
392674
648478
103898
713095
202728
211964
472297
222009
250070
649415
710782
136343
324283
280983
32722
575922
235551
699072
593264
153143
487406
139887
655530
53516
381389
253520
408294
576809
77198
569128
46090
566984
327920
20372
315092
372453
43235
518863
533116
436603
591380
570161
146926
430898
112845
466347
190624
580574
55647
522963
454989
21631
443217
333834
170059
489832
204968
384072
350526
127501
366527
683120
271764
615038
651278
184273
64628
447952
464236
118338
291567
430333
581949
489302
81449
548067
677291
608953
331745
674200
299745
45007
64401
355180
342528
59948
657495
437815
355558
200777
570336
558386
487865
599562
671738
575197
202869
666849
618960
367886
594765
294
19434
37060
345357
479270
506719
243861
381916
185632
450979
131762
149544
689246
6304
347382
407220
587395
254755
180849
497963
446992
242522
60832
52603
295927
269535
485936
681835
99715
449771
97916
45965
21360
146314
592029
383596
389801
2886
244786
511681
311864
398801
429726
124816
464748
382267
577187
672979
496091
206881
22410
225557
103462
138537
276142
576879
514295
194619
352580
348899
714891
477746
259791
182642
610046
240407
441177
238843
577688
577300
191235
75779
655972
530186
111900
314193
25357
640067
59938
533447
430531
23197
142899
364023
537247
246277
270099
663
414575
286559
210349
155824
263981
615487
425530
37265
585754
175605
501613
191590
158344
88665
171899
298171
159969
388206
692425
267375
601309
390071
308248
295959
90499
63870
224222
437301
714617
299494
357594
112606
147675
62584
393051
504544
15427
246565
152214
586560
624066
552827
676352
432767
301430
25
279664
34368
540047
70388
572095
62334
560995
32516
398462
559644
330758
115116
597807
21534
500687
445527
608680
351961
52323
571384
575919
582721
236972
98572
158915
634394
163738
643897
1202
42534
503101
337599
495870
608262
690524
21422
678525
695657
126476
333181
695540
587313
241599
155213
669376
332952
421573
549590
715996
351039
277937
144540
566247
179423
389330
75682
516090
176925
272723
63794
35536
268774
43253
482261
377946
593519
592517
425978
392961
666162
12535
677016
468519
121593
612163
707435
475023
684900
499756
64704
105931
439300
10496
239910
317230
89282
545152
328662
157340
367841
484726
201284
385420
27555
707053
701408
218039
73822
166757
10395
365737
170323
328053
9108
310279
361963
409041
214705
37785
408635
369053
440123
398567
357906
289966
474838
44563
468877
18809
163197
661113
193854
558786
322823
499533
400200
459535
116919
175025
9925
505223
205900
109072
332742
245306
591469
320386
625507
584320
348574
716037
79425
414975
210254
525862
17771
273709
614232
304344
197768
424241
223621
584787
44226
358349
53015
138093
47753
230556
13172
164807
313198
13137
299423
545839
121276
241822
679706
664417
492096
164690
240372
75644
599322
535324
381875
107611
52070
369900
607263
100919
332303
140851
378604
705995
475294
679584
302355
328176
297650
113488
675088
47879
399812
87105
86570
33720
148027
645495
693086
329824
45631
612095
307876
137304
552468
159490
10242
300857
42311
371777
63971
303620
123308
620660
337510
587001
89494
713404
653172
621753
703622
17659
77116
222952
307636
393312
557654
621846
238522
54288
160822
360464
166760
241288
530896
406926
431551
319565
336865
506432
81298
10755
349555
266137
397131
696592
192023
369049
245263
338879
371879
145369
8535
547548
259115
268127
344009
650635
165264
369126
586973
230505
390327
513374
46045
705873
1622
477216
617751
347330
549265
265464
477261
103563
524318
129618
520091
41647
618314
353969
691071
52519
363847
220963
120500
262155
110333
584561
339489
98332
610233
433658
176430
375942
511869
139296
90052
118614
205072
322089
376014
691194
454028
360721
484471
46567
267036
431092
248790
514113
220363
103287
644111
364023
356577
584972
247943
320311
381916
450088
168140
96367
104471
445013
483247
307832
350785
286976
95235
64403
636518
183826
93134
195583
598247
279437
195589
157191
387188
219729
14197
96185
613583
109511
713247
635379
25495
406088
321648
312026
443504
33499
183435
588158
440389
651454
563460
334456
164963
650879
553482
50534
90159
616874
692482
425526
97523
29231
43230
128953
202556
44994
688186
99685
255177
131544
525267
133163
223480
26397
26104
564850
580656
193682
564031
31720
459236
75817
551795
232887
49833
256302
399178
94532
275646
197449
57231
287877
587282
6255
351976
219757
3000
55112
589457
686766
384976
73020
108404
496264
178881
329703
322131
387968
285937
520628
42048
451608
126510
287561
595516
581228
234096
404915
108635
546632
251528
156179
631338
700631
157577
210357
446788
444382
432398
606569
276928
637949
579266
42323
170327
258401
552687
125108
124210
304281
63994
470405
491296
96012
472574
606862
341328
330885
51858
406025
66904
185252
436148
356357
516976
343498
594659
29943
838
426646
476199
544759
698213
249965
201290
171852
306744
701017
438404
152031
673151
208873
221338
283139
384777
694774
330945
352549
517219
441984
89943
462981
58897
537650
30209
76622
312150
633599
483831
342293
547017
149608
458418
15425
181310
576642
180039
29187
135871
114978
178341
708372
132356
164757
391484
113584
147846
648419
380441
11442
467134
654788
238355
299746
265543
332022
405497
10728
268787
696496
235005
617257
460216
371847
15255
152704
681794
592698
281910
465834
401497
36983
376606
670419
353131
147732
662788
246260
389706
600210
255622
294762
365929
27314
687180
308036
594776
607264
591101
527758
248571
217757
553903
630287
78612
423074
333042
600446
156739
328218
270024
120941
675060
340757
550420
536257
375219
278958
342875
44383
594522
52070
2335
342964
7040
57728
104135
629348
169539
621930
663204
608405
366863
324644
112053
537739
178379
703218
502832
617752
252197
109639
329914
683058
307161
261671
47853
190588
66551
231898
265686
460433
357607
512085
301373
24374
204022
605629
61677
604180
254608
663798
503101
237365
538006
110863
331832
716448
76520
244380
401904
5127
77044
559562
141385
96062
28785
268633
665415
62479
33476
107252
137565
530739
573547
233657
472541
717523
519704
392563
346604
516837
217962
654996
216597
316169
42507
256967
258248
599028
569285
606546
234546
654520
405240
343017
641563
635501
524942
670829
6301
32358
457290
225535
383347
518431
223406
320408
65201
181717
118225
621938
469881
522501
395858
407046
310326
329729
598644
53438
455290
286217
218643
623006
6262
376647
650495
20884
237631
654889
482409
510054
140481
416196
45965
699659
687083
560585
372813
543004
491997
308153
198535
492685
364683
258732
572049
153334
656294
305062
216724
101288
232629
554751
414382
590584
419858
489616
87558
456878
647988
324504
182476
716621
50643
118647
653193
551563
401028
395176
282324
369910
693419
276162
273345
491805
654930
325193
565840
1992
497754
602241
393365
120024
21238
609519
600869
149209
247229
75680
610498
466768
488683
35487
625334
359646
675785
399440
7358
587245
415329
210416
52148
625996
231992
75632
520915
206170
692348
260768
510062
584144
41409
141289
220068
362697
399514
464205
582784
41338
217812
395591
364745
396064
608394
509743
700400
94161
144335
115796
577283
204624
433540
2079
517695
606586
78471
648059
513738
464191
13476
4010
651809
636354
287304
12492
18872
401849
87305
320750
89843
471341
297462
477977
47341
511777
87538
632689
38494
505001
580101
464144
708962
571907
85928
350765
28812
715437
300484
371182
195564
717367
510012
119176
390074
599542
315545
144384
151705
520298
474234
329274
650179
187007
517373
599564
71152
283973
448174
345981
464149
80965
232633
34576
290494
250270
634489
333704
407009
171120
411090
317969
609703
492833
203819
354311
571776
11306
72598
157700
649711
556404
430050
156013
618214
501416
453755
530791
384156
133455
271773
321701
629359
310316
565851
193119
81494
569054
159283
463083
150583
323885
485597
669282
87196
644931
353851
268818
33019
617140
406284
79950
587967
607196
549557
420251
283671
160080
319144
628226
491460
382207
492833
229136
227592
281693
278859
557210
138303
238778
87355
580985
685309
379040
463658
161649
525897
716143
66909
281028
687005
578668
666739
141117
94619
402817
323152
21490
143073
175069
316195
65197
453987
344038
490208
639
658479
33476
550697
483557
407128
548205
624837
160244
60592
687504
2050
355967
606563
494051
288126
346349
548410
48237
506144
307360
239385
357092
584981
172936
189395
383836
98712
259994
17059
464206
459743
209189
560190
606389
662369
559265
128979
234317
260723
707453
10706
98974
15389
458673
253634
115595
517152
464350
298297
526554
639120
54900
325431
680119
114636
30516
76529
614012
273761
78152
305653
715490
306134
39532
30579
539042
186182
642831
586268
710272
229078
561266
254126
429668
348904
700086
213733
265473
103209
693410
508374
564820
389839
217341
497604
20807
523222
481816
568077
174236
300291
561179
330065
68869
418891
712358
195436
644302
57259
290987
640224
586848
643092
133520
344980
149766
134488
160512
542772
44886
607527
504108
386465
683208
211767
144650
43483
90224
282093
628532
68628
70334
625754
8186
135650
689303
249773
171367
149553
216724
488088
136126
49058
233047
553354
185989
207900
483890
208645
226636
663960
234624
116111
500245
709122
371192
193136
23204
714805
117388
522778
204329
661941
26206
511018
530583
715874
693888
387378
482176
234912
387814
27377
494712
302727
117721
311729
81145
533208
231964
500612
161497
264782
577681
675120
570443
635920
520233
258193
6819
482929
302166
42633
282639
424994
13257
317404
637281
385948
298504
35080
42772
406602
182167
12687
276715
692097
520936
102605
297264
315504
398668
538794
585631
225044
704061
106115
494471
446137
128375
351362
701409
353199
488830
215353
43721
533433
590686
117365
421659
179879
116598
370217
294856
295143
554463
490802
553279
437997
292009
155754
575483
380697
213784
219555
299354
632196
465248
390376
410435
601881
41865
208755
263793
451375
455365
590293
257683
583249
48118
174535
368388
338537
181395
574223
212685
345528
276154
180463
457974
7827
446564
139400
103443
265717
209582
47853
113590
509261
253853
679268
271506
665277
677127
378062
263895
55851
414421
108952
163470
12041
384615
279253
299226
51106
652937
449036
413682
7465
644361
559812
293224
655875
370663
220065
105238
453122
289259
294784
7503
61184
611602
114016
622275
297382
296720
154055
459365
358109
369048
54586
24930
78596
414728
243806
419161
345455
550467
619348
101410
90365
441038
185725
102440
229402
222433
421223
578694
686269
146206
269404
593267
6190
712017
407294
161613
540212
580356
318105
210993
83357
379476
715128
168756
625208
491289
14346
583648
159778
580962
176114
139364
114601
293011
11292
522177
55819
600142
369244
141881
623296
12769
637496
418467
55431
17597
478854
153411
111399
239581
71917
397883
686041
689174
606108
473500
184492
685112
197172
187995
301764
111612
107544
361954
201257
367332
462909
26237
709932
543336
284526
252059
551705
648913
117306
28139
227556
130700
79013
509079
551014
104820
185603
418655
142387
345015
158688
444930
421280
151547
169952
469934
90236
403461
374569
714895
102047
470929
413721
567929
579904
694356
410714
328927
389445
536869
402020
569541
263510
503108
603269
400396
379449
559278
59898
591875
246337
691769
674226
71683
609703
520529
19745
670475
90817
27251
582561
450358
431342
334416
622072
426067
650202
323080
694463
144982
334163
407212
193367
247342
199953
489281
125114
667154
690815
292961
153204
391056
407467
609102
241247
670322
510645
485764
38340
416431
79215
267139
264416
23676
56114
645255
509086
287268
528549
134796
616426
641762
176333
178134
2430
251615
465398
148067
514656
146126
446084
501803
187683
317332
157323
546964
438898
84348
560848
451374
160350
209362
268004
595900
572911
100225
238761
356851
671272
375535
713620
695893
493737
465267
531324
506443
238269
92851
298557
563369
24490
434935
53019
6958
314139
4744
130854
144493
498403
624667
262384
430649
133583
67425
13082
395998
324397
80
221074
713390
553801
256950
147169
124859
552540
710050
340712
228817
472581
569451
7513
537324
23454
208377
170475
154835
27616
469430
499398
606846
153676
450860
150288
695400
274203
128017
519665
327267
447830
594643
46558
97291
25759
79173
561803
97321
237786
117529
2470
316676
466849
541089
311314
129141
685030
459823
305595
164940
692248
102288
209614
560305
266025
699080
593635
131941
13371
227030
430000
547837
213021
108142
333899
708993
293355
82426
280983
698130
201113
487453
200534
237757
169891
46170
156012
117692
152605
101897
622159
668500
635441
711444
19101
607719
211955
581121
81246
28249
329439
621810
38340
127264
217662
639207
130082
82398
582380
458835
672414
45631
490132
354470
184120
67460
122657
119242
447319
245073
115161
239068
364998
338287
528744
33177
387766
143157
69346
238234
256768
216373
355910
443687
413947
144063
530515
423197
461874
624147
381522
439322
52885
133123
636906
261944
557104
133578
491881
128859
526093
512338
584571
79174
311837
640198
563194
648549
273919
328953
663880
646783
65525
521013
333755
111199
322585
279157
461959
696905
249852
206989
468103
102501
643198
243286
595415
413184
321243
520718
415314
643994
73741
138538
681972
456208
273828
71321
382152
7898
691961
50581
106193
635954
371627
697474
503102
658682
300815
645854
577380
560526
57479
258031
568032
38273
482182
350378
18887
449625
68397
61607
229831
9795
315189
374619
173572
668309
324117
664198
139475
557504
40429
57114
146528
527569
544742
25998
124557
537902
256711
604781
332783
683852
322081
285948
213241
523951
633939
595807
608569
393604
116024
371555
156875
228647
18623
609071
416144
244528
545791
38641
685606
48143
7517
670033
688258
499153
12690
314102
269955
676824
514230
405772
71374
172920
407497
3404
404632
509019
669915
678734
569880
451671
221584
706330
353390
162989
528775
502715
434806
92396
360703
649837
337307
608430
460858
148340
180637
553538
116747
542031
136047
434958
465164
502347
310326
672797
435591
33173
547569
57102
127807
595217
479628
668925
432592
91454
448595
180645
271593
717111
614581
392074
381743
23553
582361
101621
305491
535162
590328
318069
574276
308459
639341
336233
628359
17682
306593
161718
135201
333721
384463
99953
371459
203732
4904
697374
501668
361278
239546
440880
675237
564174
59763
689866
320703
58999
120142
296488
369828
51648
32991
80401
8797
361630
393108
38515
204170
51389
512580
354534
580494
619736
51145
580173
430664
437646
708934
714353
19229
18761
409443
658870
231083
344656
285206
83121
600295
419648
205383
693897
352834
178891
246191
68936
706941
592537
13516
193319
199945
125209
490888
595113
111052
72882
496091
198782
29715
493659
109450
274333
3031
228193
609844
424089
335867
666766
69936
266114
697929
162861
600789
714981
419249
209639
713387
94913
200418
130670
68147
689849
117148
705151
707520
655045
541781
50734
423549
433832
448970
352403
4744
618187
557209
557042
686247
256449
32748
662875
561677
21724
242411
136619
660060
561451
99298
300203
45940
381445
478721
458424
8436
435187
142450
341863
21700
335864
706819
310490
306982
456847
650412
427509
391671
667609
660574
207813
351886
613627
20411
4161
421306
89063
419404
575054
567170
535850
180107
456715
487153
611899
527139
536022
443159
292877
672413
439094
422749
544755
628981
274483
616003
135722
227523
470475
461376
181854
200247
131304
69576
643086
337478
418759
258471
475591
620951
396229
571766
428767
237731
36166
318046
423837
123547
490711
293840
290305
21581
663199
600438
157191
622535
598024
61520
713278
633420
210411
274975
413518
129038
574572
394229
11722
12764
425938
523661
561472
414740
531282
142244
398349
625089
648943
200437
579447
48011
194650
160378
183851
596060
117808
233424
364104
15391
44915
391672
585538
424517
230961
448372
647029
237855
355174
354859
674607
414049
194821
478771
42727
193984
665227
224338
529203
471672
62573
98211
162385
152373
200539
151172
675364
697297
482527
462786
30499
565851
324895
98414
217535
684089
496845
411396
549807
383968
684121
226544
511011
577123
89695
30769
603702
493499
154551
662680
424040
274062
713154
495746
221333
406952
391771
603268
190040
144551
486541
343070
473674
577933
478367
546865
106026
11987
539159
532347
312564
310662
496553
216854
50638
470681
89754
274978
405820
679464
332434
466835
1646
639426
119448
86543
375909
140288
32247
316486
498218
88361
323952
467331
169454
298497
227245
35748
188276
439877
368900
628913
601740
414416
631915
69012
365614
179368
694392
345225
549646
628478
221206
92760
77644
577106
29631
73456
714279
107415
319219
464459
28032
292489
224401
451547
525905
681060
498417
451576
710370
471939
321779
29827
132420
331414
65331
139994
155526
80204
219800
258635
312327
169951
467331
188694
352511
108438
372904
40117
296383
521001
545607
387990
86652
277882
387984
400312
411130
297608
342360
476319
524886
378600
28380
308690
433290
626645
43125
606254
398682
248440
418209
156602
468997
631993
118731
282356
12943
685906
430
170665
262828
437659
333553
101388
304768
667085
496553
593854
408822
562730
703163
552978
126885
89984
606539
671673
92761
715020
477153
286034
145659
15805
710681
189143
571142
165951
456820
326132
210993
402453
312470
468371
248373
199524
593780
506694
547891
222259
593215
655
93639
530171
144249
229672
684878
29038
476042
517771
645651
275066
164882
199408
161739
76325
334353
487178
137190
714805
176385
119001
658870
15669
252321
538870
215207
395015
339219
408925
277068
676055
65374
684863
473046
699409
498051
37804
436542
320383
147435
106466
632551
633278
221755
165680
131770
30673
437919
398148
582384
463014
304311
38488
613437
260765
355769
248973
485189
333176
641267
443133
40587
197328
11567
109965
681264
118223
202281
77697
657909
226626
315004
25599
371097
160358
516405
328152
709735
511777
75321
287038
64217
232656
134847
275860
699034
585407
227854
42643
172409
306220
78248
219965
534175
485927
435075
637979
290852
100790
173531
64098
479241
6072
34453
465457
241612
186850
339492
464398
623003
644461
706824
183986
608628
22937
692959
567061
450838
435539
363387
389016
388750
207398
535641
288041
329019
527891
292859
528962
458275
74511
218367
486339
229077
453092
481488
687840
201139
248016
611382
598342
379493
691315
506933
467060
286698
709699
164673
676540
671979
352988
505531
386025
207097
512602
704360
625575
372971
626865
671052
251865
423731
89230
626080
82686
641385
649667
655619
84894
653758
260144
211519
477994
685910
19170
598942
631846
628015
444984
543064
586166
505271
421246
668332
595511
603874
285637
108445
162596
51809
322258
167774
469619
684110
331318
290999
291916
285153
412073
308238
34966
370341
533530
715503
252881
189820
279134
407287
234515
636900
639150
502205
416607
490475
283832
137867
424394
171876
158280
90613
10594
281902
497733
514823
37881
468012
369653
488281
31171
150080
31653
26389
218184
434088
417837
204855
678085
181880
112771
549118
77597
258458
155086
509478
386930
1502
621972
61447
399990
647225
486600
68567
241090
632758
477654
360603
37294
293190
346775
322601
4864
448956
386072
168615
242982
717947
650462
664720
62626
453500
389862
434057
214710
466534
67369
1208
641964
211757
372754
21448
635150
123784
41838
446805
528599
470265
18901
51631
296739
80439
690645
412699
206433
102193
296571
641620
92172
214987
127455
209993
631747
598594
672778
310430
666809
434446
481339
561544
264227
547962
682828
484447
18291
165756
123725
464189
394993
57290
432401
697789
599810
436657
69287
286426
336026
300041
73542
875
578281
509462
494410
304722
71965
459950
526373
583638
500324
567309
314205
694055
576524
681831
571114
13391
488410
632723
398593
402834
342273
58951
657840
166755
616514
664380
395775
59666
507340
21931
323003
531318
101196
537492
217297
527992
218040
19581
289865
258297
520023
12721
641905
250642
64392
30041
666626
467500
34052
193594
475158
13172
392370
76110
195498
396342
706942
403686
237366
621876
228325
377047
646287
702936
684066
320213
679582
36972
229648
190850
449999
244416
476943
207597
531075
444607
696894
699612
505298
310662
1174
330427
675680
205294
418866
404492
132549
398926
53539
16759
276636
54800
704548
591787
337429
717161
408652
156219
714957
32085
397766
66722
480602
387927
103771
425422
199289
196688
687124
441049
78699
135201
332884
211071
511767
183673
240071
544526
33435
47026
503424
470323
674939
706945
606812
98639
502250
216489
618466
86866
24022
371651
193088
39999
553480
30256
113283
640762
49125
367928
715936
545990
513210
317161
183386
26743
424626
148456
626248
80902
623177
59250
624133
18029
330616
221610
206236
269486
662686
507543
406102
305809
556496
620629
585159
326843
563746
625432
224841
224967
645778
234532
548170
123457
543454
201417
433376
883
593296
503792
398668
143481
290001
198120
513492
327990
556871
149942
384580
451154
46701
177004
445864
392569
478843
47916
231384
61601
453056
432823
425359
59992
688877
144984
685751
300613
711098
432023
697182
664601
327957
366998
374940
700241
228767
601108
90179
281892
149342
13338
113627
355432
285485
417468
696638
28235
420828
57190
420976
701117
1326
74769
5752
689656
55155
173562
268807
707745
514473
258401
91115
522226
594334
465978
103496
154789
289735
608678
438455
632990
161938
548961
330536
531944
231300
467234
39830
416370
14596
547531
221945
272961
66578
498195
370211
93409
640198
230835
623535
49255
491359
557228
477731
28870
117577
587436
98294
487323
707678
614934
678370
70411
318400
220042
677123
692052
52797
303881
15271
631116
569904
360134
89839
189305
407230
67427
534375
696808
10925
699109
278306
446827
554884
373477
74269
101161
73802
646005
95384
533108
516672
144937
548196
90335
74583
160116
489355
237415
155918
248256
298311
48874
716631
82460
157717
138844
630553
289089
608800
418908
636775
155374
406801
589145
279345
118577
681389
566674
646403
284717
104033
525810
414735
446359
94965
26511
212010
113900
306626
589034
59652
344901
248515
226985
152004
214445
343611
485914
306489
47397
67970
383199
593231
527695
63593
535077
317680
34720
31874
215322
695200
66965
634564
586860
11570
553157
649737
684051
521115
693083
60891
508707
98482
69406
200011
521546
145787
53462
517494
482262
173169
153654
582686
642275
710465
178063
109957
447608
53517
474926
700409
339961
313377
317163
257892
262830
199620
693585
408504
517733
436721
371057
349416
201423
567752
146239
601201
603248
79415
85997
8729
222580
627567
133232
362760
401483
2582
148172
262824
543904
49994
242060
235134
645542
222957
4644
697992
284633
475694
596702
23125
225930
190538
501960
147762
472257
249115
228687
23465
105544
615985
387726
607848
379738
717832
24935
236016
343957
129568
259828
425987
316800
4379
5066
68100
592765
441813
31841
389087
263231
261540
320724
701111
10242
117338
501781
84734
168340
82540
62069
457783
121101
218231
520496
364609
431719
36046
36788
564826
119448
617683
141086
481053
620527
330801
685081
421775
121479
418644
249536
475137
128978
382473
615252
544938
574841
580936
178713
255810
690286
276749
612485
586062
389739
444644
598593
24262
3614
184428
578280
196847
637875
403969
109778
540701
156287
207856
398615
550104
407185
134564
416098
552427
331319
271109
710374
528965
48767
437648
240701
170768
68801
452381
588692
219203
499019
65512
10569
69628
165033
872
209284
485189
92863
188435
691152
168080
696877
704646
67627
234109
464232
126405
443606
582171
267175
449202
643986
292110
43583
20006
133865
308362
694370
336897
122528
316492
401745
207396
457517
443215
669614
353719
117736
136854
684132
298315
714694
502345
443016
275625
667706
501729
317173
699724
185210
195910
199869
185976
578666
221889
409803
505715
590436
333982
265460
545787
633691
539042
570765
138665
12730
452269
284972
654402
130697
394143
210310
103760
19997
12625
376954
132440
534390
410295
404998
639825
456138
56295
403140
446350
43301
166014
441876
159151
515367
50070
258459
600609
73880
220988
529814
259786
91450
24592
457088
592124
697265
179011
401358
316567
390148
606477
568305
196254
634220
52164
212491
698766
188626
3690
187365
79819
339923
308854
159483
446534
471926
49011
171406
276465
652469
167754
269977
631966
511771
187679
526093
49977
70249
709112
150638
413647
399051
285561
700080
114210
283306
226169
406777
181141
482387
142379
39257
656754
555431
185752
492506
247880
346796
56537
233968
14100
626432
268935
536826
682356
442713
559306
366554
609970
434363
176199
51222
253506
530335
60548
389583
495254
96534
292197
76682
334805
651175
164260
63154
500987
32410
342839
624974
60399
682903
10312
419242
377801
523759
559687
408095
547985
609100
442586
104675
401082
503367
19541
327351
413663
391495
291199
6805
628184
18067
273308
501284
400760
414637
446349
371599
423636
674938
506786
233221
101211
251292
667084
98654
691265
379765
516454
104904
101730
295166
74407
250813
543738
705586
163572
50591
369914
234927
547522
157007
369792
153914
67109
347886
53565
639161
238600
73336
282754
665725
389788
129202
598931
462128
177357
220801
75140
98486
711868
158805
248399
231332
3615
579529
219925
454644
155123
570504
435219
124763
148179
714664
571135
194658
284006
425542
227782
6493
301254
632611
654705
509493
398801
187611
345452
633021
2135
669220
114897
92380
162102
130660
460670
101127
625213
270697
250151
41525
559745
61075
6276
284462
502649
152135
240254
555040
281390
602758
686713
186977
401331
458750
162185
231942
241289
534354
316578
486047
370251
468546
18265
463179
657267
406785
629119
352835
319792
13311
614514
56885
549856
528638
269914
481616
913
75779
526217
523983
164786
658096
78944
248103
314595
209480
83507
462973
437352
299043
403530
349496
451083
30809
489047
296259
192033
109193
693884
9466
714154
522132
716198
206421
238564
715503
302287
152189
218662
682314
618593
435065
59130
93714
697970
588237
472048
11789
411219
314957
413256
396504
40757
115911
625304
571919
618884
269654
520453
580378
154030
241221
584053
272205
633667
626958
561797
3274
220278
539809
25065
348978
540172
116782
202260
137034
216527
585044
160990
201647
693337
138349
458428
617597
9195
695531
653259
112850
259145
388432
85016
274516
170493
342407
648897
7726
315553
531663
15190
379410
144249
255194
251768
460173
605967
193982
27718
283311
241049
543193
592447
323897
80717
604782
197657
502757
286465
419097
395560
710201
223856
394389
70725
254524
423483
486059
558858
686032
16328
535547
389428
515664
321414
442897
518118
304399
103661
137162
172160
542082
223873
51843
656986
704511
126440
546629
25568
319367
418390
686147
205996
14405
536084
54815
312327
706497
167771
703717
110824
201312
339316
280728
477538
414908
386034
694098
530910
207415
207617
361699
249726
128196
174915
517945
395675
521763
405703
560795
24717
116602
267011
243593
1722
321508
533172
36413
686937
650439
715500
346439
655814
327797
187511
113631
50839
273005
628628
8832
638140
285512
126973
158127
590878
312659
555564
156739
127288
568810
639711
177364
567408
275037
211807
260207
409022
201806
480267
614989
356519
13431
461821
449778
627628
190572
264976
139442
327152
546446
395723
259036
60057
215493
139106
307274
400774
592384
624628
238809
165558
29656
274343
299137
642701
356519
314683
443407
709604
594344
136854
217052
219424
500418
467767
405830
382967
290687
538
628646
110183
272997
182263
491408
402255
224842
428227
619270
20569
256060
573966
144709
569054
99606
119991
696878
566602
629652
358206
188662
3844
350756
66192
60213
80382
109814
131741
101952
262043
276502
63734
32060
686944
519343
410237
236497
202246
637600
303168
324522
466322
35463
48425
653740
535866
538320
170341
484907
164027
382842
214509
359192
126578
187
172751
634144
329307
370210
235188
55933
423630
167816
649762
305319
655048
199267
520302
554667
48370
374933
92037
450319
124013
284507
109786
570201
159107
625175
507882
570601
492507
427385
691914
684721
15366
101586
411830
530080
431984
620623
22543
76419
32195
639759
75475
344653
39543
16241
338547
261914
423601
488130
531172
506716
156783
189060
442767
634916
455504
512338
389139
616703
141384
391521
62119
629446
533232
542268
301764
177079
400507
488830
137308
577649
196988
141414
374584
586715
717293
187864
274346
286650
702330
74908
660468
116995
651407
395004
146177
46749
502684
172376
465648
224496
159781
185150
535236
232796
369752
553831
418421
572794
278174
341060
175129
578915
216551
264453
211746
292863
520837
321298
429285
28981
358265
262227
653789
527500
575189
116150
100609
485305
139635
236720
458574
261315
4095
192449
452117
264490
40338
241957
195436
463068
88310
447446
251515
661245
697951
282960
315211
9423
648087
88293
691769
59305
354644
539833
230452
493732
453272
381904
189520
501400
258164
641813
120257
344205
707368
211893
280431
178035
384177
375046
467232
581000
382201
404177
161766
227832
260853
15904
300148
629129
604999
483202
672338
698678
322485
377468
674007
715651
29920
500715
271523
117388
37915
323537
4182
703614
270059
120921
65441
126236
159509
657048
137475
1418
219313
10599
443389
678743
339303
349844
77828
519038
366829
400557
285266
431832
232723
298175
158265
242231
698718
575655
376676
296865
287561
74646
46307
359860
678696
586973
407056
593918
583417
655564
193195
307333
460467
221576
346106
254776
447124
250058
269496
435842
315701
481451
71572
218118
689116
358521
245640
621882
590257
78775
210663
667906
669479
216559
215326
512415
267138
17223
669730
650393
198624
567181
309210
382740
351653
383963
699123
376908
702528
223806
391125
430687
187996
318184
48956
287175
129853
148037
493352
655540
561540
205396
325217
320127
235586
527499
371057
207808
165398
135456
461681
714146
558858
313460
246483
64209
75694
6577
36314
473142
607798
399610
344928
110188
72941
159486
536
267983
129257
2365
137629
259995
556522
202416
254629
677236
263122
706009
587020
623241
459548
594880
626646
616290
89632
334779
468223
361089
550831
278360
417601
375056
585038
370542
403575
388852
587080
418716
145384
25652
523601
43916
98928
561932
433504
27979
118796
248368
379524
275718
504293
573101
515218
197916
81621
435535
329312
579286
377540
442818
311958
285492
67121
447347
708696
537641
299091
44839
168042
562921
212074
541251
645146
461235
610185
76758
56973
106014
454393
705452
40907
196085
253815
138073
247178
321100
247615
661289
410243
437646
126631
362715
272724
241547
36434
487618
45923
267506
323773
21148
279853
531648
52850
530335
225514
241253
385096
325024
550410
345115
112237
125349
705788
699220
138147
506926
267325
304311
636532
296837
188990
708483
522573
324653
341118
284729
367866
194404
28415
267170
546439
651164
198133
214702
348207
631810
348963
340359
426495
595264
222721
574084
29999
670615
367237
484049
153080
204679
12830
224347
397868
637146
688262
548920
277815
569292
388049
419178
420331
18362
138778
295608
579967
574904
674546
360428
67522
67425
79437
313681
672592
603202
666015
25543
547458
582384
226170
445896
200894
140035
357365
680118
588894
355106
93557
19745
478766
554621
421524
57113
327545
115757
437782
113236
429667
419303
367794
195907
551543
43927
680521
659164
173874
105202
688739
675504
693316
665273
75776
36202
62542
377843
171329
341079
630483
162507
331754
74729
42886
360790
568284
329954
662067
483139
220783
321490
240165
43852
345271
232210
716049
496067
222777
164671
59512
16060
238843
553080
403610
418298
637190
101053
231829
443359
692996
382743
10555
109552
71769
237694
456884
236850
25428
435983
378306
190753
651916
328486
89140
38200
85482
338816
128106
100836
207426
99835
264497
463623
120333
653887
364746
628438
134591
225068
222512
619618
258348
228415
465318
100736
660284
149681
558066
175792
135903
695851
569726
702540
68553
607601
282338
508266
129824
346182
271838
324104
607482
116271
533012
249934
99049
262175
53833
147783
654127
1698
388771
579135
491582
185946
124516
97912
510680
59557
233092
692181
224215
401835
575745
570829
384582
668909
258184
371684
325452
206085
654867
223837
131145
501455
685249
92833
236710
365883
371236
458763
46218
631993
354653
424051
135762
655852
405831
46526
356024
539202
397848
582957
578018
261081
345567
54199
588121
217900
316399
217129
325614
35588
347141
450408
485947
190949
508038
264115
445829
245756
61425
547544
569606
92807
86418
613652
479090
513112
507148
396784
426097
121685
394545
240791
462219
317799
179486
248851
241756
625290
471176
533687
194072
284290
201754
534956
525726
415703
197849
302353
508877
322865
707916
168716
342234
4774
416748
489067
497176
125361
373270
506536
520382
514096
434661
391536
305983
316803
658557
325115
242212
513899
322012
351071
274298
661269
502217
435924
90685
435982
628179
138894
95232
488669
121452
560038
100817
474341
190198
448237
213757
664022
37364
37274
177987
573781
417281
62344
119748
573289
100324
595852
5240
411374
316944
17924
403871
598298
644024
202610
314291
257090
227697
634976
10396
317899
336234
577888
85643
624105
99506
648098
315631
255919
274109
541133
1667
557079
421302
698196
131248
460220
30163
326190
246309
324192
574951
659118
80876
144430
501830
75171
183192
218139
495229
77960
635181
421437
70596
367325
245968
543403
562185
253674
510834
422155
165378
595454
581105
582783
181797
711473
642744
669266
393911
537902
590094
93575
517813
88839
374488
710673
365008
575234
124911
654068
104388
588483
297551
660694
630443
639150
130830
65883
258638
713323
124933
464567
79663
21406
185230
343224
31149
552305
198683
241480
59349
5285
567927
585635
694628
473331
182579
699631
110900
258130
137074
91030
76295
54092
283619
290455
269951
485196
302654
325717
237425
485577
348363
222838
104353
234553
390246
47613
43217
230548
669099
280609
323490
122205
688220
595097
186910
274429
690081
379827
38642
467401
223
707490
689112
455949
649097
561466
486670
9972
226669
219139
403368
125390
250213
114695
439800
90699
248884
600237
436093
5850
258183
115237
125402
599000
609702
642352
486723
61325
214532
528202
457536
700550
598849
221081
623362
434100
501114
61117
642387
116574
27607
562171
369795
559868
110384
537
323745
528275
524458
104859
503983
505413
534688
634915
636499
221584
515988
456213
50498
265123
64307
438282
691179
314456
51302
354595
636272
479487
169627
453935
558590
609849
680721
129948
532286
77167
620144
2028
119237
348232
556561
482779
701317
4966
215466
431082
280914
295265
110398
189367
268417
318848
194042
460860
591011
18155
553683
529
334890
437533
159413
15262
155205
467455
430042
59122
531747
315682
3110
515446
434649
541072
252747
424240
620615
421787
413068
281997
381957
673558
95910
113788
67279
189668
567276
17596
656890
314542
96314
32358
108488
647133
190315
133845
477089
550313
224101
658324
590201
107127
542520
641548
241751
76469
352535
143645
631832
36407
16270
674515
618622
296089
148502
524208
592381
309123
256084
213085
94062
351260
176584
491906
111199
377588
712986
102146
535628
498827
404878
481340
412122
228433
7172
273602
187863
164395
390362
445543
245860
494361
625558
257591
74168
309537
49300
254262
464551
691052
464770
581542
148126
400039
259538
222303
322864
213581
441046
150293
713686
242408
590839
393088
293244
538423
38922
595588
660156
639905
280504
366091
19813
310201
279269
113127
452007
72847
274089
593833
575168
43310
615977
620054
712690
220761
438803
146637
543280
404063
702949
600055
714454
166338
471702
671366
307784
535360
76293
258665
374516
17178
574170
493340
317355
675549
505245
255217
364016
287092
58675
310973
635029
156274
267853
7571
696214
395124
702831
11145
696173
558740
26014
436887
452086
309252
476556
183299
271796
254082
106086
12296
136193
164065
416839
127570
467329
237993
525900
509659
592726
152723
541712
305548
531302
54457
283672
511257
571498
477116
697967
436565
381388
399668
463367
322536
592205
135288
587105
623957
306563
619638
150415
231615
667262
588925
75985
197128
325820
534549
89273
35464
642596
579966
252247
101115
191732
443911
216805
19973
421071
707485
330555
281473
698
299676
495326
401482
238926
344404
482526
423974
274780
76206
215398
277791
217122
142725
291441
692060
229949
102875
203821
695658
77839
416098
531685
71142
202468
341155
670538
147743
411614
444939
321823
433824
215402
493638
186330
157829
717177
244103
566419
234215
32947
427024
644179
495390
134477
578840
597568
463685
103824
704797
379236
648463
469025
702010
590082
90052
670315
702218
341980
338771
199731
450466
585435
620795
186341
9088
364476
147278
570806
523981
4544
303148
10834
219766
114991
280427
15179
65067
556788
679843
187442
167613
628744
643913
34936
629899
327908
601645
689801
437659
202468
349320
121941
479781
496988
221072
529176
412574
673380
29597
386141
460492
324065
388699
138655
376829
149245
571404
591177
160747
543860
43855
468306
227557
686285
292533
345858
709306
74321
210309
452140
660095
26119
35747
76730
717556
49839
105589
54822
525900
97319
660268
382424
576642
27522
421502
428178
73989
622423
456139
511369
246543
274030
465789
181049
527891
409824
533067
207416
570445
114070
74756
606563
120689
408519
685113
50819
431811
455870
558454
706379
662435
684855
60428
315762
325523
216839
72886
282842
293819
210536
396847
582667
583920
128247
322416
48947
98221
517950
92832
620527
171824
426180
195715
34803
96942
442074
505899
78512
412173
209312
42165
543740
323207
477283
189945
548765
76255
441090
29515
657984
498450
707000
559847
98532
450379
657460
106613
481169
613302
236377
61926
33375
566168
677117
484304
344583
601923
3578
693425
221551
446062
184057
477070
697930
488038
133808
544128
605357
183099
552522
617916
194405
112591
295349
415438
702625
165952
499722
250666
83353
11715
375723
576831
280616
130057
127336
278745
470793
693892
14771
153939
608082
688906
395380
685329
561690
608067
512942
141885
83882
389605
222390
38763
198420
283467
616947
369078
375324
551421
458701
288295
599659
370659
474364
66972
659009
659570
257645
481175
44419
580464
357882
174003
346890
48276
347083
86152
6542
669235
137948
629663
425465
258579
407877
168500
86217
671371
397770
338362
304994
177038
231339
434827
37856
372089
198449
519455
556000
711857
599903
367448
319975
613778
311994
121435
287504
707552
637058
189805
282111
82805
714453
81763
559132
154175
114011
327247
518576
414763
143512
638976
354535
591259
496840
480669
264568
690101
378805
536711
689883
627839
34236
655578
711958
172852
712516
622382
190156
284717
567800
625603
373284
29210
198230
26650
579716
129503
519369
32786
315392
136513
300390
318019
254182
632417
247492
160982
48703
237151
266197
429482
168594
179651
276724
160792
694680
179380
116338
458206
394718
497566
681972
583957
113680
549829
308952
702078
41142
263361
659425
523749
389724
622401
539886
609899
300656
338674
139738
406895
495177
674556
375339
204173
654441
435794
348237
88527
606841
136194
132332
191114
148511
314545
6670
504674
630596
587783
226340
399051
158721
434045
709029
257633
427384
455717
24960
456809
456083
67723
311094
321912
64047
2174
234183
502845
186680
149334
359816
13241
611058
126919
634695
536130
661852
398825
267507
149709
667993
497106
495551
65989
324697
235195
57541
445296
10190
82351
121163
191563
262417
219286
646782
118492
182753
709035
593148
707685
252426
280192
185477
291603
368294
39097
5739
617433
159851
168521
434188
655094
124902
371374
337340
705480
90268
140620
650746
509022
343430
208477
195409
148401
398356
43501
416211
218329
391177
170784
61242
623646
575876
270073
681326
53319
216582
379812
317908
301524
691913
707528
417084
502798
488927
156979
55212
174503
153940
615484
46355
548251
170738
93416
41921
115440
444045
111909
255870
21675
409711
640353
531660
38108
328463
531829
140119
387540
568272
484761
711986
91935
171429
200480
584561
257099
609580
329390
419524
210727
119550
484011
84559
170966
301976
319618
351387
231843
456886
6268
52221
527936
521958
532533
34558
467683
388823
507722
43514
446216
626751
93442
401005
524182
594720
713067
11146
612048
174310
377958
361277
226629
155653
68909
209606
582272
537994
462643
305069
75843
663671
426820
39375
14485
378333
572356
194511
522438
313530
212427
421401
700894
240374
687715
11371
46236
374084
106403
162728
19519
141159
486308
328837
280297
483161
642688
99042
633710
425291
620112
257000
581698
166390
253786
230106
136392
587035
1794
371643
654861
496686
89276
667664
130758
217263
491582
381954
708194
367123
618367
360447
304131
697970
62384
702561
603699
102592
646981
46314
421881
530516
658576
159498
579022
32854
691214
6339
659221
471339
75502
260531
348106
344674
189137
143129
20006
86530
511278
296969
98483
95649
21708
270784
60684
293620
59656
325650
503818
298671
484288
623742
280198
88180
447787
116920
691261
475857
192777
363697
480725
640362
94061
693092
285441
49867
524386
626777
617317
383629
691638
629005
574363
118538
676112
325894
485411
707457
271993
411806
255720
258105
321716
695289
172072
15312
507809
165827
410820
273599
420499
714466
527616
95178
232328
418501
496676
377315
393038
297562
327843
536808
331776
361226
364245
636724
641865
288008
45334
15149
521019
230314
67580
193254
648677
650307
135526
238907
677116
511174
477218
27472
343222
521933
462513
214120
549953
713958
56400
40239
572564
180632
146206
3186
644067
23450
103757
33090
152091
167432
484726
195307
553078
24666
529299
263944
448377
480311
121896
643594
456771
496008
528946
564800
264809
57522
706045
214647
451416
377900
147336
364936
232271
147169
575078
344258
437659
454336
649459
605967
43083
261147
229661
381922
417952
239544
285124
183442
245162
478087
140469
213703
145095
95384
270571
360750
656495
205681
239791
694728
58353
391662
442132
457532
88537
343073
158709
302205
601077
322488
713472
542159
422577
234822
361141
242964
576415
689600
682585
659266
224776
163391
10353
104991
664410
458937
39024
63457
614727
375760
478165
367331
307053
290646
117316
354447
82288
62489
167906
7726
36839
653788
376688
318973
111137
351495
293884
590374
388432
343495
491857
665812
581121
11939
175548
345602
192293
347422
208387
701313
601737
492469
551527
234793
716368
224601
65662
470637
109332
226663
444677
118348
194542
587231
137720
441165
340958
243846
559599
612293
353373
510267
559542
439975
35860
376355
10512
613507
2685
121671
581121
265620
319673
517681
619445
467593
560175
514610
395987
137922
55526
119271
308481
228610
303161
411101
674651
157060
578181
353056
387749
462283
514715
231764
56729
452571
506822
590357
700621
527680
168501
263011
672453
305394
631006
581078
68306
515627
394500
276351
119889
443732
689293
339094
556464
717324
223360
511270
588773
353662
295923
516813
293448
261960
414063
652885
597290
28218
645108
704263
351535
692474
337410
23553
537283
451027
22773
309585
25834
102828
58518
4121
628049
611632
446040
8160
72640
371806
191136
411144
161472
182914
91201
580246
52251
640090
113237
343617
200079
627998
671161
284066
341577
267972
410696
237311
565067
11627
169820
377279
715402
430773
6991
594320
280296
511861
86656
100187
627164
238027
462782
478760
457085
127722
548040
76970
81046
267345
59123
373259
244605
499890
680264
604666
404199
608809
575246
32669
285101
165773
131628
231322
277454
701549
572815
578963
6123
374516
510535
90518
496525
23545
265749
655023
598174
43380
165935
675079
531443
692468
305711
530820
531829
69672
555675
31025
557627
133987
284219
632867
77468
16814
669481
307053
153431
283883
221647
210846
360754
75226
390286
140516
405695
531779
653259
55188
686250
698537
468922
238940
10189
191714
431235
145253
402870
197179
489429
58236
214460
364495
115648
287640
568411
432423
241844
292568
164246
673517
518118
655956
514504
520333
476561
399119
359297
560915
27456
510142
408905
72041
26949
86059
71243
463568
659789
371341
126336
709244
19338
434113
304938
347823
93331
380529
585256
213397
645741
265576
179313
438718
498636
105087
680263
413561
407494
177028
240324
604046
165292
310913
521017
589210
532086
369174
399303
363410
473117
635118
705466
668583
161130
651882
115443
224036
591920
556851
18107
181494
6707
350038
383211
511156
521438
44777
164594
337339
206003
153636
429773
554609
500997
293451
90678
610904
588515
42534
20646
620215
553502
510346
223439
21856
181910
167958
559819
217694
438414
529851
526671
703760
460673
644995
180521
303441
86973
172984
122753
64335
575099
174486
485359
322445
277702
565296
457097
24446
300775
304519
476630
191523
92484
421051
453464
389330
703772
520587
606813
442849
53511
687369
155286
244385
293958
415024
397000
157042
399366
621444
599341
610966
52414
151769
570792
310429
647763
327943
137950
649306
202677
534306
37318
68793
33927
94282
517386
183458
576726
524632
100661
132803
403646
646643
271055
700401
646295
499087
310351
185739
236362
498914
591434
404905
343601
16462
403148
50699
655869
709137
111993
593376
229618
217068
588624
127161
364641
592205
340001
360703
4128
413962
650380
713893
172463
459949
325396
414839
219348
421132
391801
348300
574555
394420
12356
515351
467133
394762
1237
322066
319885
418619
572191
325189
488088
204705
658246
538228
487813
26851
201257
53397
186964
254079
141826
552885
292734
670858
571425
564235
562574
534174
646783
196236
716198
374954
232161
460494
288704
360773
624553
2444
606205
636025
249660
93892
70818
481550
698571
716115
643910
247706
316995
185211
243572
389654
90236
496087
477238
278301
453964
172590
135922
506523
1934
702069
113147
371356
697357
703174
204711
404069
90110
684088
21823
430774
318864
607722
98087
402288
435869
138762
672414
273598
306925
309053
228189
194515
20340
148154
474184
317569
469025
608416
696293
630671
66194
32158
163392
92275
509656
511115
249777
139360
584842
175561
557818
399252
105155
199325
423726
94965
170953
592247
448343
18585
653144
311857
576520
65774
421680
35742
181989
196634
33786
574375
21588
47531
555085
399611
128688
8652
311337
126821
262051
172398
85253
705349
560356
71349
656795
275884
96590
275357
96268
522244
107509
578461
49559
397600
690222
421063
339579
535268
404249
369029
310845
113410
249227
323565
390890
240518
373006
67373
50901
569800
169753
583534
597862
511854
709192
234948
60413
567266
347298
535545
56509
658786
519452
319333
413436
34823
598674
444506
27576
148256
149933
15954
449747
466598
401141
655070
134234
256172
612656
320443
506407
330257
314514
156469
706989
683211
278843
294225
441625
372909
714541
46581
369006
574082
83220
694339
651838
110845
384243
336686
380381
160125
606654
148048
45819
177265
376376
521083
498213
417399
656465
287559
206872
120646
14254
673924
710684
543847
657104
21310
537158
283731
462217
269559
647795
489419
47939
305481
109468
348962
538452
605579
135221
544252
67333
62644
69817
434187
651450
38186
165617
338165
568248
289942
699732
76294
446678
585386
12929
36887
240836
621110
299466
39088
566524
271448
61536
28257
608017
582303
183207
398636
470360
164143
196619
150293
141154
600445
300921
161456
687218
648028
328469
9494
550635
510575
261689
77955
61781
124296
48914
668659
38884
533107
327133
77270
213845
252936
679290
686357
585773
326705
247419
231567
279303
89704
222797
223840
201937
365903
319978
65735
215806
64905
210491
543181
455694
565791
172604
90332
578325
659383
201453
392543
602440
226668
509113
179496
23744
170045
668489
343685
387878
70250
388195
250045
586873
198195
401371
23707
199661
592384
383962
203589
76027
529547
657437
279438
144499
451854
22398
535364
122907
634899
540566
270145
538266
195678
646427
614023
407766
41533
550062
458672
525780
56504
563537
277234
428738
457843
657755
25959
507315
438109
424462
209599
239369
532450
315617
261594
49651
26477
317369
477376
44289
316928
531680
143650
526225
31760
614034
141181
645266
638396
43125
683848
428516
265459
264155
641212
159197
169926
188278
457647
529798
147590
441653
203232
461556
583917
505022
578648
106871
441992
521085
65022
657529
459092
140599
656934
710975
312999
294684
639252
558929
695584
205683
488500
59585
183092
258260
497044
403224
417197
64747
368613
698223
324367
604747
614462
14696
368623
435129
548395
669230
558412
463782
472370
145365
101757
450558
653781
168165
637180
269306
398750
370605
137560
372453
18290
201459
574412
573452
390429
481509
481894
592738
34300
49471
383543
409216
695851
650717
709273
593824
670753
380010
62500
193177
179509
661458
366575
607519
593925
543645
371331
18158
558455
158827
157439
511350
708702
160253
708813
717931
166422
183308
453125
454082
123427
299333
332432
274659
564448
62011
680757
50590
322534
190717
109700
197614
421944
105310
7260
410207
267853
481425
452106
174589
694214
421516
314387
11402
600620
325480
570018
57687
217135
448066
364789
690693
185212
171889
125919
449606
159548
9160
121840
421421
191463
423975
578770
418680
423469
490344
371407
672947
131769
43855
359999
364908
405337
678200
650313
426910
573170
21262
455864
217296
452167
660035
325283
272110
257323
656610
557307
25026
650628
126535
97427
178403
474363
194873
152391
481574
575833
385678
514877
236810
1522
265728
362362
502782
559209
18024
24000
521498
40130
661227
361276
672900
579529
93916
321281
685808
23054
401814
232657
174459
121620
651435
691903
175504
544295
29201
176809
244150
520849
206738
33435
563947
256733
115682
13181
608592
247088
272885
128015
8796
284594
655602
141915
323904
256213
392931
681270
37886
20650
20267
446823
506520
122078
217973
685864
18643
224010
142285
406108
89892
15798
77091
334970
260371
170213
341755
82705
125417
665280
651925
579423
303065
388850
18268
675893
96085
552343
12547
225798
518501
480047
144247
685667
13896
621168
396043
221303
412530
531392
648710
271270
329351
682999
241959
28694
520499
284971
484635
482601
244042
637474
179583
47552
198871
294178
445580
330814
164714
111237
88993
613081
99407
606033
289544
335111
269861
717012
114254
422587
93228
439149
589862
101038
489254
158613
117904
668431
357950
666692
156790
445282
701550
317908
326033
193226
538725
586936
692458
417372
416847
442632
347531
651488
638502
398104
192807
539277
432404
291705
560278
647816
386661
547667
12711
188716
73861
426210
244305
669655
544509
444953
56771
34802
640284
597134
448232
575392
403315
702089
561813
112429
566757
497660
279713
288744
208850
6493
599302
528635
324225
253087
231675
614033
578023
140425
193423
640018
94657
404874
558271
411264
335121
212348
549942
142747
261773
175091
184030
512060
286855
563944
58745
198925
649987
67161
456889
613501
304220
429981
56802
654115
667132
563945
657104
74071
338510
385239
328521
499969
174393
175574
243089
198207
20831
288967
108539
7259
363141
127501
61602
184026
344146
399120
30159
630602
234966
402394
106608
487481
525374
584792
58080
605518
681390
468870
459332
640152
302348
189890
518696
463670
395751
622418
385596
79275
685750
614387
430460
351263
294682
105991
243811
22960
123132
485203
197753
67682
397294
409115
43865
22731
431709
687520
580627
234213
682862
565447
543975
357074
365216
17682
641742
165930
362040
314261
244981
496598
599071
204508
410602
635796
386581
140288
512200
578073
64203
353105
682159
162778
209093
267619
412799
204257
291058
223459
568073
450358
702128
207191
501971
625433
564669
227077
32365
495482
455227
132763
70491
50478
625853
555670
489079
717028
91151
280931
48382
696893
413656
66784
672000
541508
281336
596937
111399
486604
335979
353967
636664
206827
368798
315414
270242
20652
303637
691053
410219
84952
670583
717231
419869
555647
60757
186009
504712
32159
600504
484575
147274
704647
11573
162853
158118
546628
641212
227956
382143
532868
553945
394177
624906
425752
229244
170726
177224
357001
222997
513876
70825
614430
185015
573654
373751
609264
557634
581436
19944
23411
406986
122608
688991
242795
487288
250359
480956
452801
467766
453233
628516
241872
110280
19
98086
632039
539501
174140
351759
435063
164733
561527
682356
39771
314499
99465
455986
8685
627939
565930
316175
259055
53033
310484
591933
632789
354843
150319
399265
157608
382700
512824
695709
467294
275078
658958
223718
344440
214120
434314
33556
604430
68735
687295
715585
285927
73182
228644
92725
280921
695935
341901
133899
49420
239822
639915
519984
634256
679816
371101
691488
350267
329817
257942
701080
107677
622881
125585
396761
702272
301146
13537
566413
555111
167135
112043
340457
214127
221435
26798
4196
266330
63391
52479
627056
288373
93302
231378
469490
185254
333327
142300
44949
278619
362045
554430
502178
542531
177303
269454
334184
519449
328780
650495
594334
10344
711526
52165
101722
191246
711442
373700
309353
563999
661344
131542
560094
601310
612449
448728
256034
594005
487130
710534
88297
552199
111075
636985
527741
83038
358260
173558
331263
354053
49405
387227
302941
608100
32612
462301
455512
561857
194862
638402
529563
437660
644083
513506
165841
96637
485968
280665
401483
464744
344886
190844
555569
451468
419823
676620
479653
299976
135938
170918
173553
672041
273318
254061
360868
460983
125655
595445
656025
591728
243319
349684
441283
83204
594847
492759
142160
651395
415812
56251
223928
423009
52636
547735
49186
137759
670504
539336
109739
17133
202676
15322
345166
58614
560742
127971
206313
258184
210272
589862
420533
577154
351662
217701
409236
644667
531226
369499
129864
8042
346693
618593
585855
234099
139508
311876
368465
472165
168936
169727
470117
603856
317369
9858
275635
386930
43603
710505
109712
236914
260923
79982
499693
691990
148488
50268
545527
102125
529612
25264
559891
104837
334803
131775
161454
303133
329043
6958
130984
322628
136791
392761
20545
278755
468050
181022
500332
127001
444185
94532
287392
525276
168958
192167
665622
486560
674173
275603
624672
713
504130
122530
490447
612469
188977
196687
428191
488367
431681
554025
418698
215358
144262
346581
203596
251529
292098
606532
307899
83041
107969
60898
447943
142860
17323
594883
626940
158100
615531
22497
429302
684860
357157
394574
419161
213216
659249
636322
231845
329210
404832
173018
76059
477758
614914
144693
552061
125705
615910
647204
288884
610367
452303
460549
32412
171191
97239
549766
65676
59295
188131
643752
244814
206218
364398
31321
695648
137924
73283
391706
652272
407387
366293
321717
232813
332695
333274
672078
107441
259272
413229
163212
206516
206823
30194
680736
695021
454331
291168
78375
119086
703761
158555
474892
284462
265897
272889
293712
486732
94061
335637
283943
422311
290366
698145
37478
189827
533693
172123
685738
74570
548217
569577
354516
241737
690258
1153
236101
670187
581721
247039
57990
517383
178828
379773
670479
329383
408877
573698
160138
143727
392433
375291
598709
95734
154672
330037
455641
27205
433949
583793
651406
518239
230541
571152
263585
160086
328264
506996
190153
220568
497422
406817
255649
266864
227374
717221
513432
668431
91779
55834
60488
369071
186198
85300
339728
80919
208790
653196
249744
491573
346806
36981
504356
592939
149951
362506
17797
455165
103988
575364
325239
229136
671772
309677
260804
655107
71152
367209
32488
337585
406117
394017
373714
37804
387099
269812
172672
515671
133999
256701
457703
449036
461395
317392
656280
58175
680139
629710
129188
597104
174227
112270
4384
582734
507515
214951
175088
530425
57640
36307
96919
716271
370396
256295
675436
501379
566360
345186
314986
204792
577438
605808
332023
82351
162486
717010
93989
549494
415162
593809
555796
670217
3252
645442
581436
178348
24262
24590
282697
601346
62558
610891
32670
505939
221460
355253
381831
218778
382137
369757
651597
25758
2880
425212
366427
428354
525809
295799
607909
96424
548322
238428
351551
604747
691368
692436
363013
421438
334050
63653
323200
259193
677553
705624
642782
163587
486979
451476
154984
514648
632592
534448
198518
595588
438618
60321
430523
367286
136440
550511
508636
118071
400557
206820
260583
421814
479623
317122
234227
213540
316258
4360
96975
597445
502927
373602
81195
653638
36201
368341
235849
104166
579276
550968
146556
414489
695260
596317
5008
689078
248242
438606
151528
386912
307573
627384
261617
164373
453357
322774
83509
589812
570796
380636
234570
104138
27808
710051
566437
545325
582618
145045
54088
43637
399913
502863
134186
653247
304234
505651
629053
320158
165265
353663
685002
617076
372117
26443
485209
609508
587965
358483
473142
619255
346848
682999
319184
205845
258247
510979
130467
44484
308135
418508
64046
45413
134946
488353
439534
431572
713368
443708
534038
85570
436187
120724
95246
462768
152340
286187
656023
449886
455436
190546
699611
322327
115975
321484
450770
199912
638968
550917
487542
104207
500976
440200
103897
637217
447137
556890
348080
461046
399952
504028
441804
55510
146994
13897
433177
364208
288869
5429
195638
352074
92657
295177
423711
594913
640357
250943
602373
249154
120041
534117
310927
539605
401811
328028
264500
227390
143790
554559
687560
611955
513439
338450
67476
101136
41127
579668
319636
101955
150417
32896
606900
600959
309911
639134
473428
98086
334526
190673
68138
254194
282620
27805
518000
462997
376683
257137
206986
529305
516512
116241
9226
64027
400734
90083
107808
415139
127766
648004
378984
514747
152436
687628
559279
658525
311044
365776
552224
124116
335857
560534
609363
2051
574125
399395
458529
203978
397087
412002
22260
546196
471738
343067
671927
546375
432464
225427
52502
464122
84641
585133
355374
680443
517990
67242
161639
28470
217298
564545
483032
100224
217241
179551
627175
672760
216737
713856
33846
28507
46996
162223
137732
575715
420661
21365
269236
310941
257261
97715
121601
219191
73868
277239
413562
55938
187389
12517
139660
406066
517580
609577
220511
395593
280495
266362
65154
330898
53320
190949
254953
371822
113664
655889
59275
275386
55263
292489
332203
42622
568627
14931
443196
356142
340211
128784
323705
356270
180438
547762
655206
85715
172407
456640
332199
607442
39089
455986
410932
709675
204210
348839
636918
407750
710851
110374
249040
599422
501548
249605
214078
585912
188286
41208
271418
325094
225345
37364
455869
556557
59102
51394
392382
201744
495416
132151
344177
539051
709672
189390
609148
247974
136971
149446
227933
363031
288892
261828
512955
428736
683548
163490
397229
119238
239580
339047
176999
274780
206799
79974
105275
476846
628647
678897
126228
179561
696564
240558
581238
249177
554510
57038
452435
275526
621839
647562
92761
331664
310491
80777
546910
143202
221045
67329
267122
561178
404632
551638
295329
277463
468711
490808
363682
343641
354213
15345
642963
38183
394402
314659
468399
470315
399875
58920
599866
456191
100489
344404
147254
473800
572880
320661
244978
335142
61175
141001
23850
680961
78339
1262
63879
48188
29921
117604
585630
57209
397359
273733
480451
63275
48213
556656
489867
391318
278240
715340
31800
400961
662160
222024
221446
135980
419044
407436
285562
78161
623305
342297
315943
690459
415067
526795
637538
359118
121295
33018
594223
433341
83752
430043
558653
706910
716204
563203
246647
561883
633801
87955
163440
210486
513539
504415
639892
200162
436629
333286
301066
175174
305385
442495
233517
126237
553703
286635
364508
122529
628452
497229
490477
69065
259727
637322
197317
264642
450444
481282
518749
674798
225427
597476
116423
238763
10102
663861
494865
612277
514467
226091
89572
61413
261926
599887
527115
600794
480534
342400
632417
498062
118238
110744
290001
289650
520055
29280
630376
408654
522275
542469
568077
79487
208228
502694
647865
141201
448016
2723
433636
4576
5834
423627
206699
100999
281496
95080
544622
77812
529136
210001
63834
118505
302945
566482
76101
651131
548288
83997
36045
165772
650238
23465
254756
27520
33381
124180
396994
518146
147347
2215
509045
470568
394762
602518
309896
704445
260417
684682
443705
88015
582973
467604
519403
617875
282909
66047
113241
255403
580173
145470
617884
696474
420209
117719
19882
43800
171823
48234
683493
489502
169925
488627
17419
115459
441762
300171
28157
89137
3498
41556
514755
258058
463173
602559
350974
531617
18323
184706
708354
8269
152596
622662
126820
250527
485731
261453
385344
421286
260621
46053
380132
555111
458079
706188
111240
81571
442713
329440
210263
352733
676255
182809
129721
589922
584707
380156
699324
254320
64234
482189
238853
617514
159796
688145
331926
638669
215230
163765
267531
185581
318451
602333
107671
392834
391131
126631
448655
436616
36204
237927
617874
2061
521984
107062
611075
30996
671058
251425
694222
187687
584203
274077
710183
566985
177237
215146
716042
330788
428198
281079
679446
483544
43446
408605
562540
695457
413714
452710
518332
410737
115819
631117
31512
14112
306046
197902
61170
656536
155658
317492
553784
55781
571143
480598
468975
550511
127299
501081
172903
407478
463511
448102
657791
322336
209863
697021
235965
76530
533060
165684
237312
176569
412278
567509
98682
164863
224155
141727
122314
487840
709046
445816
69977
500008
311629
110127
499947
334579
606995
518683
286154
403584
372646
551406
329882
233029
581192
670479
337033
232030
533612
341848
325619
72299
627979
307954
649859
80102
607468
482058
394147
388374
133448
70281
519386
134124
282551
318735
617675
315832
589210
51989
607894
523416
521966
689466
665123
209848
98994
483285
462557
247119
476025
650360
263880
716981
122373
253970
39266
575503
27408
717496
624038
215476
689717
505885
57721
427865
41775
590389
168615
465136
352884
444934
302354
194834
702835
178713
33752
163942
195144
48405
82269
399140
238192
138040
15820
250911
218241
639445
409780
207855
341676
187466
476321
598593
382152
275345
151163
418145
713398
677437
390970
583220
647686
687124
9837
452690
243869
93844
521789
41142
526058
535074
337666
560320
315069
20687
485007
169113
512336
56313
529033
54845
135111
314802
698611
248017
570444
661329
357971
142913
205296
517481
313420
356610
648744
580975
49651
491101
377547
117866
359050
118410
672386
33751
162822
677750
118578
92478
588574
195917
58812
148112
1071
311488
517323
368773
531906
451225
264715
374497
435410
65576
278107
642934
268483
297869
331214
514230
611516
284066
1307
580523
380693
26990
160987
227615
573945
427087
302046
101172
626552
663862
51223
301979
398755
503952
630378
395724
239922
110006
665855
121280
466083
375222
422024
4753
364679
284676
203524
255929
660224
186078
316641
184782
641370
208534
423816
265511
364115
633845
105470
106210
215514
108722
394723
198180
685911
211127
269473
492485
465157
639860
86564
551129
157326
583027
235413
515248
347250
300454
482107
250046
4845
290306
327149
293530
290448
620251
124937
272074
684222
461257
387971
98653
350813
104990
321664
351994
277460
648963
586637
508811
145481
498846
225527
327738
264987
607371
295328
188774
126338
296562
104051
477461
245848
540744
331988
237997
596839
623546
181633
216683
162396
389142
621185
34576
192658
57702
400983
711514
211165
288787
5284
353391
24574
66822
100833
380994
311561
391831
134807
472704
614229
603800
413662
216854
447702
716969
395005
171716
700203
139816
486788
436532
37150
662221
26975
640812
50813
490581
51840
54757
609508
601434
194439
71364
587853
278716
89461
124608
586481
447224
86183
280911
54179
539466
294030
209362
90433
425600
515424
32580
289492
535846
489832
137425
149389
189622
204684
229382
478304
335156
284648
336527
78063
120957
274176
504390
492703
586264
380915
462320
583210
614257
391923
41471
233227
465876
654724
659135
159863
514936
360036
58336
477068
81124
49827
140383
27995
190249
151240
141588
575482
442986
621000
561182
319768
280290
571292
267156
311736
431733
501835
130455
704453
701806
330885
194834
188984
227975
84076
658236
716980
596933
17623
547255
264605
570546
308374
576396
396642
176999
24531
36918
193427
557044
257502
571242
43174
79773
598023
404376
170720
678988
190885
597912
388284
282348
254715
2114
186283
16330
235625
396481
662992
400867
93074
84963
502642
433743
256084
465395
693354
284812
239074
470028
434238
396630
75035
238246
133009
324341
