58360
87733
120463
26208
169861
57254
86504
173406
150355
173691
193289
91458
104308
29321
43804
109733
35402
129448
102205
140228
157085
39031
112988
94357
155885
24984
74995
46255
136577
161095
173921
128423
38726
61937
91553
183489
199769
28751
95007
108010
76187
129189
33423
93402
100718
150588
9071
51679
73714
20205
78711
174333
188526
3607
17544
80240
7033
146657
11931
36621
184694
190767
135639
167515
114210
46390
26966
199585
6789
35172
51687
151162
23481
166955
188806
4749
80242
144015
104823
183486
162836
102304
80545
144865
7671
111652
109306
195906
141409
9019
162904
77258
52798
69738
159859
35534
109474
77673
72920
165525
4098
136985
68580
64418
34163
179456
4555
191493
8016
147197
97117
70317
196108
143702
190520
8755
90945
46455
27578
115615
195890
75405
23817
143064
116492
168670
2548
38797
29250
31324
151676
178770
84208
74263
90593
83070
116982
2258
176895
11764
158725
38081
11908
62990
23543
177014
119656
167782
97819
114101
51943
194374
150452
54640
36558
86832
50691
30315
8072
35361
49363
25841
48789
53321
13950
65153
11508
179838
2465
18516
139442
147981
192488
64483
152737
135681
158587
4453
154743
5862
75487
14702
39892
137052
138223
195333
5310
181538
165876
31015
96740
126816
187985
161220
159231
98588
87695
72094
63770
95148
48852
132628
35585
44980
97632
180673
2271
112433
104928
126374
78749
22918
12273
103191
192160
415
90806
195161
47924
51703
97568
171743
46916
129608
88335
122799
145231
26370
108295
163211
27245
120477
161900
95313
177133
80234
39732
119731
125029
52156
156587
84501
81919
29476
63211
74179
179448
66427
139314
51139
197079
111138
55606
56550
169344
155964
20774
57452
142694
126796
121822
110957
120383
18385
68195
84761
56294
82130
55145
60959
127431
183595
134123
146309
164284
149304
147536
135446
179348
82854
9178
3386
97912
154776
84472
122873
99495
155558
188669
102769
144945
181910
192225
184727
183287
157137
162871
178054
74688
68160
172742
177161
38446
151235
29416
196384
165741
193866
89310
118876
121163
124124
171585
26574
30903
102598
93569
52347
82836
135411
127347
52752
52919
153968
145673
107982
126995
184539
190143
68895
196229
38026
21775
74390
123304
110236
129380
85763
405
95026
194732
42176
162341
76282
131638
69046
162733
169535
51248
43719
40415
146687
30136
49529
135727
139548
109573
193263
151104
51714
93421
198415
106974
66153
164274
164565
151929
126810
183009
150595
110355
140147
79762
12437
46549
78892
5497
148044
139835
105211
121158
113081
69547
194218
161591
25948
197855
103452
143542
77594
50884
169129
10397
97527
36476
36906
32855
33217
115002
78613
35598
26028
126756
76546
129912
168802
44834
133182
65730
55969
195416
47921
36134
72861
46181
67056
118768
195503
28900
128333
189656
92739
78175
165182
65663
78445
13879
67914
125219
198474
191381
29246
119650
76467
162802
168193
66928
194065
10507
54828
164327
89212
146916
28438
160484
138561
187724
29721
141479
155340
150488
188531
105963
116408
125901
142728
174155
38793
191744
113761
39466
104548
4878
39969
124375
193549
49142
109174
142522
190757
184499
179069
59688
11046
172848
193980
175517
46972
61004
29493
198701
169576
44673
165434
192845
166758
23817
1269
198019
116662
178412
115634
26011
127592
198412
125356
133320
30292
110455
7384
71553
41640
95798
18034
186420
38955
41983
183112
11575
88510
85530
4894
199136
61854
38525
58245
23786
88255
188545
182364
14119
51244
82293
169422
54338
116552
167316
130488
73765
4902
93695
121564
100274
175674
121172
31165
92146
96121
171899
691
176244
143183
3760
70279
68805
132304
159080
197381
82013
155801
109033
14665
13526
5077
87782
149597
145646
17233
191539
120633
20735
114171
81189
144638
69861
112458
28670
119603
178262
124245
186606
196339
78432
49993
22166
163011
137861
9578
185883
109301
158429
169845
187747
88339
42202
46375
45503
103618
53590
195980
182098
118929
180550
160989
23965
35511
10724
75800
69552
169744
87469
94138
138771
146092
28112
174860
102062
186636
68925
142866
74876
182756
87558
156098
139475
126327
139299
82664
99
123027
193780
10487
191510
169884
149715
59710
8013
63333
104005
174293
30263
165476
18638
108309
151192
134616
2563
19859
73305
26719
14752
168449
86311
117119
109620
116492
51161
43334
153638
29200
80916
18032
4441
156793
4299
67109
115252
198769
2454
98393
71831
194398
10245
50552
61662
183308
26784
178585
29820
90724
69830
130122
105510
181152
84096
57374
9603
56688
165373
34561
87082
173582
74518
71320
89047
157216
146005
160800
176127
162914
171311
120415
39301
48495
28979
167987
25227
110060
61482
84814
113874
55166
199179
60284
33168
196320
126266
105175
174407
40084
148195
155454
28298
22323
43052
147011
130991
1564
245
84588
151752
184446
154099
154032
79174
172624
144716
97675
140845
27872
35623
120288
55834
167779
139642
114711
33221
154883
116666
191030
42814
35135
17869
168843
99285
69777
172686
11970
39763
177083
167661
95077
94243
191701
61022
1409
122912
195795
95962
177093
6428
78225
68049
105113
164555
93627
35303
19803
68046
116224
32148
68355
1585
149355
44539
180595
166946
159620
115259
187976
106444
111245
164012
148917
78101
62021
130161
97357
16024
94081
51271
144213
97792
128047
183438
74679
147161
5834
51924
19780
85356
60665
89623
192040
92622
34401
127689
152431
109389
154788
181261
158485
163923
50127
157386
161962
34525
169756
182209
142369
84865
36074
173199
141541
159277
159092
67436
105956
91224
111491
187813
123073
3437
445
119635
8403
170797
106391
64752
28984
144838
35925
193237
159758
48668
102458
19451
69755
174854
176097
71473
105311
92482
48328
86710
133759
118546
194350
138850
163275
188125
185438
45663
181699
62387
118940
79611
128730
95686
58534
139785
176054
36201
49948
105161
5686
74757
9148
51712
23453
73453
121056
76130
1959
14254
59794
21393
156083
147089
188145
54171
39420
132232
37455
81099
69543
162046
35067
64920
172053
192429
17833
163353
50360
36191
199086
76160
134429
60188
103285
52462
107059
3813
9199
149314
59510
94970
88865
600
120699
8526
131351
103122
71213
120659
68089
108697
159632
71680
80369
55584
53452
22743
133269
83177
199085
81542
22960
181725
26798
189407
124796
161215
83748
130082
141883
186887
14136
159413
129444
92027
5991
143071
109789
52573
40972
21117
199970
190630
91704
4396
141404
181654
187286
55575
154456
197337
4886
188890
129270
180382
180121
174297
32796
191343
42695
68882
113010
87061
15403
77297
61924
3816
182358
69979
53217
98127
17225
92841
78629
65941
124362
11984
7798
76620
119672
40126
108306
105754
147076
35111
95777
41339
109670
139997
83613
36826
83023
40881
149659
92402
76352
35184
173404
168
71829
39535
58947
132686
80113
68542
72880
147229
131936
128815
188589
87510
69407
120286
36176
40154
118347
182531
155925
83858
164434
188266
46200
93210
168821
118811
88694
70202
124975
20169
166675
101245
111708
158109
97395
162021
40313
18285
121456
160708
87355
85201
144047
95447
1560
141026
178778
173571
171021
164641
67214
49070
133431
80659
126872
10252
175048
79774
178065
23757
90270
59848
21664
64552
84184
29828
101001
127986
55522
88381
120461
43891
174959
51180
18091
117140
43302
193397
53182
93879
153930
88793
194446
166994
141872
195730
93644
179923
86653
164172
122079
11555
197520
22687
26625
103109
6755
74733
53093
65536
40819
57281
144430
51603
23774
27085
45199
169418
153733
92561
184306
156409
190587
52371
105555
19306
151172
84750
108628
43463
116857
188644
92127
112848
53504
157864
41942
8872
55824
57280
4360
166839
116726
177223
84653
121519
181470
193727
12096
61610
193918
21261
176325
131081
52919
93580
88596
71720
128125
140805
121774
121446
111692
93176
40889
185900
124132
143942
18962
15788
138504
44992
138126
139046
30490
103107
119633
48241
159562
105930
11889
138228
178981
94391
164403
198519
69860
25326
39970
30648
78854
183674
17490
164665
146869
116252
38826
106790
168381
138970
155894
95423
190775
80258
70571
12455
70448
129896
103451
72699
104539
63278
86278
113992
79551
92248
188665
29372
196003
119071
107709
137765
33052
118172
182612
193250
105929
88887
149157
34692
15158
178096
19939
24798
151732
95014
141792
170256
42562
49690
27566
167141
128935
55758
194544
16815
155516
167683
167904
114558
114507
129057
5102
131315
101605
13823
119836
46401
96444
154454
104040
181487
110149
33723
132278
141581
60833
86919
152738
180898
39821
145142
126146
144161
176990
183429
146214
162183
178219
175975
14511
179732
195800
125542
86938
143310
38994
167590
88916
40314
137354
189714
136329
78732
135703
37561
82722
186241
62753
35279
14496
128487
110256
113610
42305
130038
120456
129054
140844
144123
27193
83154
96787
27216
66607
124942
189001
12385
27653
145055
28029
67837
132498
134149
39330
182122
148299
168192
177694
105550
99304
65151
183963
167227
154812
30381
163504
111453
142202
170484
102778
37071
4539
195494
36108
159486
164815
192813
73838
148074
79132
126747
94715
40065
153239
68521
125556
114808
18543
184050
151130
191864
21477
186598
194821
42479
33067
65165
163448
18145
163496
114349
46178
119643
170971
76751
96692
107308
11233
168658
78353
108429
156697
13452
85437
55131
181300
4623
146902
32986
113028
127891
58151
89107
39867
62528
159262
195205
167590
161412
108759
69641
112742
139949
98345
190757
151883
79963
88612
96226
45753
112811
53720
156976
169958
66877
154776
84236
23564
64942
117106
134057
83748
47982
16913
94972
192854
14172
141771
87439
105982
158903
64154
7301
118253
86251
165453
11437
148024
158701
15848
1215
168405
68991
178054
109295
82192
42787
167837
128687
62191
52165
145332
102122
116465
133983
62629
182718
148591
108854
113579
107299
55463
31455
154480
114683
196868
120126
173399
31477
33191
31935
170612
196649
127922
73517
8938
34755
49587
65911
66816
179106
172447
84190
101491
78439
8976
64894
188273
86330
5184
11217
99576
53343
62233
107341
155373
148163
96151
120173
138646
123633
106981
168087
172627
118404
42503
130939
194708
198585
101577
105661
8906
29843
155554
128113
20222
164916
3978
155410
129241
163401
8905
165475
57210
3680
125271
72081
134233
110825
141563
149585
83832
94610
111664
12803
54168
101725
126960
153095
190556
184916
95295
55471
51565
66430
11031
52794
78743
121984
4551
40978
53167
68569
158087
141112
176180
172423
74397
130598
97358
131490
141722
145850
64357
96398
137207
63878
114721
29279
187831
15104
120397
67487
6087
173834
55797
59974
18595
16599
43212
142419
139374
40577
56441
12129
129959
11489
33498
43929
82317
71826
120547
197379
119484
185422
87990
72312
113352
186767
90191
61563
64400
185287
101745
71011
166755
143686
28146
54652
95956
140810
164685
198369
157545
85445
83708
192881
164719
24747
148610
87545
37191
47829
177321
170066
87444
131430
96553
67947
151166
177772
149384
72885
93819
14608
114282
51758
103541
173205
145360
92085
146302
102898
185173
197602
117583
152099
143328
84490
139438
15148
122203
114385
111717
128240
39409
191965
94359
6569
112163
102641
61631
197451
11410
44799
106570
84856
157724
126165
186461
129687
144153
46707
70582
161652
175649
68444
172396
127809
6985
6512
51771
191879
164110
141638
107341
36484
189573
180553
28946
98920
19234
133884
147097
85525
169678
193822
148381
137714
5781
80253
99006
121805
174892
185378
170817
76981
177526
197916
109480
97761
73026
92727
49674
84846
105341
90467
148103
82134
10326
164723
150950
76673
183815
127865
190183
95455
97815
57601
67288
87291
45250
27756
26446
100532
89499
124372
91824
188153
126427
57488
30761
162896
72849
135115
134928
183571
38883
40772
160291
143247
100424
21996
102998
171121
25577
125006
131926
167969
167823
159275
69102
89303
123828
69274
94270
106282
110176
39821
91861
115460
122429
148055
16821
192654
160784
122128
9865
136914
181855
198706
111383
10794
56919
2994
167508
151357
63441
139028
17131
155864
177948
101870
115959
139952
158591
21636
39636
105572
173322
87001
154123
16309
39209
120603
83407
53005
41772
144433
74933
104562
77535
76366
87579
111487
18833
99668
93318
168766
87753
186800
55117
24819
190655
146833
158547
161724
138630
39406
161479
691
180105
142254
21088
161069
197259
5810
37077
15162
109802
67215
180638
134027
72717
4241
21448
31394
197833
193277
46614
69661
8593
170189
117189
122508
140151
119569
28957
15965
139810
13346
125372
54975
77537
170848
17234
97633
88838
72925
65721
113292
41342
118532
133577
19015
42893
149565
166685
253
156092
85186
2242
38227
158788
59641
105923
63124
392
57599
114040
22772
111811
123906
58051
103600
168860
46886
103419
164826
93943
53745
139045
175273
182528
123206
75277
121261
112051
131903
174054
14117
10411
21730
5442
142667
39806
29762
23214
38372
199612
28448
27879
15334
88311
152531
45897
191844
151303
98735
124752
12037
12356
84286
108103
174994
150018
91479
76028
145938
51621
169503
157790
88586
75025
95900
89947
130564
70445
69957
2883
175406
95527
161965
199289
61052
153073
41130
41192
4691
19467
148932
108665
195637
194077
82595
136513
131297
72821
192867
99727
118407
105678
52424
167391
85872
181274
95420
125304
156197
8410
140640
196707
68272
17994
144154
172226
146457
106234
124046
31059
38721
183422
148757
20628
22175
196427
140474
141921
184036
88711
38056
17878
136822
132366
17038
169741
144849
32298
120880
168080
13606
115330
20376
180099
91272
5680
150694
34474
179255
54848
55786
197304
11675
30942
130380
78086
83734
80755
90185
683
60227
5497
93394
28438
188878
71768
95156
75581
13990
13077
54728
168068
128663
26430
194096
191961
123537
34775
111659
60343
147657
118152
25205
8484
113202
143474
22464
166667
14002
50557
147242
135794
43399
194799
102442
25644
76970
56000
142398
137240
5044
20294
30518
132973
94694
103022
35727
50554
43048
86576
129861
44755
179959
154104
82216
124385
119296
114197
90471
100545
196131
83902
131563
148144
144071
126387
193662
78971
154649
131960
130540
38991
156675
139179
89531
80390
189514
10316
94021
38538
45050
73039
8741
87407
60283
137491
1188
66613
137375
80972
197068
180228
147393
168967
195964
139254
59316
91311
62313
175171
18079
188521
187318
149185
137004
62183
26230
18357
91777
38224
150418
36070
198979
23242
9887
30870
142379
159049
195552
4976
175159
141911
68110
99940
4986
161787
96759
17073
103938
132630
2087
34012
60987
79137
117908
133303
42982
85054
96100
120307
23859
73047
64187
161667
113717
180851
64984
95457
2014
15908
124772
128483
152823
40270
176037
180709
93057
138916
66758
146483
57573
119978
52682
193152
146362
169138
134843
142577
8278
196563
26332
94123
26187
79484
58638
70212
173440
138288
145838
4766
108221
188147
183823
103331
43138
28645
168144
197283
194174
177496
161836
95440
192700
37295
81495
32323
92087
199771
195669
127750
144699
76944
163832
46006
163015
40321
56425
59873
45236
163032
104487
30808
182513
75196
45769
158584
46154
60269
109468
136846
305
113769
21762
62304
73520
129573
87068
163178
197260
136824
37621
52989
8303
156047
178223
168603
59942
175372
160949
9430
76228
195892
124357
127244
86290
119902
144541
98374
46458
175947
34848
7790
198384
115615
52101
14925
112712
146103
20189
74956
42296
188582
179397
89077
183460
26600
92754
37006
20216
87279
126589
196803
178287
157786
100193
168564
152116
13487
180467
199167
48396
165072
140046
62439
166686
84447
52736
76094
41880
18812
14682
198580
41623
198344
110141
95650
135757
23612
187666
195200
4365
193487
18057
90149
129492
64692
7799
73280
88257
36634
110729
92577
149594
72361
44604
110895
4353
90167
4958
2628
34951
58927
80792
182242
157820
1751
21415
78048
188819
35710
17609
164279
67271
89161
30349
50459
77517
43255
143340
26351
41163
116107
3644
22984
20902
141726
35487
62292
129751
141721
117861
185545
106308
113435
146762
25642
20766
171253
21188
14458
24077
66217
68425
137907
47523
117230
134699
11041
17185
132278
162858
140518
45438
87403
186185
16495
133383
171969
110398
13986
117293
174624
158182
6837
151898
64064
114234
178052
64243
189519
66148
148080
155116
1245
49956
22214
12246
80075
4363
89665
55955
124924
47343
82803
122791
127365
196939
33418
109065
60451
190900
1882
4449
151035
199348
106619
103648
113229
111802
190204
102480
21274
55788
78610
38575
71950
119633
47554
63738
82187
127047
72802
64295
39321
14889
101384
60839
129666
32296
129821
95551
41206
31317
195500
46652
82786
165173
40111
154395
134798
77599
78699
157369
117921
74192
53034
61955
32222
156088
139204
142130
104332
199904
56978
37225
181027
177829
130659
70440
59667
103612
100728
114535
43726
104686
82990
18983
144002
170886
155788
192638
66067
76682
108892
126426
50932
3786
188107
82977
96551
55500
118228
160180
123635
139224
128277
132318
21341
80291
32891
42919
176813
57530
102363
10903
114859
99622
5479
25802
133702
47981
73699
77946
142830
165382
13329
114594
192857
167154
69003
89223
39096
103437
100703
149365
161798
196200
132476
28588
160124
196239
168975
109608
171356
123764
60934
10620
173445
62165
18121
48599
107032
28979
102420
60720
177524
163095
173001
187510
188121
170246
12113
189378
187901
28170
64596
121983
9086
42058
194263
2205
166336
88978
165092
44776
183726
74637
19201
106775
103262
17211
97554
8118
129012
179704
72870
144722
26770
114601
29473
21509
17493
50665
7762
162149
50415
45553
60090
66957
112931
112167
148711
83822
108615
66563
113008
35103
121010
37700
1105
97675
156051
199109
151216
131322
118670
188328
155771
143229
41702
139548
50637
118252
121389
101954
114953
40999
53399
61066
26447
190419
8851
111344
94004
658
50366
20325
164125
137182
121041
63187
23945
137965
174044
84003
150556
5099
13077
18906
50187
171459
53483
185173
8233
122951
122917
139011
145932
9358
63352
147946
83272
82678
85429
159686
14319
187999
81334
195063
70388
51621
104236
124174
94488
38389
194072
12097
115857
127043
126547
181757
123844
129255
189527
8182
14731
53298
80794
53413
29160
148346
108759
122468
13593
95348
75038
132588
67895
119516
83779
5381
183216
24731
7776
108399
142960
145515
38594
144453
178686
22134
130915
117375
76181
64080
78989
30251
111036
179217
199680
138929
104340
100971
28352
7735
108292
26531
134573
88014
46378
180633
3526
135366
35544
71070
132345
44198
119099
63049
142698
182773
120254
35798
134567
159436
21634
112068
26639
123005
4257
148776
129856
164785
35966
93360
101145
75153
66646
2177
81798
138545
172212
138805
157482
40853
52540
93367
170885
130818
99991
38837
22963
107503
56718
199824
171083
77480
118937
144457
189984
196910
87455
6896
75073
112091
35296
144032
32074
115185
108336
24358
103860
1529
123891
3942
162333
16964
18680
103443
166446
20496
148725
43908
169026
66498
22920
66857
143381
99752
74738
155105
94177
194345
87877
92122
135611
59342
75091
144650
127362
125889
109855
114998
94580
10063
173224
116904
136174
85700
28008
128372
136859
39590
155721
27603
160163
160825
73706
8338
41764
141486
13535
23759
114202
51372
71875
146985
20114
109467
34896
95289
96833
42056
161929
56967
154439
195176
36711
197186
74984
147245
19311
182316
67896
187541
179795
57566
128604
167249
88306
88110
175883
23405
150927
168295
54439
145993
40497
5503
61571
65540
153957
27932
169011
73633
152141
128765
180367
28446
49080
158545
43563
55196
52466
95883
104741
125154
179047
104261
44395
129509
132347
40375
157646
142495
117485
93830
3111
104177
162234
17402
2824
153797
24430
66898
128203
110273
15273
188795
143283
62273
68693
8619
105127
88737
116352
152402
115749
144078
52812
186044
102608
79666
190167
96536
69969
8868
114808
610
147848
39383
118941
131676
118526
163229
150923
90092
184471
38017
169255
113119
153666
169244
62753
105120
56186
191018
171609
188278
160278
134342
29822
19493
97779
34513
178940
43204
153641
155391
27848
78802
191025
28672
103460
181401
13674
69384
183359
17745
124609
82874
27101
177762
145252
148236
109788
155500
115155
156385
95417
42350
95
143317
77969
61917
102558
25581
72818
181694
137838
150272
11956
76669
28759
453
103239
88106
121756
127189
85798
15148
154719
16156
196867
77910
178769
73943
26041
97711
22318
21028
124013
20196
51497
156394
41575
75770
52649
11879
57770
104
175159
28199
166514
88988
164603
24682
152116
146987
175370
81987
179511
78772
86249
75325
115619
147748
198267
82376
159643
100979
30199
109903
152784
1609
23074
42462
44858
154733
183363
14737
60543
174773
132338
5246
61273
156441
106346
45884
68082
32316
78016
60325
79597
117175
144196
88867
70735
195242
116261
42653
118210
72711
178453
149025
154686
122735
34662
46907
134561
181516
169353
154494
155199
199665
66972
178396
49072
135872
145323
85195
151045
41105
154923
131994
128462
139098
182017
43122
127198
3510
144242
136239
37061
151349
193801
155895
143075
164734
173458
189587
89146
163879
74374
148199
48468
184401
171961
92447
8486
164780
115013
91146
87247
142971
133357
150869
147040
95966
73235
105630
11184
30607
186634
6506
15048
69526
136027
137371
152774
156486
12475
165243
57722
100089
100546
91883
192519
95020
33107
123465
147978
183331
148663
110771
17967
32315
116276
110038
60230
40105
52962
81282
160967
89386
5881
163795
61465
95488
95010
102073
83949
71573
141016
43534
181806
160212
150663
105698
19524
81466
121204
178563
132768
132585
180318
26523
127229
173722
161410
137642
187848
132074
159713
54042
73156
41173
107707
184775
21242
109741
84549
27440
189425
13886
141299
32995
38930
141944
36602
63644
67804
2055
43401
199450
80195
43639
11319
147795
73088
198566
22444
12998
3070
6470
194268
60972
190292
175006
176666
99586
28752
136889
98968
90447
156154
130931
52102
11735
136805
187883
135911
96664
58743
124538
58686
144157
265
32422
75782
64403
23146
53742
182416
50768
73800
81967
71665
44428
104482
153421
153834
77666
99313
17617
26217
86818
150198
34027
5810
193570
18345
96910
95846
18983
87368
346
1857
112716
38350
156445
69220
118453
182733
64237
112761
175143
107565
34255
191401
175661
183409
110205
42127
112292
123232
180528
75179
122479
110911
39772
1150
169321
635
87665
49124
152367
46775
136490
151083
21853
150276
79301
71365
40029
103798
101652
36830
37098
38089
46599
174867
51520
63806
74401
68826
14696
123285
165683
47501
83234
161031
89918
154317
190444
61465
52253
61690
111913
86896
153579
39074
128003
57224
186384
126520
31706
19651
154365
148574
105542
190299
191043
60260
124417
183793
140951
175490
3912
30212
32483
84545
105177
176646
192223
25740
30280
29654
55128
53021
111790
153135
194536
77605
46444
160429
49464
110925
57093
59368
136795
179899
163825
73969
161985
35610
196192
61668
83986
17329
148288
47704
60129
135125
138847
170025
149443
38129
180986
16978
85320
78631
175874
25116
10109
78409
190982
147934
6463
142449
50605
81377
5018
135288
62790
121846
135861
142763
62911
105472
76859
177695
28506
57899
95834
197021
189373
46505
171914
61316
91510
78411
77457
58520
199775
111240
197542
169831
112706
36722
136830
155121
177346
165995
102205
158546
73888
105452
5081
45025
70496
62083
135140
84733
57935
67292
180213
73139
166961
25284
186254
120011
154405
145183
134763
199111
79746
60788
80252
196515
161083
140636
4757
176612
45542
28895
107045
123391
132185
54730
99300
103267
189541
40092
93428
184480
69621
94362
42671
71987
171706
40351
136987
182841
145152
153720
193431
144006
121873
169797
61072
188367
122748
69906
179427
6866
24110
155569
106005
180223
29482
85126
33515
29009
160480
19543
65449
190989
96665
39059
49105
199553
79053
174285
122141
22056
133248
176825
59891
102003
135439
190555
168368
35673
179788
99975
31226
8855
63847
156171
17147
178542
150515
90088
11116
24597
27201
46474
125203
166491
81676
165265
140507
72719
70132
68971
172391
37834
194604
34754
124952
46590
53590
120336
187004
84021
65275
8981
184150
190327
93513
79440
169959
90132
53452
42522
145626
191573
68578
88057
49149
132427
110009
5318
101816
105287
138556
25147
89509
105396
123614
162428
130793
144526
78703
162824
53433
196053
196970
92718
46555
25511
119578
176278
42654
154366
94611
36898
188142
41840
164340
151367
171837
92056
197758
169876
122821
103195
144824
197656
38879
118389
177299
155887
171993
179978
97030
93630
191154
5800
58004
133404
123934
185951
103895
136635
97036
84571
32761
100150
125826
151293
171178
11780
189539
41289
114255
59205
43032
85643
131235
160276
115816
159566
46689
107922
63179
23944
81902
60602
14788
144924
134557
2265
120762
114123
25654
199259
25412
199550
91147
196444
174729
170316
28707
167213
133699
177803
32437
80082
178292
74333
87092
34122
131270
111377
105268
170357
157533
56736
152982
126731
71177
50867
167433
132612
70092
140772
162981
26893
61572
140074
49318
105411
52314
31008
53695
44881
154943
11928
52847
15164
129639
79151
176298
181875
198891
12080
4716
103012
138734
13374
180172
42706
86921
63138
74968
12271
56745
195327
17200
37805
83218
115884
100677
159161
120393
195469
80464
167217
193034
153396
190474
44
98048
82509
31799
192798
169295
115885
136468
178628
96174
106179
143563
86312
112151
148859
59993
156369
89848
90290
49914
57992
149663
154298
21362
181655
35367
83751
90576
179446
76180
64078
125651
106282
23085
85476
188185
93093
4003
56616
96253
114556
125926
111368
161975
105845
113787
98768
94297
86580
29122
1474
124574
112929
151676
57273
82624
107526
100495
139842
152840
6687
187297
63032
147861
18082
94990
159229
176798
31038
80119
161832
175986
56945
29412
157155
150023
18649
42519
28175
198976
74774
158265
190696
73031
187071
180576
170276
190415
131295
6324
92294
171799
29436
27115
182234
105132
16210
177726
120147
102056
166578
141225
160105
143743
187134
84443
93313
24178
63746
13254
146572
76095
138589
109066
38360
122136
9265
68444
103186
80840
130584
95963
191885
89892
176170
68768
185327
175410
168212
172161
80675
222
126180
167235
158957
190701
62506
78701
88760
164660
14796
152788
68024
168511
199423
42673
83031
38580
94794
49581
119110
39893
147974
20402
73292
198440
147204
197792
32087
135429
126760
139651
106685
45627
179763
50836
146384
17906
194076
171567
18485
196251
123796
96437
163227
84852
180909
94214
128735
188481
10826
128962
146250
1695
13206
130167
172299
175417
94958
171168
37337
182657
185374
10623
119664
150618
195007
191122
180717
109474
142758
85047
71704
12172
5041
185198
191750
92980
128160
76687
14358
35613
124774
102165
56082
27199
100606
7444
167882
14127
16520
141063
159683
197018
163571
121935
127805
190617
45049
126273
45783
78869
114979
162429
170768
127439
31075
74812
180641
23305
177934
70803
147583
192354
122031
37078
134064
193775
88966
135013
107246
160714
58114
108424
8062
131546
28091
75809
37482
76262
199542
136078
167088
11623
33773
40096
118847
62425
17611
123407
44882
42427
172170
137986
64721
197817
99836
198576
55088
60162
128975
127819
165933
131538
14382
141175
171494
156134
190564
101982
10040
116312
108869
138124
190480
134118
37638
199412
87995
81872
81531
194400
144511
56179
84616
87014
155908
53437
67098
84109
46543
159389
124968
94644
158379
91711
61918
23315
174647
143916
64194
115566
72727
39596
129573
6193
184021
46984
186070
7434
175692
97198
43909
37160
86274
144828
44018
197917
6373
119324
67737
121304
1151
49022
118518
154644
103531
192950
167443
144386
104753
30984
149236
34398
131446
74604
125116
143547
114999
52736
190723
140239
182323
160481
125629
30360
183113
153125
139401
85578
38943
128257
24818
184012
52222
110405
45447
169243
58231
92457
38314
6006
180149
86884
54168
41479
96385
2953
63764
28072
73122
139923
150011
178579
26939
188699
169952
34430
158823
143445
169536
34875
177104
114069
74353
14308
153679
94776
134630
178595
9929
37260
23197
105410
31176
114497
27194
35052
178154
191323
37804
175061
52962
139815
82689
76725
93752
38749
135420
128586
166448
58990
188204
12253
29388
192366
9660
46585
2690
57632
56847
86575
135824
184880
46398
115292
58813
165911
172584
199968
8484
33097
27871
180904
28415
34780
147793
20366
91264
71449
185303
56018
165116
68343
41073
147782
74839
178285
145825
106787
183396
168593
95435
46436
144239
113214
44450
146272
167247
149281
165229
126224
89643
160544
141130
1549
55939
115957
26053
193617
27910
13857
157148
54503
49056
179424
105838
120177
178647
55940
69780
129584
130523
186816
128597
151130
194686
58043
118309
144875
49024
25687
35741
153793
22777
162724
182088
149760
23411
43336
46513
6454
96721
199280
111315
171
141692
160425
165889
137793
164600
5318
195918
123913
131714
21227
177842
170691
67289
165934
167570
88929
6643
2131
55214
174562
78823
79473
134177
2180
29864
176211
96946
137043
148069
21440
76604
178642
128288
116602
19474
66597
111032
50040
175668
163288
85351
70081
168016
56064
129535
37961
95572
163328
65425
18501
109706
167561
92460
144413
39647
45098
70161
132156
21319
140725
101724
78762
179208
132704
24940
148717
2493
60168
197111
94956
43610
54856
134384
11611
9376
11663
83855
176194
65354
36665
31613
194396
114340
97891
51437
108429
74448
148126
79216
126392
35429
76294
178480
65839
57289
116331
35136
24144
35065
12794
111083
43986
21314
145382
45215
16935
184613
189790
6963
155293
106618
69487
38023
30288
68083
136330
167146
68084
139724
39425
155193
105298
35763
2342
131383
165068
67667
193634
117356
25316
129202
180151
55170
146054
189890
129843
116238
49281
132993
161772
164535
184033
42207
24092
176400
140992
34072
191157
192223
157393
177940
48409
163026
165148
152941
39789
59423
117610
186160
130861
54432
173777
15747
97350
84330
23891
183769
5437
104081
119097
79196
95271
109153
165447
23034
198441
106309
116976
145025
109370
151677
101458
47043
81764
108094
132454
7467
164510
15481
118285
44534
36045
14908
22551
157715
90831
23018
157790
156680
67979
93703
59534
10161
156659
21675
4746
155181
110427
77148
59388
123081
13372
125475
188578
162
88445
155431
114038
90373
105712
195599
184285
111589
99071
110828
104354
35113
58139
175191
24947
56183
164759
131898
189014
149899
132369
199826
49659
155507
93737
118157
153294
48582
101865
5036
149085
109245
198973
16285
123113
87444
197054
164742
194110
140108
33208
64611
8628
103433
74111
75232
53434
139886
151285
109256
84825
86015
46313
65227
140790
197398
166126
71545
11758
156793
175915
183206
162594
59358
191631
97577
131445
59942
97735
13634
171217
93427
126002
190596
83838
84872
105772
23968
196071
149006
111996
130776
85925
133200
186391
140923
37518
91104
138893
122236
163770
93980
56334
6217
199419
58178
139649
118810
73884
14806
15635
121167
158594
14195
54273
109942
48225
186629
191799
185645
92983
84813
64015
199949
138123
26379
142176
120055
78958
159319
38016
112400
60170
30595
146126
169269
87619
21050
18900
8408
15678
56213
110286
172741
123716
96073
27088
193163
49334
115556
131563
103618
97612
97099
98284
129333
130016
50095
39362
53843
38903
139535
59645
114835
72021
128766
132416
47342
182561
167572
138933
141692
59441
137171
186043
83258
120137
51670
8125
74142
119462
95654
62906
198392
197916
173146
116959
57877
94069
138155
99544
190848
28498
168963
191524
84427
91277
109045
183643
104470
8721
18191
2441
5086
177324
76178
106107
40272
68020
105949
117541
151836
23885
23880
76314
195573
126765
155493
21292
90918
174943
160453
44613
195844
43040
184317
151880
191924
126653
1585
38615
21073
50918
194076
132417
170484
39512
60778
63734
26693
102897
45657
148963
32443
93327
15224
170154
66765
36682
160036
135822
17183
196210
167209
61263
127071
179906
1901
182552
147963
505
177554
71435
199803
11579
181603
190866
11809
67448
78284
119304
150540
179578
43294
108368
16311
10358
33916
131349
42856
166194
80791
120919
91054
147174
32113
187505
86726
37894
77503
187128
116050
139782
35042
75055
57545
102454
138862
99191
8527
113838
45995
54963
24174
7092
163836
53784
184949
82371
32489
78108
18339
37627
106850
57144
50669
92179
88811
86924
27255
151895
169196
166973
198804
155904
181861
150243
44273
4521
113919
189256
40550
183772
141009
167248
92188
138724
83416
69571
199639
145972
15960
86357
39890
158766
85867
140599
73504
197202
40554
31125
161088
51062
135056
165224
85633
178069
52165
188932
76886
179650
62917
85480
185562
122901
185874
77341
60856
186291
51576
18227
133332
196305
193229
141250
58938
123507
91604
71971
97521
7510
67303
35310
8457
185791
51967
106025
88862
96082
134340
135881
17673
148416
115891
157989
114423
50561
58093
173544
130014
117337
197586
114984
125321
192832
73358
58489
79406
59329
89231
159621
87504
52117
133784
78462
61115
166232
12655
141930
133723
45167
31469
115924
155766
48020
140868
151284
198478
160333
181924
109704
66922
129705
89297
84907
165295
68071
116815
176962
198270
198502
130380
66103
139857
196298
85281
104682
183403
457
9087
131252
120969
110351
169772
195675
145739
120238
41538
85718
46123
100100
184676
28452
100076
82302
82780
57134
199821
167445
173903
91117
77950
25856
101016
187010
140602
36534
104163
78646
77272
167647
30369
25707
39190
177577
99172
124859
172220
95669
68175
152562
123548
165973
152175
105713
34283
71985
131203
118420
54529
69641
156347
90865
72950
131558
101066
185808
91830
135858
79589
107199
9494
37971
153302
70690
143353
175132
25147
1097
147299
172393
86725
112702
44374
42164
135613
41268
18661
139775
37839
4422
192503
167614
188007
28818
121503
113995
33217
189264
117998
8174
62275
25964
66916
192956
163020
158213
187772
34414
130037
42758
127544
197399
84008
58178
45202
26489
139287
102656
8129
16884
52764
134699
95872
198554
145656
20204
193091
113243
187608
72874
133405
124458
188936
153183
37441
57426
101767
159428
47990
116814
39009
54898
103803
9780
199899
158806
66307
163328
99188
61630
193082
11479
45064
147136
27388
117164
12412
112611
24715
92723
179335
155003
159156
179609
118468
49276
81162
5158
167272
119507
55447
104597
112695
45365
87704
93744
65072
194556
26357
180241
148000
81447
26486
173261
140315
147051
8273
96374
192503
71390
117518
28520
1868
169376
61126
15838
80560
134115
87975
125465
192195
39176
38988
180682
162476
67544
40776
13317
137991
45401
17243
68390
60756
171678
18829
68161
136748
130502
42179
76224
156758
56368
55868
105094
78622
12681
23195
85243
184072
94950
188579
181148
41268
12613
89874
131840
59186
179013
170693
91270
3436
97275
155973
102834
639
76920
146544
150645
51338
67391
118563
67656
109321
163916
153307
165280
88287
16853
150315
1822
89355
133942
76493
27595
151374
131601
173738
104842
58054
179145
143417
143200
180032
147199
28855
93284
185261
75656
86072
71192
193120
118090
39664
154832
162072
131503
29994
143859
11799
193114
162011
68696
119510
73643
60412
36448
38011
71255
163685
28273
38692
118634
169203
88290
59631
114601
175341
92541
126089
87409
76758
53477
177813
91792
98469
118199
125803
94544
39512
196316
33451
8764
56765
156883
133430
71602
115299
102854
178761
191196
54125
109081
5036
94342
114701
71850
56712
75253
25679
42195
59910
101761
53233
17351
101957
185784
39064
91848
152867
88067
166278
88858
68187
114821
26047
93932
49247
127345
53417
171061
129203
168772
3635
85039
112707
98512
166737
39564
79042
89057
164683
176791
94276
126784
181838
49306
37970
136813
104941
18929
36378
80567
144915
123504
24133
29847
152435
10105
69904
115863
160790
11857
181120
67241
142514
54701
114097
149487
126874
85325
121944
112715
84819
59103
173214
3739
143015
61553
95429
199558
24640
117848
97824
2900
26199
30578
111743
198021
180411
18439
191319
57081
112910
719
176564
156903
126390
173763
155327
140274
196610
21459
142314
142420
70102
63672
85465
84219
101136
142106
133735
97856
188916
80066
101653
172006
29385
61079
9543
61440
97598
51292
28666
81038
88778
96040
68941
131616
120776
75057
135036
177301
149237
98378
156218
159892
72766
26012
88739
158939
193831
35816
98311
126152
138079
159306
110658
21639
163335
197732
103452
109849
52215
175408
142323
116873
59500
18093
149410
163216
124360
78397
160907
135179
74966
63852
71007
167772
185015
176611
184866
169645
134544
127339
121212
190082
20963
27174
8486
188741
24096
54790
23427
193503
83720
47636
166476
127828
122261
8226
24007
155567
116426
83422
74339
135931
190652
95323
54238
108591
171618
12987
180583
98107
1778
44141
93286
81790
194637
137212
199603
119211
162681
179311
1730
38987
130728
33336
163437
165111
181300
133859
149752
132247
198046
48377
36537
83724
160425
82338
113703
160861
88194
30660
65545
199033
116731
136909
139664
144215
61996
197315
36519
191316
172382
40502
151866
59680
39291
105497
98405
175806
23271
134647
102428
108582
16048
84619
71079
20410
111198
188659
41302
115764
89022
85498
188450
136308
61399
97466
154639
145883
29377
165506
160122
46140
169511
151535
23860
66005
137245
70628
36414
98737
9353
94511
79641
52792
40750
157830
38914
4813
149191
30691
33437
158260
21501
197044
147533
33845
105646
9872
147528
149905
109772
46513
96523
167888
196659
65574
110236
181196
162742
158484
191330
84291
51952
191265
192108
103863
167939
151435
10929
26357
167985
104461
168102
130148
90419
90462
11927
156490
110890
185649
172938
51786
196465
72196
175367
117887
59956
197614
85990
139024
21669
141954
58807
1899
182816
10350
118875
183203
74327
81362
117480
40924
55665
13094
177632
164855
52045
110425
17509
99690
49621
28888
23322
135540
43870
50336
128988
78240
12039
33448
164519
129171
5115
22974
177246
102005
177203
146686
69866
84108
48401
7132
59974
107837
194580
187486
96629
113177
106606
186752
5056
155942
113926
94911
47194
49250
39244
87607
79151
66107
36547
172127
88805
194459
36813
121420
97118
140679
115779
115357
1346
148959
159747
27629
159766
97524
20554
10476
144733
152136
81757
112379
113489
153144
64898
89047
91165
20144
148100
193703
18096
99167
11828
143134
3458
69948
131976
131972
186545
120743
119919
152183
169745
81708
184497
78896
145215
119839
16986
110089
187
75039
183949
158068
161624
142337
162400
86487
13906
128018
59158
59323
159554
84556
15289
57225
125733
144310
181756
89951
77184
146731
89807
71268
114607
175600
32555
182858
160205
195825
111232
80304
23599
90512
87841
107850
23523
196994
152098
3159
99853
110543
58685
146445
79980
32736
170779
187562
9474
184
75885
188081
98015
9403
154160
84641
27997
91934
4356
62536
6818
115893
9400
78839
41108
95128
661
74342
161419
60582
105471
105801
143235
83647
32859
35360
171428
19896
99330
106565
185138
31005
186187
76182
71039
97801
10218
164291
27883
46274
107443
104332
62148
76655
25690
131796
195246
137689
20270
159896
86963
165658
192762
9221
139153
38023
137637
46554
165845
199154
166249
107329
100597
192831
49062
11954
176959
81416
103356
43941
110506
39729
79167
55273
46594
185493
187243
108848
83017
138120
90556
88534
103762
196412
114821
99278
132119
103356
174223
161191
8011
160556
60897
85640
167864
136775
37457
133066
177509
33194
23677
87301
57964
113532
85475
107270
17979
156531
193487
46370
162932
77408
141139
128380
181445
60837
194042
88248
92323
35656
109664
106224
157320
150414
101309
101924
130335
128992
178569
166917
130507
172471
169410
194004
23396
140170
185975
171656
26496
158020
87695
39888
88420
183876
45031
151633
139906
148705
175249
152597
196777
149414
61392
4681
24174
136792
57379
195515
136277
67494
46692
185088
154202
147202
179900
98068
53620
153660
22663
190577
8029
48932
61583
78162
9855
129303
2730
14084
33089
144880
71471
87127
75324
149301
111996
49955
113229
116841
88657
41751
39692
55745
4155
31411
122080
121236
9838
188935
119931
118726
86396
103474
59135
157939
185403
189955
162310
4626
197197
19660
118672
158511
101995
75232
127466
189958
133741
1829
76573
198625
93817
91662
87663
95288
184905
176418
190646
164752
159535
19304
16334
53344
193930
153413
76267
96305
73686
153685
107979
79052
40123
157761
2982
19557
95557
102686
188964
29255
70662
151511
194193
95837
127878
22267
143352
27098
124329
50552
169270
199846
193843
32636
177408
172436
119007
178924
65709
97910
145872
169469
127192
67354
157426
32077
199221
150993
39022
37923
193021
161676
186683
24804
179215
125579
13088
100095
184955
135042
170884
130456
156719
4260
93931
109447
18779
74269
3221
34088
84079
80478
153115
177121
197948
106941
175724
39180
118303
161351
18556
105380
78570
17961
198568
19064
67975
144417
56436
65666
64358
16297
183934
125686
160631
39872
188546
15271
84616
39634
49210
77050
167667
38275
182618
7884
131893
114682
158405
199110
143291
179988
7628
49967
48887
16433
65855
147517
67361
178992
123676
168034
187242
104366
62049
1418
67926
7286
108210
156461
14296
71334
111400
107313
154513
107506
138983
196377
60547
48617
193171
120278
72895
69362
143122
38886
155019
174378
94177
162670
189793
68132
41891
116746
189076
152580
5242
155985
174807
161143
162450
68597
164636
53302
353
109549
111527
48185
13759
162091
30928
12965
48598
163253
147426
57539
113582
62822
95957
117022
132395
92258
161229
153962
53570
18926
109289
141047
66038
78792
77335
71456
43965
76765
178062
15547
14035
117559
195031
137398
37117
143397
47328
64643
30064
86931
3024
151190
184440
71560
52569
106335
12648
193360
24734
96688
106424
174539
12093
17853
149169
42900
112981
67507
128912
98028
187632
126290
97649
168863
18020
64410
77663
92554
16593
85853
165103
8922
76757
167979
56321
106762
43481
145717
33718
84701
179203
84217
131830
71393
83914
186639
163261
61655
126200
3076
118502
143202
36097
55616
153695
128967
15289
67898
88842
184428
25356
48550
199674
40570
45097
97203
150550
121306
89081
156020
26748
115790
196601
103445
68891
59944
42462
167268
165478
71263
145160
180710
116542
175580
191791
117788
89910
146680
7487
97876
51745
175012
108035
54160
74930
192118
72838
8307
139740
57430
189849
141048
107668
184813
51226
177092
154465
142529
11438
185708
133383
179514
189653
129778
2494
131204
157402
144353
105171
7207
69579
124714
2953
128957
170516
110208
85730
1638
192426
38499
83860
123135
183966
199027
121265
178407
76308
187482
41924
73570
78481
166753
64154
120590
177667
198999
112639
160637
6969
3916
143693
38979
80663
19707
164218
86343
50825
134029
24385
174517
182604
115998
183286
119924
140781
170005
76861
148359
171364
190584
52263
170913
116684
33015
97966
128704
112749
159590
6107
31383
120914
107457
39410
115196
193703
194091
169327
43042
4335
169550
126304
80114
80909
100841
102362
53977
130271
148784
33221
129516
158617
5494
68407
80559
32687
148611
167583
157406
44752
69892
97884
96848
1121
102640
101201
73498
52042
168337
96463
163061
178680
146940
193397
102354
140706
113914
118595
104129
175285
85421
50430
165947
159309
63748
99583
20194
10680
89805
3004
124945
22240
151045
21710
190657
1261
189916
108078
178070
23201
108473
68468
165688
186504
32140
115187
164779
172784
37993
62828
189317
175724
147152
27537
105514
86163
146598
198316
118864
25896
165247
18602
12009
82027
181960
152999
124673
137216
111368
136135
124893
102031
12951
8600
154627
101258
92454
27756
171643
75217
96445
63167
172083
91515
54518
173297
97618
174970
185753
106865
40273
100410
149597
130033
95190
507
14685
166340
125615
167746
13940
174282
169892
141946
86171
22950
79298
50394
182860
72121
195031
150553
159471
164736
76630
24841
115674
104563
15806
89148
132535
87928
108051
72111
199246
163258
16570
25401
75592
156852
149720
184904
171454
178235
193512
161561
56241
156073
83632
16129
49474
139425
106506
89824
131422
63594
51002
54951
139651
174955
122457
78274
199234
180425
137083
15363
13473
109121
165885
6577
160182
45143
86678
190929
77663
33113
81433
45983
30357
168816
103824
155667
103900
20216
129151
199257
175428
3038
55687
188760
39080
39708
77481
168715
122155
98842
75784
50575
94556
187703
45406
198390
91981
26399
188185
168589
189582
134375
72953
174876
14771
82903
65759
81421
189599
84086
35746
38526
186294
28673
91263
53142
120085
167011
152222
166850
34340
46601
185839
118391
108710
73429
183166
190227
61656
25583
185635
26094
165227
108880
135377
77795
91225
72704
2686
14191
53695
144542
181285
10358
59954
2848
96342
148207
1417
27056
186005
64200
119382
126269
99191
31928
157713
62892
124794
13041
3975
90677
38833
100287
122498
46185
100245
13718
20301
52782
101872
106324
21110
11508
153305
186322
145698
137913
70908
151620
31696
193931
54161
187129
23666
169684
57048
100583
742
104393
97128
22369
164730
29722
105755
167065
1282
60790
25905
109134
107857
121053
48998
68988
83520
189596
197136
69305
77630
155400
16909
78338
188897
30688
140949
143150
171188
3998
94423
150903
99552
59309
31699
280
136073
119654
98062
191162
111517
120858
54446
149375
95194
19260
136053
73319
133273
77066
85761
143811
103997
120113
112381
78929
106890
99583
68521
197164
125005
187357
75765
74711
162968
78859
56165
171628
28665
132498
84259
140581
96670
29308
16993
133548
51168
16595
159557
47007
178340
25943
2813
146847
56727
131617
113772
107510
137104
195482
131620
135769
42852
112197
86495
140938
83320
6663
140723
73380
58832
195792
77653
135055
171051
128279
120469
83036
58774
148447
135219
63486
140329
138339
185864
57255
3580
122449
65267
72069
162412
113197
39913
176106
113668
142311
70901
81121
130986
63596
60732
26097
13236
131720
52154
136528
86532
62547
31504
23443
112252
101488
103853
124873
105339
167628
85270
102895
138049
7689
83327
66320
122473
183581
5258
49321
172127
126101
21499
140829
185118
124218
70467
66850
184680
71461
50541
183342
31191
60127
160360
147947
7168
156215
198394
163114
149825
69547
67617
99874
86254
74677
190389
77012
76804
77387
29871
22733
158370
33097
2569
48249
56491
51406
156342
21549
53745
127679
678
50082
26262
174545
137372
14711
14707
105200
133794
73768
55319
54355
89947
146284
66425
193701
86759
196392
150250
34174
146972
114223
66350
197953
89140
104097
175697
3682
35503
36058
46771
83534
32052
153331
20916
112419
68621
73549
98167
74831
102929
76034
159691
192009
136431
60381
164161
59384
176995
140944
70774
157874
85111
39270
1684
59426
76616
65408
186584
131661
14856
33489
31015
8738
123492
137256
73201
179507
122788
125930
129397
55406
28663
6323
54990
193010
97011
21843
11310
176939
197832
52640
152911
37068
167431
60717
90508
86385
40670
174415
198526
176234
59018
15772
146547
177621
31994
120103
111676
20097
7108
1337
13304
13026
154337
198075
90392
152968
121238
67077
53137
115586
122263
114364
128894
160554
86108
65226
50309
185065
33961
6920
100045
19934
30047
163074
172003
59609
31036
180318
26368
191200
99882
174299
95319
150741
26622
153858
92412
124033
189164
194220
152185
142503
175563
173632
156631
150313
45489
61027
143503
142433
189403
3116
5724
130369
138165
10877
87918
88817
51081
49720
84030
193129
85475
69273
84367
30688
93087
7352
78505
60281
166211
151132
102556
115249
38623
127088
86630
48762
104758
100851
64873
135029
28253
30845
43622
15812
103589
78689
164549
44454
108344
148501
12684
142501
114004
180479
109062
87858
111500
75474
198002
6184
151944
134459
189247
131105
59710
68492
101593
82212
168868
159909
4965
125844
169995
122726
25902
7390
134007
95422
94197
163788
159706
70241
156605
66880
41662
79665
3902
66416
153455
58745
131280
19605
5646
188477
63596
63712
170953
151545
22169
104944
181385
34724
160303
61777
175777
49571
130877
116046
78753
89107
85637
65376
127782
88152
197331
120137
179663
96586
70595
165732
132221
50322
21533
110617
143726
140524
133860
7264
78769
83956
136985
59743
79728
193950
40824
6204
176414
46021
93268
168738
129123
127877
49118
137531
192894
84538
151953
165053
28683
2501
139695
16146
85528
123053
192194
176082
62122
65006
59652
75545
149379
173789
88229
43400
42278
19162
152428
138708
60581
178222
107784
98590
143925
102625
38033
175860
164849
194559
47567
100787
133848
12424
81236
183054
166057
6457
29713
87268
101075
94009
141893
46597
100106
65978
149228
87854
35102
101170
27747
99334
70682
170171
57275
194
60827
73595
34610
187624
112612
81053
62974
26823
191059
137832
32505
64009
159011
12748
130673
36307
120166
150031
169425
122922
2912
72278
76862
108256
18162
141783
174537
5525
46984
147875
45273
30951
96768
82154
41661
56694
55480
134935
158399
134341
169138
85866
29570
50734
142435
158302
61447
22414
189927
51800
49654
58498
104507
141995
114582
76544
163747
33371
70500
146586
195821
68854
116202
44786
181984
119569
94886
83163
140719
77684
3286
10387
137360
49240
141401
77573
48902
121807
136174
74593
191449
54177
115503
52996
181658
1876
97794
135835
171659
185526
5721
78196
2233
114497
149158
150952
31018
34734
117780
24244
188194
84490
143994
171378
160206
135249
138520
53985
61072
111609
83288
30678
101723
151476
190514
122236
173272
31765
52775
45625
47000
67916
79449
54845
11314
183289
98772
63544
95764
59750
86572
137558
16490
26030
53896
67928
42193
86840
83766
159450
123790
161709
113776
78670
123210
67889
68962
68841
30431
19838
8603
29289
192342
137731
196433
133993
115475
80576
65472
85444
135953
189052
74857
150164
46431
2950
133933
137357
141532
76
18626
158912
184815
41774
164565
112741
76440
133965
89090
141650
161902
91343
49031
125817
71061
28145
71650
64304
132565
184294
183303
76917
163961
89560
37939
79850
86563
112383
174106
27222
156642
38975
106317
193836
157139
44462
142557
194116
36061
44001
91028
182778
87490
141014
11848
111541
50900
167728
148614
119071
121812
80852
195255
72736
150948
102927
99638
126851
162710
126678
74064
57167
77319
97595
139565
94678
172807
118683
39999
63986
123473
170985
135392
149528
68468
195877
178798
106400
60033
198840
13964
156832
87816
122434
456
78439
151332
49641
78957
60786
27618
130404
112057
143112
84002
137709
187031
163356
50005
5615
46083
95022
97099
39906
338
82283
97111
171549
185474
33656
175490
159323
82882
3075
94634
157250
56902
86709
141701
177867
190743
171437
47988
40644
139111
150341
59751
71966
123101
151575
17554
188989
162787
43918
192095
126799
88722
94979
174465
148821
98407
95840
51537
121882
126863
17850
40120
38859
37728
31466
110100
37353
168440
96392
102560
188960
116749
111809
90906
162156
21251
116439
109833
16579
51899
79573
198153
74139
123784
78024
133664
41448
138586
117234
88930
152558
88089
91320
175879
73611
24855
140090
142509
8631
61784
101388
79831
171372
134540
175526
112948
113968
16988
91738
125960
168
30386
159752
133673
123457
33856
106131
12642
86048
123852
97058
181391
193359
92502
38824
151283
187328
65524
123458
47606
28359
65866
186896
192194
146654
166148
112634
140558
137051
74708
167965
139144
163228
31837
141457
16984
112238
59378
196836
52265
10208
175075
121667
38020
3340
84667
111762
171578
137814
172419
196199
124524
118637
99814
31462
129838
151927
154914
19960
80097
75054
105717
101993
45894
189433
178293
101840
77003
96602
187204
57066
188170
29838
137152
3711
101914
151082
91440
67907
174596
180190
180111
138685
28201
109273
33545
157131
196830
17241
21693
131072
27821
30143
147566
122028
9376
93568
195258
26640
36282
176451
88098
111013
199031
76675
73926
148585
120144
45103
51541
18341
125904
169172
98171
23511
66335
188988
126281
57414
66410
161079
178372
38743
197620
62540
12141
57334
14216
64969
187909
125274
38907
165398
16577
119155
43651
24399
96565
74331
154869
49958
167350
116250
103146
102070
172201
133076
53130
56558
111909
69287
116074
14342
188908
161722
189217
143744
75974
38750
150522
144113
114873
60374
174257
150255
147398
134588
52857
166449
119946
129216
183582
29232
89606
143639
185546
149231
196681
177594
190638
95410
171756
96712
124839
11892
183139
39292
195309
171165
112055
52784
184705
92358
68228
112168
96017
56282
119239
96085
102406
115059
189108
27559
101905
127289
198417
159987
187683
128391
11142
166333
125834
177104
94433
88096
83793
78335
179805
45225
90488
135827
119010
97938
71900
174305
192250
154086
22249
90842
42697
185990
150229
25186
42296
49041
193873
152431
67980
43674
111026
34236
57325
165024
88984
82559
7242
180092
142813
101152
132472
83989
143799
141341
115510
82148
106507
23013
191063
112484
174805
191641
110113
2765
147152
99653
40036
61837
37553
117879
139819
194564
89237
99414
90156
70232
118722
103061
31922
148372
20554
146193
118562
159346
146402
40880
130402
8783
126365
189985
5299
4871
29129
11867
140157
74379
15845
111078
112963
32769
149419
80551
8615
61021
77071
153223
54032
19926
40632
199660
194637
199630
41050
85475
77473
196983
126289
111083
176175
150808
16729
177316
29933
4260
1759
158324
90236
24457
63296
75370
30645
168502
17992
145181
61766
41099
197393
90545
53527
32419
20693
65995
173082
67959
103462
138494
194070
95169
103791
37938
113799
170792
96869
31811
46633
90700
127011
52740
121468
76721
145416
36064
58697
152475
144909
21666
39791
53353
43371
14141
78
184335
45881
82858
88328
135016
17123
3202
39485
150821
62713
86937
52943
176262
101241
134161
109431
70042
161680
193122
132105
86680
190200
95232
49079
103304
143501
141354
132446
151840
9858
11201
188979
113108
181573
161033
88686
117061
72080
47510
93336
5163
14415
91661
34050
88105
157491
52012
147884
109650
115856
47023
50890
26450
186580
139024
40913
184029
84045
108445
192737
167708
120463
198215
74817
39898
189908
163608
197302
79303
159797
88791
121380
98401
196472
130179
128599
15643
42442
167974
15474
185142
119775
30362
53660
164517
10807
125936
139083
77430
80847
21253
149835
62388
14864
71855
35020
61485
17568
148236
4047
99641
50329
42827
5173
68117
117333
155751
90423
145941
119069
170431
185881
166241
147789
192694
151622
89859
15726
199245
104035
181549
157635
150525
37107
33199
80983
6929
49895
146026
28291
32640
99125
22189
109178
118346
60382
157318
71003
25569
118216
76254
100010
91558
187878
36944
118076
96344
12373
68786
57225
94155
114185
101294
100069
17317
69881
133689
172913
125240
169254
143042
130372
136094
70208
176173
162818
196275
117426
134008
157163
81718
189488
160422
89625
177259
11946
101141
123429
114383
195584
116598
141910
85100
93122
91389
100581
149148
137000
16966
26652
53461
175661
60412
100728
66726
195619
39359
134177
27788
184220
86050
61607
99907
111239
21354
198507
150534
74914
43498
8248
121687
5550
143512
14062
38241
134771
79043
19398
157575
95242
165703
70779
21049
28031
54527
69847
69954
139608
118517
51007
153888
112424
70591
117498
22573
174339
107027
125618
115551
59081
132288
153208
149916
33159
35365
76031
171470
189151
48434
170620
97999
28884
142370
76446
177535
58939
121818
103906
37485
94249
133785
155541
35032
113388
144064
153813
29338
153669
7436
159020
138135
82279
188591
82701
50091
183948
176270
97925
136567
68001
29702
195540
102111
160751
90548
117393
130702
140067
180174
58862
115380
67993
51605
40085
41650
28461
137349
60984
147394
152360
64110
91735
158263
3406
30088
30868
15312
39721
26289
109352
84774
23021
196455
168710
47468
170842
39071
18308
109975
130906
125637
74294
197563
28376
108639
155479
130294
7401
41874
64644
55647
161165
38741
72824
103686
17306
187690
135798
126502
64998
100003
90523
4084
163205
192492
127605
14941
58617
17617
52046
194626
54050
74020
118518
197177
102761
198906
39650
67467
129113
157946
147759
19356
61736
73652
104311
140996
40378
156378
130221
177560
198394
151958
100737
199444
67885
12068
103448
23926
75829
148229
48796
178476
8703
25884
32705
142545
158210
33860
151148
3043
107814
139819
21139
163750
179872
13559
89757
53724
135135
40290
54910
157049
42927
103195
188795
58640
180018
14168
37905
123067
129646
147026
186445
144437
120786
175098
51396
65132
53682
27264
125050
151092
123276
199583
41113
167752
54589
84107
44147
155454
53133
194000
53032
182755
128843
171472
26171
171833
173774
14228
89428
30589
138881
165931
175851
80579
101095
72618
72996
178571
175722
1020
97371
23372
196450
100121
170890
99508
116447
22700
198432
18357
4575
150625
67170
10689
87864
55300
105141
144322
125583
185952
130287
141278
104469
60973
183464
101671
89274
51431
153821
24598
44311
179650
30077
26960
98819
2950
112602
184356
31527
190167
44891
159316
41595
178235
157317
111619
168617
46568
57689
190955
127584
188462
170092
185471
20408
29098
22732
160117
19861
171786
175735
48538
160212
62748
132698
189977
45657
94678
126026
124501
189419
85673
128721
64048
12778
41002
18224
39914
134368
5160
28493
50399
83571
196834
68782
81367
91546
153223
145466
177966
91933
70971
197282
92328
124623
105252
159445
186460
88923
14287
176659
170360
137627
69613
75540
67097
45507
18438
118861
126468
159275
30058
50569
139844
99574
129734
38429
110282
97358
51560
65175
36216
157688
21560
25172
85676
158785
6870
186418
82624
101580
136182
68095
79624
187510
154646
199692
61595
140771
192018
151162
27879
111043
10067
35984
137038
24608
31166
190815
12628
95533
191044
49559
51148
11854
148682
3649
45492
117630
27744
119234
96752
56464
73742
132503
3990
10113
36269
28340
141926
183421
173025
153897
136947
123723
3887
192712
158119
164592
59409
160318
22181
38063
106974
183954
195876
46191
142540
170281
179443
62664
196586
3491
38290
172458
144967
126230
117750
99330
73212
185315
33640
124529
162910
82599
36531
72686
134168
193035
115648
101651
84875
177106
9515
199139
177105
94853
60634
165196
154094
82890
34987
44076
67691
157105
12579
129981
156505
39188
118259
149178
94552
151048
182434
82958
186178
62871
61957
95230
69724
189233
116074
107413
175316
182007
58813
62945
141915
29626
152324
140481
183189
97500
121381
29838
175418
187199
84506
70389
88572
104157
182916
76634
132609
108343
53068
84193
99002
21266
92369
148454
71875
62799
122072
104682
47367
106324
50646
161695
47633
152967
100112
96463
94005
51380
39085
41014
61104
6680
36058
53206
155621
161437
102094
85826
184353
2572
162120
157207
170653
14806
119307
55336
65329
193724
92824
113080
106318
40747
46020
144776
84377
124283
182988
136040
143100
41774
11839
159679
175654
64602
198288
118059
28691
21122
50465
79830
53052
112038
44318
176706
62699
168669
12141
181338
102551
78415
91227
99320
74159
191048
179211
135816
149669
185497
27313
66384
78188
103805
18704
101086
47986
65319
149839
188976
17924
106016
149501
85882
731
194726
114860
7015
107785
198402
143614
8777
177732
72815
109502
104726
62513
115423
121819
126611
181411
15310
15802
198441
93470
12333
85516
26995
61046
71182
199442
134546
62389
34402
72410
159559
182883
79138
68198
99690
140960
51743
65784
141403
18961
2755
98991
139568
83319
58930
106265
31733
181452
186087
101905
155593
108958
130288
74032
114416
82904
61436
105631
64351
49866
165120
92324
46613
24416
58314
113970
94468
38930
168177
128250
26645
57320
15058
52288
197474
95294
36717
122611
90322
52250
136937
180310
74771
84719
173946
189572
145441
130805
121537
62274
127667
151016
81846
62892
73840
95592
10965
135197
84421
56097
74587
194077
129745
83702
129908
87279
85669
147729
103160
151233
183267
143503
10419
92428
104391
139999
57234
20885
5238
175438
108318
152344
142374
190686
680
73071
14188
113390
190319
113042
24173
177465
30760
24481
34590
62002
27470
175745
125161
22200
159711
180630
88771
131362
64192
177038
3998
37299
160638
34066
13094
54614
168894
76723
64914
11392
172384
116964
141005
147010
82213
56508
47647
181519
117963
148959
141501
8685
73165
123251
192328
194448
1838
101715
71469
60049
32024
32980
99245
68651
155108
109568
193857
8241
98498
97411
111273
171647
134770
198180
167209
3225
84584
139819
96585
71769
26112
121426
185140
73439
40935
188731
31283
143968
4404
29608
175938
54508
49313
84
185651
157283
192942
105548
88519
66676
179666
150007
91716
16615
50193
24588
181921
34442
33318
76225
36529
194706
119174
46736
106750
56412
54652
180577
133042
124887
146926
27009
51358
131465
183299
176531
182327
64807
197073
43725
152921
89899
100069
85979
92900
20578
71482
132543
95258
92566
154448
148990
110420
46474
99365
30823
50663
197664
191043
76515
58636
153510
83272
40195
55230
156344
62292
103158
134771
27207
14960
131467
190597
128260
182117
65398
130308
46669
41186
86267
48148
79455
69790
20891
143818
160
70832
146322
161983
136110
157328
179287
128373
148650
39133
149951
84544
111275
54126
109368
143494
48480
62413
104185
40183
130254
113175
192885
156758
101158
123665
29070
26631
199808
110820
198171
142362
35522
119658
104169
23497
168930
156423
173482
31602
161109
162000
40131
48062
93249
38490
30049
170986
175009
166786
64142
56625
143268
96319
28622
85422
82966
30336
11444
44542
78803
9757
22405
104900
86520
53320
93654
6943
146555
79240
193383
25339
4146
87381
51037
143906
82630
137979
71698
75146
196803
864
61894
165305
124526
71928
34462
76001
167800
104841
35737
29711
132104
181336
120801
146607
183014
51237
103595
198311
70090
39270
149221
26548
60164
5478
68291
199314
44333
72538
102405
157221
71847
741
144467
198584
156005
144747
140679
177487
48566
59961
181406
112467
189153
103562
117628
191750
94239
35524
110113
165527
57472
102507
156846
139875
145793
137331
13410
129919
40465
13530
42992
85297
24449
159913
120647
134264
190254
135848
57583
187278
125532
105295
47077
134194
145906
98217
21385
155028
25768
71187
168413
82136
5606
113169
60564
128814
49260
4484
109427
108123
83189
90334
8001
135433
122226
22697
168171
1719
12214
45849
51504
89315
53019
137372
33133
74267
57896
139411
60393
93043
124901
48703
63322
128104
25698
166282
5785
71339
24079
53999
182155
12037
2381
189012
15896
74852
130373
120294
73620
64599
149670
117059
22662
127163
110440
122826
2866
134994
121249
54821
28200
18765
179843
87002
51410
120654
181492
65833
27654
56956
113886
159282
6417
44411
156352
24597
123783
158227
179277
158033
68334
161126
159984
79060
84432
43136
121585
131872
40881
151870
73538
31149
51742
68068
194783
154410
168345
134111
173576
73412
192436
179338
73167
21969
140263
194513
180748
100513
185141
155021
85496
131867
162582
84167
146403
155380
58094
79176
33520
69643
173883
54486
124529
81702
119425
70730
144691
179012
76817
58876
129494
177778
80231
129355
93053
58711
114023
95317
151664
54511
83742
69216
189880
146405
170511
9894
137525
6719
177905
175089
53279
117077
77333
18746
153268
72914
58749
24749
144647
101686
61142
174767
110608
96131
118524
29887
131801
95593
19811
89170
114386
127280
66580
25406
4239
93096
186399
180944
26580
127504
103619
85448
23502
56302
1645
84288
132035
85800
19777
148732
163974
187514
95070
155355
68718
46035
164536
2056
47682
182975
149000
159479
89957
69989
2867
2295
142381
121913
55913
17465
4727
8169
58810
54415
53900
3706
164789
50139
2926
57025
86254
56782
116290
133904
47528
5785
198875
106446
179401
101581
42014
149875
38117
198801
108257
5727
100933
55688
21732
183402
149145
70819
76480
24824
123379
117073
43513
132650
144102
121549
145391
87036
19710
128858
127499
141311
81165
30709
187671
5088
428
19018
81238
64523
85586
91692
160662
91260
83167
134220
10078
64404
28114
167843
24904
113385
28769
92253
72961
181777
138908
81052
33376
196595
51199
37090
179656
52647
27694
178824
197475
15508
35608
196228
16434
138553
167046
43654
44241
96965
17365
32649
160655
84602
162095
116271
101563
48314
194906
113444
3244
132936
141817
69548
183986
96213
155907
118992
23732
25646
52122
68734
119319
35458
40131
26309
30489
82681
35480
151227
114941
172322
46956
66833
188159
119134
122668
94805
147284
150302
14058
8692
1377
187219
151652
199184
142412
157536
75682
30193
146294
106181
17495
49304
148585
111656
45422
124558
75869
30125
121739
72157
13282
156882
19798
124334
52558
134585
188131
137237
167376
143646
59581
177870
142762
174101
37412
126960
83903
147101
45530
128856
70137
332
4952
58439
11508
34266
43219
135106
12201
116179
40103
131227
199535
56518
43457
15660
129787
29349
142333
73753
78772
187452
150641
94791
169574
96839
5728
160459
117426
109371
151501
62857
78405
113035
58824
194621
122466
62189
5427
96362
199846
60362
18066
127979
80062
13515
112920
169531
56141
183442
130704
51882
180400
42097
118383
185207
177101
115467
77673
9403
151550
55167
106064
73424
197760
3238
29576
106741
69779
195143
82055
60030
41664
142146
39878
178338
59933
175024
198442
171098
198385
84095
170652
174835
97127
99393
113166
28807
60726
89246
149769
32860
133090
51224
104265
154991
22376
86711
99824
85294
191022
94551
183797
39905
109851
64901
164973
25924
198192
61047
100958
71182
85361
186892
182534
41395
79478
170491
198412
175898
148307
5452
80650
100068
166879
183358
66877
173620
27218
130694
107525
45335
163643
88897
138966
48236
35209
61867
93427
116920
73051
138662
101591
129961
33145
19561
67597
181844
23127
33576
65014
2040
79833
194407
21336
120359
18264
90883
73663
67294
182902
9274
175672
184481
125581
193849
62748
110076
78072
150678
45963
24039
85022
103326
190539
45242
36168
149069
110280
119735
71565
151757
190548
33246
143543
88176
183670
97789
156299
7436
155699
118661
173379
54161
121554
123561
148302
78666
86966
57098
184156
165564
114739
108642
197145
95250
102381
41197
116505
193799
56753
44681
59128
197725
70808
199562
159928
92708
156652
176727
122625
37670
109835
75922
194580
198998
56877
184282
157487
35887
31831
174648
64761
70764
54866
22057
113899
84170
104363
150912
103026
30886
191152
122473
56980
120584
69247
50513
103229
82535
63833
140820
166688
199300
120241
183530
2662
120304
94087
8817
18524
110097
156289
5671
188623
42449
173699
2599
157025
111283
54542
11500
173293
190120
165174
42259
86977
49414
115602
157354
76376
149712
57487
30469
187556
162559
93680
64711
159099
50688
17645
16211
21803
116009
125815
159443
44339
54341
71288
164590
180208
20569
6431
181403
67220
158904
3478
170270
132417
154419
21337
149381
144678
100162
10229
46123
36850
50491
1320
15593
55488
185667
38632
181766
23529
195911
54233
962
122165
83412
53693
147563
35405
88465
69661
232
169058
1359
20000
100953
143540
39139
62410
8752
186470
164333
116382
148610
45228
112920
64167
135006
23816
60337
12565
51937
97768
199249
23276
