1
0
1
2
330995
1
0
1
0
1
2
683688
683688
1
0
1
699129
2
1
154179
2
3
2
1
29024
0
1
706377
706377
2
3
4
5
4
980798
5
980798
6
980798
7
6
7
6
7
6
608752
5
6
7
8
7
8
568574
568574
9
8
543577
9
8
9
8
7
8
7
8
7
8
9
8
9
8
9
328674
328674
8
7
273262
6
7
781163
781163
8
7
8
9
8
399950
9
579462
8
7
178521
178521
8
667479
9
10
667479
9
637398
8
9
409975
8
9
360158
10
9
8
356005
9
8
9
492811
492811
492811
8
9
10
11
847900
847900
847900
847900
847900
12
847900
847900
13
847900
14
847900
13
12
11
10
9
8
186139
186139
186139
186139
186139
7
6
176327
7
630871
630871
8
9
10
11
10
11
958976
10
630871
11
12
698749
11
630871
630871
630871
10
11
10
364824
11
12
13
12
13
12
364824
364824
13
12
13
14
13
14
363702
363702
13
14
15
14
314260
15
14
13
175065
14
447915
13
175065
14
15
14
15
16
17
977142
16
324934
324934
15
14
13
12
13
12
13
12
11
12
233219
11
12
11
12
11
127177
127177
10
9
100201
10
774928
774928
11
12
844349
13
844349
12
774928
774928
774928
774928
11
12
11
12
622646
13
12
260313
13
260313
14
13
12
222211
222211
11
110450
12
383069
383069
383069
11
10
9
100066
8
75667
7
8
9
8
219661
9
8
9
10
9
10
346392
11
10
235766
11
12
11
523294
10
9
8
7
6
41998
7
8
763556
7
375008
6
5
4
31420
5
680971
4
31420
31420
31420
5
6
382910
7
8
382910
9
10
11
12
11
10
9
8
9
8
9
382910
382910
8
9
359070
10
9
359070
10
472644
9
359070
359070
10
9
359070
10
867072
11
867072
867072
12
11
359070
10
9
10
9
10
11
12
521159
521159
521159
11
480204
480204
12
13
14
871269
13
677928
12
480204
480204
13
14
13
14
13
12
411667
11
10
11
106920
106920
106920
10
11
853958
12
853958
13
12
11
575981
575981
575981
575981
575981
10
11
463688
10
11
542921
542921
12
13
14
13
14
400502
400502
400502
13
14
13
12
170178
13
12
13
14
15
16
887340
15
384321
14
13
170178
14
15
16
17
18
17
16
17
773232
16
17
422213
422213
422213
16
15
247100
16
851482
15
14
15
14
15
388812
16
388812
17
16
15
14
13
12
99083
11
12
454439
13
14
13
454439
454439
14
15
14
895614
13
12
11
10
83696
83696
9
80641
10
992162
11
12
11
12
11
10
168563
9
8
7
6
7
8
882532
882532
882532
882532
9
10
940547
940547
9
10
882532
9
10
11
10
11
12
998865
998865
13
12
13
872814
12
724701
11
12
11
12
11
12
13
12
11
453497
12
11
12
11
368246
10
11
328686
12
13
12
11
328686
10
9
8
9
8
7
31420
6
30646
30646
30646
30646
5
6
5
6
198843
7
8
929839
9
961153
8
7
6
7
6
7
528720
6
7
6
5
6
113478
7
6
113478
5
6
292219
7
8
7
292219
292219
6
121143
121143
7
8
9
819943
8
7
706562
8
9
10
9
10
9
384521
384521
10
11
384521
12
384521
384521
384521
13
482649
482649
14
892393
13
482649
12
13
14
13
14
13
12
353853
353853
13
14
15
14
467273
467273
15
558491
16
558491
15
14
353853
15
353853
16
17
18
17
16
15
293776
14
228785
228785
13
203048
203048
203048
14
15
203048
16
17
16
17
965476
965476
16
203048
15
14
134087
134087
134087
15
16
15
14
134087
134087
15
134087
14
15
16
829888
15
16
15
14
15
543143
14
128152
128152
15
569658
14
128152
13
121143
12
11
10
11
10
11
891833
891833
12
13
14
13
12
13
12
13
634020
14
13
14
13
12
455238
455238
11
10
77090
11
917176
10
77090
9
8
7
6
26141
5
4
10410
3
5687
4
3
4
3
2
1
4203
0
1
695783
0
1
0
1
509527
509527
509527
509527
509527
509527
0
1
955023
2
1
2
1
805608
805608
2
3
909012
909012
2
3
4
805608
5
6
7
8
7
620955
6
7
6
308845
7
8
870079
7
588211
588211
588211
8
7
308845
308845
6
235394
235394
235394
235394
7
8
7
8
7
306619
6
7
6
7
235394
235394
8
9
235394
235394
10
11
10
9
235394
10
709361
709361
11
10
11
734342
12
935251
11
734342
10
709361
11
12
11
709361
10
11
12
13
12
13
14
536814
13
14
15
16
600986
600986
17
18
17
18
600986
17
18
17
18
17
217180
18
19
573429
18
19
20
21
22
21
686909
22
21
20
21
412726
22
23
24
25
24
853156
23
24
23
22
528048
23
528048
22
21
22
23
373962
24
25
24
373962
25
373962
373962
24
23
310499
310499
310499
310499
22
21
20
217180
217180
19
20
867606
19
213135
20
19
18
19
20
21
20
584016
21
777515
20
19
20
258403
21
22
842143
23
842143
22
23
22
634089
21
20
19
20
19
196016
18
188002
188002
19
20
21
20
684381
19
18
17
16
17
155082
155082
18
17
18
411077
17
18
19
596863
20
21
20
596863
21
22
21
20
21
20
596863
21
22
21
20
21
446930
22
962913
