1000
0 898093
2
0 330995
0 119360
1
2
2
0 805234
2
0 239011
0 683688
1
1
2
2
0 699129
1
0 154179
2
1
0 29024
0 370139
2
2
1
2
0 706377
1
1
0 27842
0 981246
0 980798
0 401536
2
1
0 910298
1
0 543577
1
0 579727
2
0 608752
2
0 568574
2
1
2
0 171713
0 393294
0 127177
2
0 328674
1
1
0 53936
2
1
0 273262
2
0 386751
2
2
0 936737
2
0 815055
2
0 280391
0 647951
2
0 41245
2
0 176327
1
1
2
2
1
2
0 781163
1
1
0 399950
2
0 520193
0 178521
2
1
0 579462
1
2
2
1
1
0 667479
1
0 360158
0 637398
1
2
1
2
0 409975
1
2
0 356005
1
0 392550
2
2
1
0 186139
2
0 492811
1
1
1
2
0 847900
0 592621
0 578401
1
1
1
1
1
0 330366
1
1
0 199582
1
0 372976
1
2
2
2
2
2
2
1
1
1
1
1
2
2
1
0 630871
1
1
0 314260
0 971627
0 4203
0 363702
2
0 958976
1
2
1
0 364824
0 698749
1
2
1
1
1
2
0 495615
2
1
0 175065
0 480924
0 605774
2
0 126329
2
1
1
0 5687
2
0 750733
0 41998
2
0 100066
1
1
2
0 173668
0 355249
2
1
0 100201
2
2
1
0 447915
1
2
1
0 336206
0 324934
2
0 75667
0 977142
0 255868
1
2
1
1
2
2
2
2
0 959422
2
0 717057
2
2
0 233219
1
2
0 302402
2
0 627336
2
1
1
2
2
1
0 774928
1
1
0 844349
0 746437
1
0 222211
1
2
1
1
1
1
2
0 622646
2
0 45410
1
0 260313
2
1
0 110450
1
0 401731
2
2
1
1
2
1
0 383069
1
1
1
2
2
2
1
2
1
2
0 219661
0 966537
2
1
0 904056
2
0 235766
0 924153
2
0 346392
1
0 31420
2
1
0 523294
0 817873
2
1
2
2
2
2
2
1
0 375008
0 763556
1
2
1
2
2
2
1
0 680971
1
2
1
1
1
0 99083
0 382910
1
0 83696
0 256464
1
0 664935
0 390195
0 953694
0 859626
2
2
2
2
0 467990
2
0 80641
1
1
2
0 359070
1
0 741980
2
1
0 472644
1
2
1
1
0 865852
2
1
0 867072
1
0 68804
1
1
0 346180
2
1
2
2
0 106920
2
0 30646
0 521159
0 480204
1
1
1
2
1
1
0 256153
0 871269
0 677928
1
2
1
2
1
1
0 411667
0 577656
2
0 973852
2
2
1
2
2
0 49185
1
1
1
2
0 853958
1
0 725228
1
0 575981
2
2
1
1
1
1
1
2
0 463688
1
2
0 542921
1
1
0 273636
0 400502
0 170178
2
0 24137
1
1
1
2
0 358050
2
2
1
0 584900
2
0 251944
0 384321
0 887340
0 142700
1
2
1
2
2
1
0 289939
0 422213
0 434830
0 96145
0 860372
2
2
0 773232
1
2
0 247100
1
1
1
2
2
1
0 851482
1
2
2
0 279544
2
0 388812
1
0 339994
1
0 346924
2
2
2
2
2
1
2
0 454439
1
0 118564
0 931969
2
1
1
0 985464
0 895614
2
1
2
2
2
2
1
1
2
1
0 992162
1
0 168563
0 873353
2
0 700732
2
2
1
2
2
2
2
0 882532
0 872814
1
1
1
1
0 463552
0 940547
1
1
2
0 4697
1
2
0 615008
0 931502
2
0 998865
0 161837
1
1
0 724701
2
0 113867
1
2
1
2
0 368246
2
0 453497
2
0 563614
0 507210
2
2
1
0 570822
2
0 86039
2
1
2
0 328686
1
0 509230
0 833704
2
2
1
2
2
2
0 947602
2
2
1
2
1
1
1
1
2
0 62900
2
0 198843
1
0 929839
0 739987
1
0 961153
1
2
2
2
0 64766
2
0 528720
1
2
0 423230
2
2
0 113478
1
0 176378
2
1
2
0 292219
1
0 548558
0 121143
2
1
1
2
1
1
0 819943
0 706562
0 719134
1
2
2
1
0 353853
0 72984
0 384521
2
0 800705
2
1
1
0 203048
0 115709
1
0 228785
1
1
1
0 482649
1
1
0 892393
1
2
1
2
0 77090
0 875300
2
0 813457
2
2
1
1
0 776075
0 467273
0 346318
2
1
1
0 558491
1
0 32376
1
2
2
1
0 134087
1
0 155108
0 293776
0 903235
2
2
2
1
2
1
1
2
1
1
1
0 26141
0 95776
1
0 128152
0 726752
2
0 965476
1
1
2
1
2
2
1
1
1
0 199313
0 270142
2
2
1
1
0 10410
1
2
0 829888
0 417039
1
2
0 304949
2
2
0 543143
1
2
1
1
0 569658
1
2
1
2
1
2
2
2
0 393933
2
0 891833
1
1
0 634020
0 455238
0 793497
2
2
0 844191
2
0 207150
1
0 776808
2
0 545780
2
2
1
1
2
2
1
0 917176
1
2
1
2
2
2
2
1
2
2
1
2
1
0 376070
2
0 958819
2
2
2
1
2
0 695783
1
2
0 900759
2
0 509527
1
1
1
1
1
1
2
0 955023
1
0 805608
2
0 863344
2
1
1
0 909012
0 213135
1
1
2
0 235394
0 513161
1
0 118967
0 83233
0 620955
0 217180
2
1
2
0 308845
2
1
0 588211
0 870079
1
2
1
1
1
0 34266
2
1
1
2
1
1
1
1
0 717128
0 803382
2
0 306619
2
1
2
0 294746
2
0 196016
1
1
0 155082
0 42469
1
1
0 449519
0 676306
2
2
1
0 709361
1
1
0 811089
2
0 734342
1
0 935251
1
2
1
2
1
0 536814
0 820963
2
1
2
0 9359
0 116574
0 958630
2
0 184343
0 121902
1
2
0 65507
0 188002
0 600986
1
1
0 20311
0 812075
2
0 149390
1
2
0 576677
2
0 209603
2
1
0 373962
0 573429
1
2
0 709522
0 686909
0 412726
0 420024
2
1
0 214
2
2
0 123774
1
0 528048
0 796455
0 952857
0 853156
2
1
2
0 813148
2
2
1
0 203848
1
2
2
0 310499
0 313258
1
0 827072
0 301266
2
1
0 253254
1
1
2
2
1
1
1
1
2
2
2
1
1
2
0 867606
1
2
1
0 105258
2
2
0 913564
0 584016
0 50563
2
1
0 777515
1
2
2
0 258403
1
0 634089
0 842143
1
0 736197
1
2
0 173285
2
1
2
2
2
0 432113
2
1
2
1
1
0 866627
0 112798
0 684381
2
1
2
2
2
2
0 47487
1
1
0 634767
2
0 411077
1
2
0 125953
0 596863
1
0 202326
0 740892
2
1
0 930437
0 741244
2
2
0 878424
2
1
0 446930
0 698987
2
2
0 9127
1
0 962913
1
