1
1
0
1
2
3
4
1
3
4
5
4
3
4
5
4
3
2
1
0
1
2
1
1
1
1
2
1
2
1
1
2
3
4
1
1
3
1
1
2
1
0
0
0
1
2
3
1
2
1
1
0
0
1
0
1
0
1
0
1
0
0
0
1
2
3
2
1
1
0
1
0
1
1
2
1
1
1
0
1
0
1
0
1
1
0
1
0
1
1
0
1
2
3
1
1
1
1
2
3
2
1
2
0
3
0
4
0
5
1
1
6
7
6
7
8
7
6
7
6
1
1
7
6
5
4
5
0
6
7
8
7
0
6
5
4
3
0
2
1
2
1
0
1
2
3
1
4
3
1
4
5
1
6
1
5
6
1
5
4
1
5
1
6
1
7
1
1
1
8
1
9
8
9
1
1
8
9
1
10
1
1
9
8
0
9
8
7
8
7
0
0
8
1
7
8
9
1
1
8
0
0
9
10
9
8
0
7
0
8
9
1
10
11
1
12
13
12
1
11
10
11
12
13
14
1
13
12
0
13
12
0
13
12
13
12
0
13
14
13
0
12
0
11
0
10
11
1
1
10
11
0
10
9
8
0
0
9
0
10
1
9
8
0
9
0
0
10
9
8
9
8
7
8
9
10
11
12
11
12
1
1
11
1
1
12
13
14
15
1
16
17
1
1
18
17
16
1
15
16
15
16
0
17
16
15
0
16
17
0
0
0
16
15
14
13
14
0
0
13
14
0
15
1
1
16
15
0
14
13
14
13
14
0
0
15
0
14
15
14
15
1
14
15
1
16
17
16
17
0
16
0
15
16
1
1
17
1
1
16
1
1
15
14
13
12
0
11
10
9
0
10
9
10
9
10
9
8
0
9
8
7
0
8
9
10
9
10
1
1
9
1
1
10
1
11
10
11
1
12
1
1
1
1
13
1
1
1
1
12
1
1
11
10
11
1
12
11
12
13
12
1
13
1
14
13
12
1
13
14
1
15
16
17
16
15
14
13
12
0
13
12
0
0
0
0
13
12
13
12
0
0
11
12
1
13
1
12
11
10
0
9
0
8
0
9
1
10
11
1
1
10
0
9
10
1
9
10
0
11
12
1
1
13
14
15
16
15
16
17
0
16
17
16
0
0
17
16
15
16
1
1
1
17
16
0
0
15
14
0
13
0
0
14
0
13
14
15
16
15
1
14
1
1
15
16
17
1
16
17
0
16
0
17
18
1
19
1
1
18
17
18
0
17
0
18
17
0
0
0
0
18
17
0
0
0
0
18
19
20
19
18
19
18
19
0
0
20
1
1
19
0
0
0
20
21
22
1
1
1
1
1
23
24
23
0
0
0
0
22
21
22
21
20
19
20
0
0
0
21
20
0
21
22
21
22
0
23
24
1
23
1
24
23
1
1
22
21
0
22
23
22
23
0
24
0
25
1
26
27
26
27
26
1
25
0
26
27
26
25
24
25
26
0
0
27
26
27
1
1
28
1
1
1
1
27
0
28
29
1
1
1
1
30
29
0
0
28
27
0
28
29
1
28
27
26
0
25
26
27
26
0
25
24
25
26
27
1
28
29
30
1
29
30
1
31
32
33
34
1
33
1
1
34
35
1
34
35
34
1
1
35
1
1
1
1
36
1
37
36
1
1
35
36
35
36
37
38
37
38
39
40
1
39
1
38
1
37
1
1
1
1
1
38
39
1
40
1
1
41
40
1
1
39
1
1
40
1
1
1
39
40
39
38
0
0
39
38
0
39
40
41
1
1
42
1
41
42
1
43
1
1
1
1
42
43
42
1
43
44
1
1
1
1
45
46
1
45
44
45
44
43
44
43
0
0
42
43
42
41
0
0
40
0
0
39
0
40
39
0
40
41
42
41
40
39
38
37
36
35
34
33
32
33
1
32
33
32
0
0
0
33
34
35
34
35
36
35
34
35
34
0
0
0
35
34
33
32
0
31
30
0
0
0
0
29
30
31
30
31
30
31
1
32
33
1
34
1
1
1
35
1
36
35
1
1
36
35
34
1
35
1
34
35
1
34
33
0
0
32
33
32
0
33
32
0
31
32
33
1
1
32
0
0
31
0
30
31
1
32
33
32
0
31
32
31
30
0
0
31
32
1
1
31
30
31
0
30
29
30
31
32
31
30
29
0
0
28
27
26
25
24
0
25
0
0
26
27
28
1
27
26
0
25
0
24
23
24
1
23
24
25
0
26
0
0
0
0
0
27
1
1
1
1
1
26
0
0
0
25
26
0
27
1
28
29
28
1
27
28
