20 30
183 17 5 5 12 10 12 13 4 9 3 11 3 12 3 12 9 19 7 11 12 17 10 14 9 14 8 9 7 3 8 6 19 8 6 7 16 17 15 18 2 16 5 3 4 4 11 11 18 16 18 9 10 7 3 17 16 6 5 18 7 11 4 5 15 5 7 10 17 20 5 15 12 8 16 15 7 3 2 5 15 15 12 4 20 10 16 16 14 19 13 20 6 12 20 19 13 7 6 9 3 6 3 14 9 15 5 15 13 2 18 4 16 6 3 12 15 17 4 8 12 13 4 17 4 4 12 12 6 13 17 4 17 15 13 6 6 16 16 18 14 13 17 9 14 19 19 8 15 3 12 7 11 11 19 10 10 7 2 14 19 17 14 12 11 6 16 13 2 8 10 11 16 6 18 10 20 13 16 15 11 4 17 20
75 14 15 10 11 10 20 4 6 10 17 5 6 18 9 12 5 13 10 10 20 5 17 19 19 7 15 3 18 12 14 3 5 6 9 14 11 8 13 14 13 9 14 14 5 19 6 5 9 11 10 6 12 7 5 8 11 15 8 6 7 17 7 7 20 13 18 10 16 9 19 8 15 11 19 15
122 18 12 8 16 6 14 11 12 9 13 5 14 5 20 4 19 16 16 8 6 16 13 19 18 10 9 20 12 17 8 20 5 17 8 17 19 9 15 18 14 7 19 7 17 9 16 6 5 11 10 15 6 10 5 4 17 18 11 16 14 15 7 7 19 19 11 8 7 6 5 17 17 11 11 4 8 6 6 17 4 4 19 7 10 20 15 14 18 5 10 19 7 13 5 14 11 13 18 5 6 11 18 10 9 16 11 13 19 4 9 10 4 16 13 11 15 15 4 12 7 18 11
5 10 20 13 10 14
154 12 15 10 13 13 17 20 7 18 9 9 10 13 9 9 9 12 9 19 14 9 19 19 14 6 15 13 12 14 15 11 12 9 8 20 16 19 19 9 8 14 13 12 6 8 7 16 14 18 15 7 6 20 12 6 20 14 13 11 14 7 8 20 18 10 19 20 8 9 9 11 17 8 9 10 17 11 20 10 8 6 18 15 20 10 15 11 10 14 16 18 16 19 17 20 15 8 19 18 11 14 15 15 16 18 11 12 15 17 8 17 18 6 18 9 17 12 15 6 6 17 18 8 15 6 7 10 8 20 14 6 14 8 7 16 12 12 15 7 8 9 10 12 16 8 16 12 6 17 19 13 13 8 7
14 8 11 13 9 14 19 14 10 9 16 20 9 16 20
88 14 13 16 12 12 15 18 10 15 20 11 13 19 16 19 12 17 11 13 8 18 20 14 11 12 13 16 9 13 10 18 19 15 13 12 8 9 10 10 18 11 14 10 11 11 9 15 9 14 9 9 11 10 17 16 16 12 13 18 17 15 17 17 11 11 8 14 14 12 16 11 16 11 14 8 16 17 16 17 10 19 8 15 9 17 12 17 10
177 10 17 9 9 12 20 16 18 13 12 12 20 19 17 13 15 14 12 18 17 12 14 11 16 12 20 15 10 13 18 11 18 19 11 19 14 11 18 11 19 10 15 18 20 15 11 18 20 14 15 20 17 12 11 17 15 14 11 20 10 12 10 20 10 17 18 16 11 15 10 9 20 20 19 11 15 9 20 18 18 18 10 18 9 16 14 19 9 20 18 11 12 20 10 17 16 11 16 18 9 18 10 9 17 20 15 15 12 15 17 13 16 18 11 17 13 20 15 13 12 17 19 19 20 20 15 15 10 11 16 15 12 17 15 12 9 13 19 12 11 15 17 19 16 11 15 12 14 13 16 17 13 15 15 12 18 14 18 12 16 17 18 19 14 16 10 14 20 12 9 11 10 9 9 9 15 19
191 11 14 10 16 17 19 20 16 17 20 10 17 13 14 14 10 11 17 16 18 20 10 18 14 13 14 15 18 19 10 14 18 14 14 11 10 10 10 17 16 18 17 12 10 19 17 19 10 11 15 18 10 15 15 14 16 18 17 11 14 17 16 20 11 18 10 20 17 11 16 12 17 10 12 16 20 17 14 18 19 17 15 19 20 19 11 16 14 16 15 18 13 19 17 12 17 17 11 11 16 16 13 13 14 13 19 11 10 10 19 19 18 12 15 17 10 14 10 14 10 14 20 11 12 14 13 17 10 12 18 15 16 19 16 10 12 12 11 12 12 19 10 18 10 13 13 10 18 13 12 18 15 20 19 18 13 20 12 13 20 10 16 16 19 11 14 19 13 13 10 14 11 19 11 11 12 14 20 18 16 20 15 10 19 11 16 11 19 19 13 16
199 18 15 14 16 17 12 15 11 14 12 13 18 18 20 19 12 11 18 17 11 12 11 13 16 12 20 18 12 14 12 13 11 17 19 18 15 20 13 15 15 16 20 12 13 19 20 17 11 17 15 11 20 15 16 15 17 17 14 20 20 16 13 12 14 11 20 20 12 14 15 16 19 16 18 14 14 19 20 16 16 14 19 17 11 14 14 17 12 19 18 11 16 12 12 11 14 11 11 15 16 15 13 15 20 20 20 15 20 19 12 17 14 20 14 14 15 17 12 16 17 12 18 13 13 20 13 19 12 13 15 18 19 17 14 18 18 13 14 18 13 16 14 18 17 19 12 14 17 15 11 14 16 19 16 11 20 20 19 11 13 15 20 11 12 13 11 11 17 14 20 11 19 14 19 18 14 12 11 11 16 11 14 12 19 11 12 18 20 12 11 14 16 20 15 19 15 17 20 13
169 16 20 18 20 14 19 18 17 14 14 14 20 17 15 16 16 16 17 13 12 12 15 17 15 17 20 12 20 20 18 19 16 15 14 13 15 19 19 20 12 19 14 19 15 15 14 19 20 17 19 18 16 20 14 19 16 12 19 15 20 14 20 13 16 14 13 19 12 20 17 13 17 17 18 18 20 18 15 17 14 13 15 18 19 17 16 14 17 12 17 15 13 14 16 17 16 17 15 15 15 18 14 20 14 20 15 14 17 18 17 17 17 20 13 15 17 17 17 20 16 20 14 17 14 17 13 16 20 14 19 12 12 19 18 12 18 13 14 12 19 18 18 16 17 19 19 20 13 14 20 15 13 20 20 13 14 19 18 14 13 14 14 20 13 12 20 17 13 12
26 15 19 18 17 13 18 13 19 16 20 16 16 18 14 19 13 16 19 13 17 15 16 19 18 18 20
60 17 20 20 19 17 20 14 17 20 14 18 18 19 18 18 17 18 14 20 18 15 14 18 18 15 20 20 16 18 20 19 14 18 17 17 14 16 17 17 20 17 20 15 20 15 17 15 19 16 19 16 17 19 20 15 18 18 19 20 20
187 18 18 19 17 15 19 17 19 15 17 19 18 15 20 17 16 16 19 15 19 18 15 19 16 15 18 19 16 17 15 17 15 18 20 17 18 18 17 20 16 20 16 19 20 19 20 19 15 18 18 17 15 18 16 20 16 19 18 15 20 18 17 20 19 20 20 20 16 15 19 17 20 18 20 17 17 19 15 15 16 16 15 20 19 16 18 18 19 15 18 18 17 19 15 19 18 18 19 19 18 17 20 17 19 19 17 19 15 16 17 20 17 17 19 20 19 16 17 15 15 15 16 15 19 16 19 20 17 17 19 15 18 16 15 20 18 18 18 18 19 20 17 19 20 19 18 16 15 15 16 19 15 17 17 19 16 15 18 17 16 20 15 17 19 15 16 16 16 19 19 18 16 15 17 19 20 20 15 18 20 16 20 18 17 16 20 16
99 18 16 20 20 20 17 18 18 17 16 17 19 18 18 17 19 20 17 16 20 17 17 19 17 20 19 20 18 18 16 18 20 16 19 16 18 18 20 20 19 16 18 18 20 20 16 18 16 19 19 16 20 17 16 17 19 16 18 16 18 20 18 19 16 17 17 18 16 18 19 19 20 16 18 19 16 19 17 16 19 17 18 19 18 18 17 16 19 19 19 18 19 16 19 16 19 17 20 19
103 20 19 18 18 18 20 18 17 17 19 17 17 18 20 20 19 19 19 20 18 19 18 18 19 20 18 19 20 19 17 20 18 19 17 20 20 20 17 17 17 19 17 17 17 20 20 19 18 19 18 19 17 19 17 19 19 18 18 18 17 18 17 18 20 17 17 19 17 18 19 17 20 19 17 20 18 17 18 19 19 19 18 19 18 18 18 20 19 19 17 19 20 18 17 19 18 17 17 18 18 20 18 18
169 18 18 19 19 20 18 20 18 18 20 19 18 20 20 19 19 19 19 18 19 20 20 20 20 20 20 18 19 19 18 18 20 19 20 18 19 19 20 19 19 20 19 18 20 18 19 19 20 18 19 19 18 19 19 18 19 19 18 18 18 20 18 18 19 19 18 20 20 19 19 18 18 18 18 20 19 19 18 19 20 18 18 18 20 20 19 18 18 20 19 19 19 20 19 20 18 18 20 20 19 20 18 19 20 19 19 19 18 18 18 18 18 19 19 20 18 20 18 18 19 20 19 19 19 19 19 20 19 20 19 20 20 20 19 20 19 20 19 20 18 20 20 18 19 18 18 19 18 19 20 19 18 19 18 20 20 20 20 19 19 18 18 18 18 20 20 20 20 19
90 20 20 19 19 20 20 20 20 20 20 19 19 20 19 19 20 19 19 20 19 20 19 19 19 19 20 19 20 19 20 20 20 19 20 20 19 19 20 20 20 19 19 20 20 19 20 20 19 20 19 19 19 19 20 19 19 19 20 20 19 19 19 20 19 20 20 19 20 19 19 19 19 19 19 20 19 20 19 19 20 20 20 20 20 19 19 19 19 20 20
110 20 20 20 20 20 20 20 20 20 20 20 20 20 20 20 20 20 20 20 20 20 20 20 20 20 20 20 20 20 20 20 20 20 20 20 20 20 20 20 20 20 20 20 20 20 20 20 20 20 20 20 20 20 20 20 20 20 20 20 20 20 20 20 20 20 20 20 20 20 20 20 20 20 20 20 20 20 20 20 20 20 20 20 20 20 20 20 20 20 20 20 20 20 20 20 20 20 20 20 20 20 20 20 20 20 20 20 20 20 20
