14825
24009
22249
94650
44325
192931
175566
80777
65952
158845
55632
159070
9368
152360
178585
41520
112898
167372
103163
189534
133449
97534
142653
116616
131614
70318
9418
7195
95425
121870
83484
99619
111048
137823
43120
146935
46514
61899
60452
6255
46327
85235
45506
35835
133738
133753
94291
134674
176811
146772
47670
116822
108704
192519
137722
199986
95488
155579
92744
94867
116856
42254
197658
104822
187473
193617
120955
171681
139030
65511
128455
73165
130565
131293
135107
92780
173457
119194
120852
91954
148821
190287
146167
189733
119683
127562
172723
58147
85110
183389
43535
161572
70291
125768
81151
79508
185128
132186
147375
135725
133001
170765
161431
154127
106607
81749
191609
54479
128164
134190
96102
179368
163386
19760
89512
190304
2208
50176
195241
27829
15404
150580
171157
12822
71592
155111
59407
178908
27857
197754
136935
35783
69689
64182
55176
15830
110866
187948
199075
8356
14889
94990
94430
45058
65406
176362
6146
21733
30206
17686
6644
10716
191214
5544
97806
67028
33499
41188
192621
48167
137126
181272
508
101074
154523
11315
64967
39694
9508
1100
90231
161282
164563
194632
196000
29653
74981
88399
128126
8077
80842
117612
144574
158638
193973
11999
69191
198093
105344
162948
184902
40228
123937
59121
24499
173233
180197
82918
26752
6345
117394
33433
135866
153343
103011
127644
134953
85973
37705
89405
67921
68640
158880
110037
171263
4728
183363
146264
36850
175784
14885
66314
8797
34525
42249
44751
25133
118854
166482
60727
133238
185623
8232
64687
60942
187137
116575
19281
65741
21085
154990
59823
163621
163555
185991
94328
67269
179454
110892
73070
137938
196786
1265
39615
9306
100861
107146
42005
29144
134240
189732
23022
63142
26716
26155
5191
47648
196762
60694
27584
56978
6407
136508
175503
121741
118977
81193
140387
168234
99616
55693
179487
199368
55088
191085
113701
111569
134088
5590
152326
155017
13431
109581
137643
152396
47508
24586
173879
125778
95993
5108
136108
31088
160042
96072
75912
180983
97577
80813
4996
179651
108070
26519
27530
80196
52008
176311
4122
118338
15727
107656
167064
127367
121462
54591
154336
160841
19344
1397
74544
6329
97755
80170
189679
20067
57453
197915
128568
50426
30348
149830
97884
102704
187676
121432
36613
197547
90424
103559
31911
66628
31922
32233
21106
161623
87683
168033
102526
55578
181575
27631
6467
162053
172795
123306
11320
189666
185023
130535
76220
93739
119810
37085
98282
70502
126931
137968
125190
188625
190819
109830
129007
178317
77795
103461
60720
41000
128134
156384
68002
143803
112107
182353
178033
183293
22102
153591
190789
150930
25153
18655
93339
46173
142938
38405
109254
17522
22584
178614
169891
9850
33690
77695
102392
60739
185704
175829
178547
86355
115041
45228
137363
75233
29379
40900
141792
198123
111074
25207
86205
135398
65170
187529
134786
67440
44451
41291
120833
184348
61459
105950
93993
150324
191084
37950
122332
115654
188448
7704
156019
100468
193136
47298
102985
133739
14044
126474
71815
106146
66512
186243
191693
108042
184915
169851
123863
94400
143545
86699
186977
195458
172618
21343
199652
190262
58983
139685
162857
49251
105572
174843
100285
166418
3043
82034
121779
137252
186536
122240
170416
46497
24755
4493
105624
56762
191225
149231
158976
101132
56492
26335
102233
146204
52308
71935
195100
153677
152102
50200
128400
160413
36143
2225
160517
177917
113875
126369
66504
134596
148399
45500
122445
186834
53739
199272
19091
91813
797
127251
139767
175398
172597
17156
197833
155075
127140
176896
87790
120405
69979
131833
120671
7217
20922
160822
197647
91131
45535
199131
196676
106035
66924
176946
163875
188630
35356
14177
42617
130937
100051
121807
177125
77285
40855
2727
74097
146125
122525
478
96066
8918
141034
100226
147930
116078
53587
177319
80854
130621
170149
34966
126822
180782
141183
186413
79354
20111
67629
82072
79737
87480
169426
81835
171288
168499
103014
135813
24366
133290
166020
55211
102532
156289
139059
39201
132297
164847
23367
80762
10741
61057
119941
147143
60847
137005
72742
16062
29338
29352
177047
99409
95579
56025
83465
93345
20287
87744
119900
95080
43647
130439
115870
76543
120865
35091
188347
115867
167673
56598
71575
85519
41677
26098
62349
122917
49689
197219
177858
97987
48585
93349
36765
35490
61125
70422
144337
165913
99093
104926
196456
89720
73596
188762
156002
131756
152269
180875
191920
84014
194658
104707
196872
187124
184683
165713
197535
187791
76443
139445
163182
166984
175809
19050
96321
80894
103594
126878
45817
67613
92800
115536
124947
22990
48877
82544
99357
33307
7348
27334
91955
43801
94156
20195
191977
199639
170854
114407
2199
142262
83989
62068
155883
102213
141859
74621
122919
167198
39474
94326
82930
52987
130667
24916
37277
53568
86857
65793
37059
110205
94480
65583
23368
89835
49157
64614
185425
62938
190851
160067
12283
88201
97725
169863
160289
16172
37760
46524
16532
112664
116288
71281
34812
84143
137099
151203
30518
88616
169922
186278
160007
103436
59705
14193
102840
124203
128409
162395
83058
142772
162931
156641
23737
154141
133806
141188
174242
129948
105198
181286
119165
44408
107949
101187
137565
118659
12100
28379
118314
155017
33610
31052
178187
131074
45900
20274
102923
80167
119982
185423
2319
66309
27777
175295
91919
57827
45388
6538
38499
112016
175575
24098
88084
170227
122010
13047
124479
63315
16940
126213
36569
146478
7963
36342
182388
131638
142123
15810
12674
52326
143172
1633
137072
88497
178742
138537
62518
36692
97393
129002
396
34542
141593
30546
64671
28374
122256
55519
13935
161491
56418
164201
99388
88275
163234
169767
103243
188111
137494
132930
177059
42729
133949
27642
39686
164399
55133
45475
98907
52925
77961
89297
112949
37677
112127
34185
104375
82232
78459
26035
147447
26204
123937
71401
74570
138251
128168
73364
60058
110277
184311
36075
183254
143402
172551
27259
8026
157800
144632
197071
52957
55664
50947
102623
151987
10251
169107
36202
163954
6164
194563
68816
184194
189221
124558
141474
12529
193074
58860
37872
156788
81930
10006
180627
51350
28402
36810
166682
181894
142681
48884
199985
24192
180031
121604
165041
76493
54753
41302
85020
183747
72704
135893
149143
17703
108184
108910
175052
188865
8835
119370
77967
172820
31991
166843
184108
192484
71367
4129
56203
109731
87352
68545
141037
190813
102866
155592
137746
196009
52733
112649
33752
181744
44778
117355
119149
90663
100365
124058
160612
66737
161260
50030
152258
124809
116639
50366
197998
123037
150290
88541
81124
18551
44676
96854
158617
164177
123560
58263
161400
171451
172671
151230
33578
178823
80694
54345
140324
78427
25719
3310
7615
51881
82073
15353
83608
139818
67083
189830
174208
89874
115493
18874
109931
123376
186564
4786
74089
151991
150532
34565
55637
39461
42541
159088
98488
189031
17001
165981
154191
117233
73186
169112
21565
129900
125515
62279
39655
148088
78464
59543
53193
162082
184456
87794
155012
161421
184085
102735
137360
106630
61521
168845
55853
147106
16226
68545
174495
65384
36270
162910
191935
102561
114326
31300
119482
102711
103551
124457
99596
74666
56391
63075
58741
14408
139619
137595
23725
158049
142484
176822
940
14110
101514
185351
112881
105259
60665
134921
71507
26471
95540
133771
94692
136296
129176
152275
18427
184765
120638
192555
184171
57970
73312
6492
7700
125446
10945
33903
170106
37168
54131
84327
63240
140954
12736
161414
37974
169441
77415
199761
26761
168162
146265
141787
22702
177818
175642
35754
114660
185404
36744
8885
81405
134079
173153
70336
124052
12331
145830
93108
89147
179918
25513
158853
94257
28061
159667
91255
95267
166690
72232
125350
74191
133519
157342
39271
6706
11617
89232
113786
165997
2155
91602
176283
140118
187522
13290
173609
20114
180985
141642
132808
159808
114176
112359
109947
62881
47676
42624
160882
11793
4168
155471
199202
188605
92554
176466
47555
77271
5212
10542
64653
148353
57564
105603
16596
94414
29062
156487
17721
63607
61173
144221
49787
26987
1647
181447
106250
20970
131125
73668
152569
170825
58000
13744
137776
135644
138345
105682
111956
33196
40578
111907
33980
120536
192731
97729
13841
149909
47895
135373
115340
114680
157089
169756
116899
42571
129919
155850
33512
92001
38177
6038
65881
184858
49064
39570
167206
108053
149364
165205
65644
115968
123217
121747
49318
110885
114129
70626
57506
92593
196785
165797
8235
103459
162934
7316
111812
79233
6321
143616
125115
149139
68600
179930
70927
64784
122248
186680
119808
95694
136828
162178
121039
173906
64552
145777
140167
41819
120815
75524
197867
94803
110054
28767
132482
179451
64406
195827
171199
173046
101407
30716
113418
156762
120970
163638
136652
119176
23634
194486
102384
118633
161558
186478
182482
193757
95092
146020
91436
43404
38511
61192
174213
170195
45587
107087
118267
130770
185677
189279
45257
106693
69200
81945
149512
106148
78432
169567
187272
69347
175717
82193
174958
3020
105076
155273
10558
54018
119205
26567
29966
2802
95015
84546
158601
83054
192194
106436
46828
195993
85368
21090
138119
157227
125884
105472
162535
61698
116570
24760
158140
4834
90327
7964
79429
129360
36700
187214
185379
13436
2467
86461
106378
125412
170753
160801
1305
126398
167479
150758
53365
58446
194220
160503
85876
43500
87551
79482
102585
148931
156777
190370
127342
121997
199931
73240
22515
132041
55986
150256
96201
63372
94814
97459
47503
63482
141328
170087
189227
163734
58973
54925
153608
122797
62429
104316
69675
153995
53355
133909
42371
409
106363
123981
193918
94840
170232
47155
177444
51949
190482
183559
159164
47763
127006
161272
1739
192482
35022
55045
184480
56968
380
162836
22000
119663
167397
51625
194292
48467
71560
103664
161702
5703
2727
94263
30365
79915
9352
149692
95695
123890
99731
31904
19957
121311
46098
37460
118994
167969
16484
69974
38742
126813
140968
19586
138040
185459
76640
75100
7135
143383
146877
54631
20394
109314
32941
48847
153840
80783
121618
51923
10260
182539
88523
120395
16370
40361
59869
162171
91996
166481
80394
183319
169095
28339
49916
40733
58287
7555
84722
31190
71496
27163
97783
18783
132284
188116
160990
35568
92104
34407
111072
192043
194804
51382
81327
145002
199482
5333
197214
4580
89251
167460
39221
188582
19299
142667
197454
12544
35886
193459
129301
109365
177426
93857
125994
173717
77314
77874
16700
163936
39456
193744
30113
1811
23592
37416
92341
186722
40834
78816
148490
177834
140445
33836
23412
59952
149841
190334
195447
60238
87765
23648
48957
174934
114572
55055
107755
170257
172171
9818
87600
112512
130400
171220
146867
90398
48438
138158
30825
172170
11263
32835
179465
99081
37981
110379
193334
58496
166064
70335
161319
141631
183810
32483
22573
134857
149533
188879
162266
46479
52101
173471
162827
176864
186040
18958
140804
82230
33900
131752
62199
62328
177691
119361
176481
106454
119524
27967
82218
60836
12517
90277
28041
103198
4783
147659
30689
195759
67915
92590
145408
63069
88554
110909
59419
11395
36654
43871
34281
190911
44970
102725
39586
27351
169058
78765
111738
121511
1940
28962
110658
386
180679
25162
8610
49774
113741
475
50514
99662
82236
40538
45715
70353
69799
67349
149311
61032
135651
81112
80997
147585
109139
130665
126764
101273
77218
103163
45403
171125
110221
77227
151139
120800
138181
111351
150663
180569
84374
141356
18879
147665
2065
66965
108138
152586
120594
189831
23537
131513
141838
123280
137317
167500
72980
41318
57289
97002
27816
192570
58181
55327
113602
33031
133846
50085
133067
102219
42621
18440
80725
119467
37070
197582
135113
24229
193181
97939
178079
48768
57692
144935
11162
114294
147323
8213
102633
143239
79315
61049
42324
190548
104470
58080
52565
150483
60003
131569
66864
144521
72927
158739
68626
41488
6697
169342
162515
104930
134232
188067
13395
14653
128610
51107
145305
84904
76696
192030
169322
12157
122542
87922
48302
117149
12495
54454
96315
67537
194956
116504
69280
177066
131714
65578
12466
188641
84128
2949
109546
171180
59282
48096
100397
180814
178651
126044
35304
110623
182019
77755
19382
172287
45528
14299
109900
17389
139371
152376
40116
5572
7965
95975
56091
178240
170938
148379
198850
141211
124832
112899
175617
160607
180388
154591
86459
27032
1913
20184
53851
6078
188935
138907
138166
7991
40612
7495
77415
66921
31433
4744
168625
153615
5197
91735
72174
27872
101475
174106
175911
166339
172332
49116
107895
2340
61983
57083
42740
162077
187816
114268
142534
8638
150697
72514
26778
62812
153510
63623
12366
56630
175123
61980
178229
46126
163675
146
44728
32335
152834
52450
169158
63387
73797
86552
181245
21884
169686
53822
166233
34546
149436
65346
27665
94320
128945
181393
48976
55065
55968
101429
74373
799
22155
59953
148203
80207
171254
97401
76550
142010
81889
173699
11136
81393
23471
124468
131329
172364
36723
159449
148508
92929
75253
163516
110700
156039
111558
169029
26006
140459
48905
169458
158497
61055
163644
166401
34671
16909
120974
21271
159141
37528
125780
7752
39690
98477
49858
125693
98296
137040
170930
35441
113505
52644
27351
88587
89405
80881
114586
36079
64824
154412
67854
123470
85336
418
191401
11889
1976
30180
54273
77007
14824
115935
131681
199003
58371
54085
63539
20171
8511
7065
29424
101385
29306
108993
147668
155609
111163
164294
134839
6387
197202
194973
6992
45333
32532
52406
59383
21170
187171
73164
136165
140797
70210
29727
47737
156316
79158
51655
193003
159433
22654
46281
178424
7990
1611
175134
27336
171126
120619
122573
4616
168932
153687
695
59531
183705
86934
176221
18843
63004
181972
73138
198878
30447
44056
50848
22120
110784
72589
129986
30615
71586
156228
163281
38358
84893
98724
57416
153875
58873
51783
128586
116056
29602
127471
102975
171954
83657
187378
15708
120388
10991
112603
120348
190236
174791
186037
181359
62661
144901
106843
145044
168774
196905
14603
172811
138270
105681
70450
31208
118145
75538
79476
196605
110113
62784
197785
177413
43213
180982
63758
31030
197141
7581
72478
140387
183512
33547
102199
113410
152628
191576
8382
177237
179797
35653
185211
167983
11489
15650
54259
9830
186889
66627
141153
47818
41163
130547
91346
176714
22027
184905
113555
144701
159852
42874
26951
109525
75398
64248
1068
165461
54679
69833
15203
59011
56366
179580
126437
137295
196573
128662
118427
199273
4250
10099
81205
106976
138454
163452
170394
139021
56781
111268
25841
119151
120897
138143
172612
44746
146191
45525
78501
161611
38027
187809
142951
32603
135368
48983
7218
87626
190376
14319
160213
195028
159469
71660
164564
104006
84905
157152
156039
151291
164789
33982
17637
149225
65484
36868
153588
89182
184433
84319
14243
55652
156088
12891
50094
94743
16103
3514
179249
127364
104409
158566
39262
184756
12597
155679
170120
109186
17901
84373
42968
138954
135198
64490
27479
68778
66066
89706
130464
189009
178130
72674
122004
190949
55532
86612
144307
950
161011
340
196454
157600
193545
154412
26363
107002
111734
110348
160601
120213
147701
73690
109437
198815
1329
66659
7350
4558
42515
159635
169166
91538
56662
56596
24170
144412
92796
77200
88861
12985
29112
89987
177055
189756
78434
47352
172606
37977
67189
68911
128500
134335
144279
140724
69187
77075
148415
85350
135983
154142
145618
121989
113325
101485
21954
103572
20975
136916
39266
27916
84097
103194
126795
178828
152112
21171
195229
108330
105301
118459
162001
70094
126625
5172
143470
130403
139648
94411
165412
110370
196129
52880
158902
21767
2342
45221
177308
68629
187075
6872
76524
8718
172406
111156
81825
104085
184299
64960
174205
112947
132711
70387
158784
98436
102904
70930
129
69417
47730
75442
1804
52158
5755
52180
48234
85461
72777
149440
49940
198531
177908
182395
88270
101968
153797
33125
5722
12826
26820
65152
107944
172481
31044
99520
81283
36270
71998
52692
106450
8280
176407
110413
108269
89309
18458
55165
118691
37600
180705
139496
167754
121039
105075
125570
185157
70659
162643
59330
111931
120769
62150
165159
130853
166664
71558
54717
179143
124373
98729
7350
69447
138829
65585
78201
82637
57027
150327
166258
109425
13153
21818
24640
48538
44875
89720
75154
139541
58924
171759
51283
199315
164855
19787
26942
131280
66701
138762
118760
88497
132711
198220
38346
49566
60107
31034
79082
137584
127471
199071
125736
118853
165773
181881
134356
88914
73783
39248
119624
116684
7479
110597
138891
104468
47967
60743
156392
84318
136340
108737
74576
116445
34860
72292
95750
168143
109860
178997
179155
174512
8379
41934
97172
182172
178761
137063
147458
56873
152929
151915
113321
88978
141927
57187
71105
177453
36567
180159
81033
152041
157810
61857
167113
151300
19640
3917
178877
139915
182091
190696
127170
1951
142548
52486
3067
17875
144986
169649
90077
44527
103649
47130
156999
155336
198112
78662
108558
84850
40721
152669
165113
2381
179623
137213
153082
121954
5220
99776
194002
43803
47764
64563
176101
31051
119211
55357
89742
58491
20510
79962
13465
25103
70185
113774
25264
182594
24588
52664
184984
99791
51168
110390
148636
184723
64466
126099
165602
170860
56952
18996
36029
146650
21277
95996
190020
50833
56626
93527
181040
124826
93912
73445
47368
117126
197756
166904
132135
72478
142578
154407
23519
7061
137736
142921
38596
86152
145803
63905
61650
58039
63662
107329
185635
113739
75589
36195
179998
81262
173120
982
114525
131163
173006
164625
120333
36826
80952
87030
135947
152941
27323
38983
138934
182398
178960
106172
155685
97679
9525
184155
106918
129086
101308
199534
195099
23831
22659
130623
121973
124404
182648
12272
182891
173813
45366
65341
193970
92124
103167
84516
178159
160520
84105
156617
65780
155609
173561
197297
189865
185789
145503
120137
153825
108783
110391
183699
194198
34467
138879
162231
38820
50035
194124
55763
166989
55310
27273
11951
12780
109948
19475
105139
142890
120922
45113
82170
98895
33900
1112
6235
105905
108249
157734
38964
48870
147054
78425
36991
26941
29385
49122
54785
56119
184290
51206
30378
89864
10432
62741
88105
11014
132240
191611
198799
175672
139609
39061
87525
10233
137313
187469
74717
63558
34307
143956
62270
193410
62926
180333
114777
12974
139916
132996
106078
79466
184007
127921
136451
8499
47862
149966
62586
21287
91972
8150
125661
155723
5013
198517
113513
31107
59430
100399
87192
162792
182495
123390
27097
63767
121536
18581
158198
169141
134768
140194
59286
40547
6694
125516
114985
82799
161076
114695
125195
117393
81065
34730
161554
159941
77669
152594
128758
80646
17457
24721
6080
110966
195827
31473
83813
12466
80373
5806
54029
151178
39527
93639
168558
164590
90893
171784
36973
24194
70085
161150
32100
16574
38958
147571
63949
1735
75300
155123
41982
187311
8217
100522
91749
22585
81146
129835
170886
120219
43837
199010
152974
15457
199066
63017
104963
189187
66250
182219
199486
88734
48646
148332
149373
119591
90059
21066
74862
80162
54461
19393
19012
90036
134575
124945
143833
3141
176659
33937
168030
95182
94842
75791
199195
124559
135006
2334
37933
176083
153121
92316
184678
142964
154817
41489
70932
66210
69398
38629
173971
6181
109128
33074
105322
101079
196296
32195
134897
164739
91853
106999
83023
66620
83032
129771
9489
80051
103611
73801
17927
18440
171475
190570
125005
36383
47756
173107
31658
107369
146014
68966
137056
98891
5716
164363
115457
194400
8350
35979
52432
2894
33382
118068
188596
128364
4580
64226
190332
143457
192111
191750
190073
168049
195788
63897
167309
137624
165089
16397
184331
78261
155284
39107
54055
139537
121928
57233
75354
126888
191270
20421
39686
128511
13419
65520
65808
71384
156120
4605
12812
147998
89953
136900
68531
99562
115304
131309
187112
165465
3603
90796
161402
176655
90899
57801
66382
3768
14404
90374
106078
4393
159672
133478
62515
117475
31445
168599
118812
4467
181155
145711
118506
87267
41421
115867
82998
160812
77583
182112
156023
85019
70699
40313
188178
143109
147008
105590
80073
13392
71595
169689
83286
132111
186160
146077
110071
144218
74946
172773
44301
20588
178696
35907
79755
148001
106471
95836
146763
129591
17032
198230
161186
68628
179579
122163
75293
31614
176921
141277
152450
182864
70565
78462
27513
158786
140074
190571
158413
27332
196796
157730
107547
190331
166266
164523
11896
196878
7004
154110
109080
164268
54040
84444
52750
119614
145883
74768
180695
121911
86523
97665
106252
87179
2231
147238
138289
163843
172375
124143
63431
125951
194549
51536
170689
147402
116890
179454
160839
159044
189751
163455
53896
28878
102674
139883
39276
104023
151840
98623
42053
155128
178222
103217
84848
3211
101626
109055
165607
80389
15393
78976
27806
63958
145549
194232
69573
77070
3505
192413
11816
86507
6769
97558
77262
180939
186418
198051
101985
183679
111912
58107
38919
198766
152242
9587
168884
138449
129974
147802
117321
199761
46627
50563
113440
123367
141507
144844
16371
24935
18696
113780
79061
112580
84957
70904
139646
50867
163945
140155
192724
114650
22266
171301
32311
172472
50812
3712
182225
118207
22722
106754
163028
48384
174917
160053
153384
178189
18987
184460
91561
108988
143206
125032
161091
147506
101964
72566
2626
191067
52936
3764
124224
144406
13574
35752
153105
135388
103956
124354
167466
110766
94460
44795
188444
53160
75173
102802
107976
15971
109512
109178
51688
103417
134699
94312
147096
33641
127566
139310
137120
199468
50280
184253
90111
156353
21527
97370
154192
11913
30062
33686
177291
152938
41569
121532
69782
114946
24918
29929
155140
83916
28
127352
148858
80759
192955
69544
137462
53760
51104
77384
117654
48515
49558
196228
102360
190013
66837
139385
185827
152501
183780
160389
14516
86771
6891
97154
79915
108801
81862
170198
121148
172233
91731
183224
70805
56089
164293
154466
100332
43583
76932
116722
164124
96462
31050
121420
106144
36193
189822
98158
191727
169439
142871
130023
7186
52673
191914
74476
147829
9308
163876
233
175800
17979
159160
33673
24098
567
5428
53236
189807
49127
133279
2882
92264
146791
93447
21961
21921
124053
178462
186029
176393
59057
106519
188627
72289
61782
162722
108096
14706
42195
184563
90993
61912
79667
113360
105615
114026
50117
48427
104295
197364
129913
73382
45558
103977
190875
102136
57928
54081
27526
140658
108294
127360
30170
9047
24818
64657
128091
48188
171238
65483
38584
95571
166011
15561
90662
2029
141395
76336
64907
52023
75306
46730
6658
66080
124623
156549
137796
150469
126482
177458
45723
165233
112474
195328
41875
23852
8805
57341
101624
115538
21360
88288
36703
17496
156013
165625
80788
105804
71378
38952
140839
136962
29181
140690
101584
47012
92370
39512
137588
87313
102879
155446
20666
41533
31422
185572
73271
115032
153297
64765
61466
103151
71792
47303
53751
99368
170204
135513
171944
84023
19693
78604
187874
128066
166799
69385
2266
112150
75072
73979
71517
178581
7508
175322
182756
67382
70789
147621
123790
13113
160178
174451
178574
104375
49648
187242
23719
156750
108108
82693
32758
68215
136286
97064
135958
31752
85702
77093
64479
36074
23936
155163
188701
143357
23862
111090
40222
41148
199936
39888
106700
124050
151190
98025
140354
19388
173189
112658
87474
17481
160686
18857
120173
43000
108167
62676
184070
143498
88361
111748
167621
138855
130100
169098
168322
64339
90674
174256
127946
197733
156922
3575
71782
137478
54853
12400
83737
182967
152082
78107
140102
64087
94916
13047
114748
74659
21448
96005
110886
171187
188171
157036
46787
40195
27119
137474
56211
197841
61579
133342
182894
154890
57844
116265
79228
178729
142360
193452
141102
90247
50315
150536
13804
45774
192015
85973
146245
97199
87440
164386
107417
93523
158998
128902
48159
153741
183524
50312
79526
112292
90562
49406
190571
152739
70212
157134
55907
139241
118529
146591
121888
178134
57815
197856
127794
166640
161213
87870
158047
75372
88179
140474
153549
94753
808
117429
178272
111757
83424
6239
69371
53949
105053
2419
135225
57010
9427
129490
183534
47880
96761
122718
100525
155430
125727
195182
147418
4425
55415
65078
87738
30133
56130
42107
59822
186930
65260
81029
187897
25773
139477
34642
157305
161727
9795
40635
1764
196173
120106
152160
13626
164469
155045
62328
92487
94815
161455
150762
15389
176594
66565
161268
53228
166379
149310
145654
126415
61562
48413
88289
102880
144810
58800
193926
178693
191129
36904
175980
42676
166980
79882
59291
120962
69417
70611
60800
106832
98209
56694
113273
192496
20428
19676
32541
42394
93151
102569
107074
115479
43906
1047
119758
39960
129942
112084
22052
109142
146840
47090
77574
59491
185104
184682
28408
23522
135883
63200
151095
129995
71579
64157
120611
150163
96415
84177
108538
114039
57047
49029
27831
119543
3897
89495
75844
105633
23887
129845
119311
38024
39247
80548
50549
117700
52676
106747
85036
50228
65367
183459
49689
139111
67833
151988
113539
125118
139260
185284
129564
177502
59610
33938
12802
59281
165121
66551
10853
151526
100982
124478
94921
195343
84735
59723
89763
192311
119630
158586
151529
176425
144167
131244
82493
89139
45816
118505
192277
170214
103791
56942
23336
118569
79406
85584
48826
123821
26538
135312
162687
1972
30940
96658
84763
107194
87327
65829
44254
141885
25160
47047
87532
156297
199812
64674
78349
193802
74074
139314
197251
99800
188561
160129
151162
85519
120882
59102
164297
27241
138056
134116
90378
83117
151326
29756
190609
22816
56646
87709
143648
72708
193441
21048
165684
119819
67120
77154
20640
152197
174447
167758
30453
48144
5608
163702
30940
170420
114855
65004
120526
194620
167671
176399
27800
92497
123781
155754
131640
180879
71521
17975
73717
39359
175712
85430
107239
100406
50369
122899
75187
147639
110367
25314
107946
105946
18151
6678
177786
127505
74100
53745
9035
197657
5244
78354
44579
141713
131078
87798
34781
126042
93000
56819
144150
65808
2491
180228
150784
180132
147054
133064
91748
86716
177122
111482
103142
111585
80333
113739
4847
64203
18962
74518
175202
158608
152
76673
168479
124211
99577
129747
169764
122995
30456
90274
90905
149587
184584
133124
58453
176846
93217
30504
35994
168234
105926
163093
93137
166400
123059
11501
144009
75529
21570
41806
75443
132205
196083
48295
165396
33220
13027
44128
173305
174786
24368
54573
1691
66415
140244
171398
91773
11585
81716
19321
25924
67782
109656
89965
56209
110620
30155
41569
28830
11021
127749
38440
123149
150231
76170
102570
127607
180573
27605
59086
98313
91500
10329
190065
186048
90529
74816
177797
122148
187240
5
8094
127226
25739
193879
46658
129006
115738
146064
114127
3839
65073
188521
14915
21382
166424
185475
129163
166546
194215
6046
72452
162637
123793
71399
63713
113620
24655
64924
180101
195744
63946
192413
139497
162246
157872
29211
50878
16802
9824
139018
151724
163572
177035
74029
31940
141614
71421
189109
158480
145440
148423
4483
3915
65724
157610
19283
132376
59501
170707
101821
171462
66895
57059
36420
128741
111670
10539
177405
196059
108239
161927
23216
63483
69925
32430
75094
185333
77465
38690
46681
42235
8213
31817
40596
120257
156234
197774
130883
34145
152724
193120
188861
2081
50190
155059
156676
154104
54930
184751
108751
141422
57114
40421
59247
82189
185927
85037
96016
78052
22324
99973
194425
24863
179533
34569
66472
26067
85162
103754
130971
117932
79498
19281
93886
93483
23142
127442
199977
29815
94635
159456
141097
129238
170064
102714
161413
164472
104326
24140
154464
162735
101061
54950
175747
19630
67275
3563
50568
192306
127659
132195
154122
61143
33701
83604
95648
145814
145350
94486
153273
2008
89473
41996
34401
23964
89794
188826
52523
181390
3060
192461
190806
108703
162169
182759
17576
132620
72065
150870
108275
107515
76554
188086
163289
92166
145275
89354
81569
123952
109057
109535
119378
19566
32115
88578
18961
168494
132294
16297
143218
169280
8196
116767
44653
33836
94303
50568
22189
20790
4931
26449
54302
38841
127879
9568
135028
32781
133824
131457
145805
141500
107966
115178
133972
32587
102376
141244
55873
117894
149681
157503
176982
129616
18262
95381
142370
15814
62173
115126
109820
20637
5030
141402
59943
116547
152953
18551
94320
145580
116714
177783
71373
191591
80913
77970
169310
19839
36091
9379
46552
16865
113270
50280
7293
67453
117924
167689
67848
7478
184345
164779
140439
43956
45666
30913
114259
30957
4677
3664
114702
74839
27125
87735
30633
70705
120087
97724
137015
48735
68826
40685
179729
74149
3813
57445
181320
80965
112682
6662
180380
126711
27042
20281
63291
14516
114436
110186
116747
70831
64607
20202
29909
74402
173728
139779
124288
75832
190030
100653
189284
114959
130425
51909
21410
188893
23543
45252
103082
95967
180480
1674
56312
136354
109678
196141
151795
161455
116151
123944
4303
56928
20905
141962
180346
163651
40217
83353
154831
93434
120062
48770
99716
127707
123007
95994
198595
95676
154275
165288
84066
44486
124369
1104
184072
76653
179579
132103
3932
179181
171564
196636
181227
66631
54034
13519
164526
5865
167118
78751
105121
190380
26026
149871
58138
61324
73894
12835
23040
99081
34513
39464
144178
27189
81723
144407
69675
178972
190505
10947
151050
174145
60848
121095
6156
196519
130832
184493
136864
122819
41712
179903
142254
32985
6715
100331
46185
80540
87871
36253
126137
97200
166448
67790
139923
67059
26548
162210
42168
182012
195753
83604
132127
90934
166261
168488
99679
23842
196208
163976
96739
71796
1456
62003
197804
23221
59725
2840
167021
49228
28207
72126
103756
70072
22784
49375
24904
40804
40761
63979
58825
81591
240
159659
152971
134256
131572
187309
172546
160179
106650
89046
139276
131847
34691
81239
68476
129293
99395
108411
118906
149197
104566
31140
122219
92230
111063
185202
18020
125705
147419
15363
48516
153589
59686
170682
132355
162474
132306
67837
146450
15995
39331
138182
66470
14016
174394
17279
199966
118281
79088
112621
120109
68612
145851
24377
81625
34124
113595
100693
123964
194669
179195
63210
140038
41889
187581
161382
151090
186345
4342
62004
107655
110992
187757
69953
78770
266
75353
185080
132566
159102
128439
62817
38379
36052
190719
50850
153532
79815
183971
172471
67242
171428
139919
86923
93914
133555
89640
17877
121067
88401
102674
153686
72556
122173
18574
22444
161064
40046
64149
177147
19808
124789
36073
46411
91410
56763
86934
188506
162126
12938
88448
30193
57002
36831
124727
159422
133119
105392
134634
12406
100025
121138
143227
78224
182613
93880
60774
184323
80672
113089
383
186765
8310
103855
30568
190525
186072
196205
195387
133093
13416
32196
179688
169038
181619
6842
41453
190777
165842
91826
108160
35686
47527
156137
53018
44693
3362
40490
131795
135433
97090
116067
137188
97212
34368
139305
137180
93095
74874
35219
95031
182351
5100
150632
187426
24962
35460
18616
185948
62685
150246
68894
163241
85095
102923
118170
15155
24382
159772
119969
93896
124546
20063
147952
125249
129030
73349
160351
113867
143803
177110
47064
41766
32859
169765
195107
167637
45290
167571
67547
184810
24542
164165
70635
84731
87906
55705
116158
68235
68730
122721
56023
189074
195465
103150
70805
189465
9564
151103
42924
25301
124496
148123
186609
190434
20534
103533
83095
194308
127418
24442
157694
55320
80691
147419
129060
134125
189922
21283
11970
67001
50891
163269
152184
31638
11435
7427
9221
179266
123283
100839
167925
122761
149756
21956
80848
106633
88493
11604
101329
167271
68378
116725
183107
145558
58197
29347
168083
25762
12866
195503
164616
126553
183619
57669
188468
153481
158990
66880
104755
160068
94326
122789
196161
74158
66909
100182
162704
19035
122618
100912
50886
164283
117219
146309
171201
97129
3439
113955
58829
196583
139992
20151
18111
114827
149827
96178
12082
30346
186273
54138
28770
7962
167576
176604
142050
128790
5599
123247
45779
109804
185401
29048
72646
162832
72541
143465
180647
51409
119270
66250
156305
97081
58962
197124
184115
112655
85608
95287
178793
181222
24642
157626
50068
174234
4763
127496
57675
191486
61405
71090
105505
2038
110441
115548
12988
108347
63484
148268
124895
166386
86321
157130
16110
140097
175339
134066
50533
31157
8637
13013
125450
53350
26659
82575
164572
199298
92609
42631
113808
79165
60010
15889
51621
121360
3156
155049
164275
121688
12110
118713
184237
185718
171452
140851
108312
94897
118049
69252
181082
24506
147789
74788
16990
55902
92357
61709
85291
30195
5313
50860
139072
106667
58967
26468
177881
189807
129014
76930
4388
190753
147343
188366
192738
149132
93730
86258
178434
47661
10026
41504
145917
188764
164512
91184
42491
23258
191923
4540
47247
197569
123167
86695
75121
183347
19485
75776
29920
78511
19892
6423
190773
196349
103077
55503
147782
120455
46471
37256
63571
116039
189536
136290
29876
97613
21593
187666
28217
51583
150615
74116
120808
137840
81578
191137
20724
180358
130753
156865
164441
133134
168150
124989
197090
165056
112369
39947
197640
74697
13264
6177
44037
142060
157950
8073
50083
103691
122430
93426
33989
99244
139592
73761
198607
32666
36832
82124
87664
10134
11836
41715
78928
81822
191042
65252
172589
54452
111734
15604
80031
198395
99039
188267
19025
36728
64143
72097
185804
73333
111072
184001
37940
5874
173004
95792
29376
4180
150737
66477
53171
192960
105686
179097
173085
159339
175635
129682
54349
167184
189683
72585
187108
198981
62040
106378
83274
16094
151948
116670
128239
181391
140946
114804
83136
175584
123308
185605
195426
105816
77505
31111
100637
4121
22749
9389
10282
22123
183236
95652
96046
2572
148184
123600
7062
19451
78944
130872
26437
103138
197311
196621
127245
5380
182848
11249
17793
97000
8022
63791
172663
44802
94615
20713
44100
30521
84909
147219
89995
17953
102367
174779
39208
81177
36136
94318
183019
15993
146564
173713
196431
96417
154869
178139
140977
115302
15545
194557
11468
196319
38436
153309
84768
36364
173466
169636
38783
139520
186179
15639
87671
174734
137380
195396
106806
173116
69464
51146
164939
133648
178958
125370
64398
74778
16841
176052
123858
117207
184012
68162
172116
104601
36217
145316
117785
47581
127671
72221
95320
176749
56917
183360
88578
91156
130753
181354
191157
111873
166350
45598
58065
170541
12418
77242
54753
29138
176702
107686
120184
116968
7020
44666
191900
22918
24323
3001
125772
80747
45991
94044
54365
136032
79017
76751
69765
74295
84061
191461
28987
288
117513
145853
82358
128296
101148
168968
30923
76014
129466
50561
179200
31360
671
113996
60742
74890
125186
175471
16843
107373
11198
29578
137966
187558
23495
192710
88145
96104
42484
191544
157438
90438
67043
91176
79552
49654
34097
199
57544
11236
28851
140125
109054
129254
183792
95833
157091
70930
58426
117679
150967
28855
20886
185650
178885
11182
76703
184653
49018
185379
119019
14963
105354
184297
127903
31877
97078
84437
1011
109774
116313
190506
110857
55910
99704
17728
105733
32798
84204
61480
155765
111413
179945
47686
189607
151869
130014
38413
125076
154429
113594
125472
105142
115654
115685
193258
167355
78685
130931
4026
75856
170055
33078
39681
41346
39917
171172
89539
80048
124033
61010
3591
29872
80422
73188
126144
3682
104916
187762
8861
74841
162288
185567
105308
178212
179359
143156
64157
71972
131788
162683
36165
106361
76584
157204
107795
24659
192646
177000
139817
195967
192265
136328
105011
185634
149288
27499
92947
32674
138719
180644
131389
199443
198409
131964
29950
139289
188692
108706
66765
199416
23612
18241
190136
112634
31363
88010
103832
84103
129612
177278
128627
3850
161283
1543
20561
130816
63136
126949
112690
52697
146996
168376
148502
143427
109885
159680
198498
30799
99170
87963
91673
179187
88247
162000
130263
152245
165703
65136
195287
182234
71847
16320
38557
145993
129321
126136
139825
95175
63762
188628
18248
67386
952
26381
117670
52103
122211
45262
62330
106966
7321
15427
67601
88599
76920
7025
92486
113468
26843
170466
100435
136891
199155
49433
73399
187316
135165
2172
145137
91310
55829
199398
28447
38918
22529
34175
61100
85269
105224
182569
53723
40634
187010
613
133558
68110
65966
91968
137120
104514
105731
125408
152365
42987
34239
29948
73901
94043
51028
59531
178259
72325
60205
130611
96274
32223
135779
29628
162112
168035
138109
171203
93404
55572
76544
176829
71393
182925
32536
189303
55627
193930
194163
39342
191591
66589
25007
49848
157715
119876
133470
179670
139365
144046
151837
5987
37689
17499
87161
22852
125495
97857
19669
36222
97537
34551
166691
54285
175072
127567
194228
141506
50091
117377
183298
162173
113785
166478
74084
143298
82238
37100
113644
15391
62127
168528
21737
199717
15655
71947
161007
190168
81909
13334
173775
77204
12507
123095
129644
128268
168882
71127
76079
73577
67783
193034
165576
149982
114289
101268
155714
119089
195092
163557
52607
157069
90943
178423
11975
35905
13141
126136
113063
149875
32960
69393
131639
46479
58343
104100
196019
87770
37595
20936
183940
158097
197211
25523
59467
129526
42042
162119
84337
57419
191083
144679
30699
184768
198727
68431
60137
154306
176331
51499
141951
15498
124382
110989
107282
105355
130022
33005
16781
25895
172678
168689
69655
27583
29161
108650
99910
38677
103798
10919
92912
165976
194210
122482
67383
82103
21259
51817
63475
156818
24449
8677
64905
35398
177484
102042
90591
168372
48748
17024
63543
109904
196234
177197
159966
33753
132007
59781
187675
171822
194104
7942
11111
44037
173417
183025
80813
105525
125586
2521
45902
73989
104759
80268
78263
72251
34379
107443
75105
35386
41203
96924
139924
53029
93520
104561
108666
138264
162859
154356
162356
141719
4546
157204
128039
64259
15604
132138
169497
180495
61388
86261
188899
8394
62006
160828
196816
103319
109465
125857
54333
78107
5613
115105
144048
112645
21028
68541
150284
30567
109428
57430
87008
13537
199679
42502
76421
191905
100486
38734
104574
100512
13917
184246
166341
106046
20101
27353
48424
176450
87986
107806
103787
139664
195551
106
69455
75878
184980
96330
45163
72643
97136
158356
74579
39578
67649
173151
186899
50
86132
157114
96365
104767
46459
69739
162855
102041
91250
137342
26598
150536
74415
195461
195964
77382
113954
166260
192688
67384
53028
191584
31463
197985
161256
140895
67758
87288
191759
56611
3738
73110
179888
14531
11643
4890
183023
44489
129882
90757
48076
33086
40454
156845
146798
161021
52336
20947
134009
106375
142365
101741
159542
915
128621
8531
149009
42331
114948
199159
50395
106001
191982
1462
168917
166156
63887
9579
99164
8166
70172
89458
169396
90982
99888
110215
197172
36826
121758
33901
15981
49272
186167
104194
33353
137878
50720
334
131810
190442
157276
31968
68949
112459
159846
5030
117140
38257
45336
19044
88829
66997
12608
151811
91945
146158
141937
64193
27542
181881
191327
73799
174887
10445
52096
31858
153654
14643
161453
79267
169090
157502
83745
166763
144498
160854
113914
145783
193606
22108
37951
56532
186226
120217
1469
110907
158797
68058
66435
84762
162547
59910
136524
110834
46085
190002
121419
59403
60471
19142
57815
129474
95282
79671
181968
116699
108546
62351
8654
7030
50997
35736
157197
166635
191926
59994
167873
81438
176060
26470
159914
129883
135468
110064
74441
90060
147584
84801
34735
42035
124132
89085
95204
189827
48095
17013
109573
144939
75558
134375
67349
179253
187189
109084
126973
185639
58282
139683
75859
105692
6260
28578
132037
153281
133004
130221
16993
176102
66326
8429
43800
148992
172699
144564
78740
29800
187865
49264
54500
188143
49412
129982
129639
77131
93722
183414
61697
51008
155318
139383
20954
58015
79404
23162
182581
61538
24173
71210
73138
155817
35536
107591
137606
129182
18213
184335
24582
126467
97209
147310
130186
56291
48297
118508
92279
122133
182229
104416
179509
189552
79335
182196
116596
191354
197480
156521
190043
118198
147800
165498
48115
193185
120310
196023
191170
160801
138189
155780
174750
142893
182824
122076
67362
123450
122216
185899
112495
178092
130065
2422
118163
15652
5330
77371
171301
16080
195125
87230
156847
123631
32902
139918
168215
53239
64946
198270
84312
33464
160814
70871
34984
119322
14473
97440
138157
136136
137985
23355
165855
65426
134722
149088
152412
193444
25858
124790
108004
114958
90124
138562
132530
90141
17149
53144
77646
37224
30659
92395
197796
131108
122775
136365
78592
151474
114412
51333
150490
97088
159829
145255
122177
57934
128283
24665
126622
20262
91383
91487
53225
190831
66294
139748
199808
97945
14337
19913
67256
34027
193501
74271
66757
190979
64412
63862
103415
195826
182804
199056
28325
167170
117546
47849
130048
125383
12021
13144
3450
170365
66199
192906
194418
51014
52473
7815
79918
175173
63236
92695
5573
61085
196125
126374
53086
12745
76469
8524
11881
85073
114548
150735
92548
160572
148901
37972
143662
192023
86181
102495
91068
17753
158174
29871
84433
167147
67682
78646
44265
46250
131205
112069
100066
82817
19008
158572
157417
146069
77369
185578
35813
101179
29634
135149
195794
105393
5892
183054
150141
129678
44093
198924
107675
130409
145548
9917
170290
185501
128265
76897
197929
70834
123899
130704
7722
170112
179531
171026
5159
159488
7428
109148
140158
38998
103003
25845
191743
137670
54195
173252
6956
25670
159935
9988
131957
111463
141384
4913
79748
72333
192983
84964
143576
39974
113457
140859
19696
38310
188812
92220
15917
184949
86440
139945
56943
31360
193131
144847
53964
173822
30196
26769
121301
193275
156321
190422
80515
78497
73370
62476
20947
82252
159169
166576
44923
179305
62312
186635
172930
127515
101760
67539
117568
34511
46650
67517
74954
83771
93333
68898
133378
79960
112204
161272
94832
151535
98024
85892
81241
43921
18926
188239
53906
164769
197285
91711
17882
25023
176303
119217
153031
17583
10494
171371
104987
96476
117745
123336
189448
64227
159287
122762
9383
195571
85159
29758
44567
76715
79701
65681
7709
69543
50830
37586
20963
117033
198182
137043
76101
71145
104527
91930
153997
66220
168563
16672
169840
89366
26937
110954
38428
177809
71316
87497
147692
68933
17780
37002
126319
91087
571
103633
11533
130952
155875
129128
112416
168818
111451
24183
107516
199021
190809
146975
80091
98546
43713
90526
76086
65349
35625
193853
196884
173480
150810
146287
171958
181904
114461
161157
124295
134129
169741
66788
198356
72444
28720
61732
72647
2940
68112
170207
114612
127983
59015
143061
127357
149493
37027
81938
115105
24797
102717
165226
154986
163178
2186
71437
15063
30806
185029
140611
70691
9082
198948
127718
189947
131099
32032
105258
134063
108507
161564
168307
14064
186003
22276
122631
130643
118354
14357
104754
75418
129375
57151
97881
126336
116972
191962
60703
177912
81760
17403
95787
9889
16601
193117
159005
170339
35234
76916
53639
134044
13658
110114
132811
18487
16691
75528
133950
41300
86739
19156
123186
188369
136734
124525
5656
169834
27628
162918
29170
50759
194792
63874
131619
141833
84867
185471
11706
41929
60738
179656
10256
74384
1458
31956
158295
95634
109326
165012
36774
716
103008
42489
72256
15500
51539
163331
104404
186043
138603
162154
115182
40966
44638
170649
80071
134172
101069
65614
148289
110247
95724
7498
157973
181359
8633
40712
11249
184240
156215
157660
72839
168290
97091
36532
34107
40700
147197
12551
165409
88975
32954
141600
36080
123937
169397
126034
126621
56441
100742
35116
183928
51307
8067
93265
46474
74565
28234
167469
53638
81586
174889
124015
119579
99132
198841
51956
75615
190742
78250
7889
37149
77024
83726
30994
14314
190242
5625
189877
226
77171
5090
102676
85938
14913
149764
19975
133338
52703
61416
5666
179590
112711
30994
198208
93821
32964
4870
114780
64446
180575
191045
76009
100704
127855
9912
36341
171814
109236
195479
169125
123375
169229
174650
81025
99847
98791
97584
177654
182648
23495
129461
13005
86444
12259
54327
184083
42253
87289
27034
94092
125254
75809
40630
12455
185419
19245
175294
184661
16780
67361
55465
73469
563
120991
171620
59590
28035
139951
50361
90801
158801
173529
6205
69413
186218
186176
28610
145300
8328
46427
104964
34379
36518
184714
196661
181616
147074
24683
61875
97969
29225
56937
121621
175576
62133
153040
119021
151579
81391
156203
99319
99966
78662
104757
156992
111642
95867
164256
62150
30398
110986
143987
58169
172555
172957
64412
99773
82064
151929
190247
162920
37740
141191
26440
102182
143887
170379
83386
3
38673
138692
151743
149571
96341
127260
144327
148536
38003
11107
21649
84753
50672
71795
187453
124216
195363
59171
87663
3628
94462
91048
120005
77754
105417
61468
6223
19027
40347
63225
139534
61092
18162
52478
145587
98271
141468
119339
93025
9494
35056
21542
28056
103979
165907
56954
102769
8879
6337
165801
107245
101885
29069
56810
124862
140513
176784
167343
88639
25347
961
25602
114843
173307
2189
174522
168130
70348
125086
165362
55800
189003
189635
162144
187276
136755
89664
45035
99112
48422
24364
26801
18566
5866
31637
110563
102818
119303
93824
137529
18284
153142
46577
126815
13229
72628
145687
196571
111762
39454
165651
78845
134747
188854
114585
174432
80609
8842
194595
197587
169317
13212
14324
176247
82186
11373
82048
113044
102390
94245
177068
79712
51530
199172
25218
197209
25760
46496
135806
146976
17830
151646
32519
173148
69889
60957
109999
80063
623
43143
99646
140334
34774
2116
166422
160420
95785
28269
155052
2035
34285
40772
81627
92423
137099
191472
136972
50060
180883
190369
98683
25544
3947
13701
115203
93432
38600
155677
79520
88868
133720
74297
147416
159814
167682
183669
52248
143431
176876
74583
131616
43503
80342
141998
135717
19516
55854
82024
112547
160137
35776
153970
54478
199467
84965
11549
22059
698
64097
195361
104847
153233
77143
43576
70991
53127
70118
191056
13398
16154
103458
20493
133516
23699
62428
90487
180268
172810
99631
178038
14368
91762
98294
84381
86721
9698
74720
155624
46683
150679
151524
168608
13984
67709
169827
92933
143810
14456
176624
166479
150539
89298
14150
129929
39192
155837
57153
175851
104210
73447
164052
63462
156527
37646
131160
184279
77796
19644
52469
81390
144499
196692
132725
121201
59158
94958
186970
87789
139649
182506
43104
24469
5806
192821
36102
8319
167069
157360
188941
116446
110489
16366
188211
142354
5236
158175
162159
90320
90139
133047
165711
18596
21923
1163
135893
139666
110987
163451
11822
129204
3201
115435
57551
81787
144502
195568
8362
172379
27794
73537
38394
153492
71290
49031
44144
128387
165914
34162
54203
60706
45522
101089
170711
158983
140284
49881
173891
175506
113170
17335
50747
183756
99428
163674
125262
79772
38081
15781
10927
164303
8949
11689
56678
6576
112164
139728
104292
113100
124035
143232
20948
25750
86822
8230
114824
142109
65883
128633
50914
187465
80023
87144
182791
154074
137157
102858
120811
52361
49118
85227
173526
82137
182969
177342
129432
184389
182377
26230
163022
24636
12777
82207
135559
25458
106558
16284
10973
43957
101981
128286
156174
199407
16128
46465
7262
60162
75813
49255
47973
118005
107956
101210
127806
121204
75584
8259
121889
11732
46589
73928
117575
39855
164187
172163
146936
13936
182489
146221
48482
198177
130467
70725
179316
93770
23370
190388
128539
193992
183450
113480
119923
117692
135746
149481
107123
69515
32616
118862
194479
22956
117907
102106
82132
102758
85535
188709
150836
79629
37369
97653
159136
64516
167237
96166
170064
163977
67231
122420
108559
72302
143691
155748
64916
18168
56737
137689
67256
110251
147851
95453
81579
4502
134157
127796
27363
78243
34954
6180
88394
166236
199709
175392
194139
135795
51442
176281
32800
99080
168419
31308
192799
162368
169562
175934
47293
109812
144469
165
196473
81436
147171
84566
44823
171417
90468
170625
122296
110399
18164
184670
97167
160152
77460
185953
137487
68266
88746
119298
136331
184467
175240
45917
66670
44527
119909
42137
145106
113546
178831
156248
62797
189671
27601
27884
146050
115552
130839
183830
167505
47966
55198
151428
66643
79402
34465
41033
52289
67819
69516
48952
177248
54574
107033
132920
62023
172487
113319
36112
94564
152046
85210
91152
168772
13527
113606
3063
149737
57910
53662
152200
106149
79484
830
80506
153170
116156
136398
157861
49492
4754
87054
97592
138270
77304
47973
180670
83909
41407
184088
167964
131213
118704
12746
176645
55133
94198
128561
40999
69137
160977
179937
151956
56429
133783
26824
131664
197469
74948
54300
187561
101294
17151
102368
30607
170516
44714
141261
190542
101075
145157
119511
103119
79837
148949
54962
103542
16801
197410
164553
52003
48756
111376
74841
72308
198203
12555
119986
166966
85207
146013
88425
161948
31897
56848
56827
57081
191708
114273
12013
21273
26341
181015
80993
118720
76249
19855
162407
29037
86952
118965
140262
21821
56535
572
167949
29675
79435
181641
110528
178469
130681
105485
74517
199710
122610
190511
130422
148556
52176
100977
2085
47920
118054
157816
60427
8486
29648
113477
88303
35142
137930
20856
144225
187633
103014
126244
107127
149080
112233
88217
142782
6150
218
164442
133091
171338
100054
197732
53961
173609
104265
42394
60460
147265
120478
12029
152640
15436
116772
47367
95850
3296
125530
110508
122400
43085
130728
37727
98335
61515
183891
34227
188712
58876
155656
155219
165001
52109
77957
182097
154346
102264
163624
169260
110946
121024
31746
122417
144499
191552
45078
109301
195336
4118
109907
22249
166070
167129
19119
76034
148925
175444
113876
189452
41695
68743
181062
198050
172489
14598
131460
82722
145984
52819
147710
127752
68728
76199
182108
174380
22284
133554
3111
47521
57427
165523
35980
60409
67224
140842
25164
97860
59584
30209
161742
76687
191654
156407
3116
76453
127957
129128
20320
141007
80094
197064
62930
126621
187294
23106
173275
74458
117861
1889
47927
197856
2165
97401
171482
72452
109276
102297
79329
188144
171772
6052
147428
155411
103609
68397
137270
195064
131723
177419
122647
194347
101892
18597
47307
75051
172905
6692
41572
132098
95994
109298
125158
149040
1536
15783
153915
79936
164079
79169
181498
12391
38764
167665
137192
121841
120932
137681
27308
76102
20971
94137
39138
148909
154273
157567
9547
40382
4635
69698
146346
52606
130921
194031
26869
11721
93008
191708
13510
82146
26967
169211
55526
173274
97957
81397
34313
18659
181051
171573
6958
181673
112963
43027
3081
98068
87483
199310
185198
189407
8464
104732
51535
52531
129399
154585
95044
15684
17471
124875
169255
13385
121776
51071
19030
51629
32531
199159
168699
3310
191984
177457
23494
79526
46189
193010
113947
108564
161315
176843
132949
60901
63527
183750
128397
85911
178048
54656
165790
123233
25044
196155
191197
180108
81575
81362
198723
67074
41424
53311
181121
176705
76713
50886
11644
97340
111674
66932
183206
146704
50424
1694
22568
134725
85297
64956
165442
181245
29846
114102
117938
4573
52755
102215
92712
147922
130850
171286
41210
176957
161885
139794
163923
141168
144489
132548
65968
72468
80978
117530
17223
195433
68820
103749
62326
111773
73461
192034
162614
55417
35190
121685
50656
103238
30916
131235
10558
185819
72358
94006
121068
6655
49540
198275
54272
107546
176953
30254
97192
106255
84337
159859
13576
48267
108815
56369
69163
119636
196439
80465
148969
32416
61054
1822
5726
193890
24647
89021
60786
25391
145587
103255
10153
190287
62789
70279
129124
132427
91466
12430
62950
174506
148386
146012
60442
144632
118642
44434
117846
97477
7941
184699
24187
169781
25453
180044
186247
12268
102962
52388
91571
23900
130017
178338
176553
69052
31438
13168
59449
66918
117808
162374
172863
122863
107765
111967
47232
86779
117378
5206
158150
23334
86880
115375
174203
154291
141623
184606
129534
138475
163865
90510
726
111190
32772
193409
145489
14560
174369
40791
137836
174615
74965
138640
6840
170693
187820
104
34661
18410
46941
59768
18587
119905
14318
78463
78571
76320
13843
31845
23503
44172
160686
192883
19637
179016
119
85123
173656
172725
32988
122655
66544
152604
49596
124087
73476
120129
19086
137979
152710
55024
73074
2343
196302
49955
144650
199356
29007
159597
49288
183152
83930
181330
156210
155796
72236
13171
90450
3347
173122
34572
129826
170707
136988
143287
188780
120438
144418
79186
111779
50244
26032
105351
94134
126917
78082
33202
18013
68788
149217
124925
122586
5886
182713
76456
179091
128147
8490
125344
91115
171947
56716
124836
72472
127153
126627
23184
186017
19260
130491
7203
51942
30751
20010
111220
69241
178403
146242
88082
166616
167553
77361
94109
7223
155123
194241
91619
31061
93433
158130
62407
112044
168595
13355
159453
175473
179536
186995
16800
89493
3399
62523
3952
108224
66775
52344
131965
27017
46453
148092
42892
56151
74453
156570
33261
21030
96677
171609
80745
19562
131987
66597
173274
94941
81494
25594
139014
11965
65733
36206
143360
173843
23462
103132
185987
46100
155281
23714
165667
105447
192447
115288
119293
28599
173355
140322
181988
191367
2240
31976
80372
192301
43851
53762
178636
88993
118275
149073
123327
101811
37750
77143
139385
34943
160676
43342
166777
49232
65082
47205
137037
68771
105208
7172
182038
151607
195691
11691
28567
25044
22995
63098
134908
118049
111172
177623
20785
82144
197501
186028
85372
176605
164963
159530
107545
53278
53965
11384
82643
61828
73689
158788
189787
141026
138826
121096
12422
176908
167772
604
166200
196908
25334
114266
171375
157322
52550
133113
54730
36584
118936
178865
180362
87552
156924
175152
99870
113656
159425
23962
163618
103007
114771
77859
80969
62534
17947
99856
461
50555
93631
105148
91692
117163
47133
36730
14850
157457
139682
99711
121578
132554
43106
10358
71211
198204
116663
171557
48810
187893
153642
24184
66424
46851
105766
74081
123205
109378
130947
87864
153253
102379
99836
64522
75494
13841
26970
65687
141021
172787
182228
124642
65837
40095
139265
147547
37906
119077
16850
71839
21167
188299
99349
81271
173042
100013
98543
105366
39498
18755
111296
145685
148929
18083
12281
112020
109120
92152
129348
167261
121826
172197
9755
12136
131899
166417
121202
160160
189323
132082
174284
155094
66200
68402
58008
191096
71342
116664
70363
183468
156243
189140
74589
129151
120668
31279
69799
44718
172752
167418
168171
91104
181794
68317
81495
190238
40425
23426
61337
41919
2587
40537
118694
186030
145070
92462
171616
103546
152608
43422
84300
166515
199094
59150
117807
149955
129049
111097
148792
186578
141761
165644
116725
14100
139560
47419
101092
161771
107432
44665
195935
164143
106179
138138
173460
127182
96643
139110
52951
172310
163422
75317
148957
9764
56423
42711
23552
58374
42483
170575
129127
198945
89415
130836
105051
105288
16296
5879
86437
9689
171750
40628
90531
159143
126827
82329
105046
132257
12020
180123
126027
90969
96396
135049
195476
27822
174917
24555
109573
110885
89755
182725
84844
24335
26553
147337
36524
96183
75000
193928
193922
64708
31255
97946
74227
140798
54348
187299
115228
60930
60375
61461
192535
149962
151193
171343
169680
124871
93350
130648
156391
164002
138455
131026
9431
51437
25114
100699
51956
63039
161471
127463
187009
18482
41854
406
143571
39677
120958
165245
154192
41272
39374
4527
47924
145629
55020
81424
126253
66103
124022
128275
185507
115735
1548
184720
19626
172630
62398
111829
111235
52443
92640
135370
112892
127090
63641
144916
185076
67301
7767
57795
29638
87147
116819
172317
162454
41246
61659
63981
74317
103991
127376
90004
100165
163495
189287
116395
114145
6057
156444
180467
69172
160782
193275
79729
154142
175012
116524
138359
3798
22175
61020
84615
129431
86631
183789
25662
168148
88404
56392
7552
75558
50896
185370
181784
142947
86406
11600
130412
58888
58706
57247
33641
107362
41106
65384
99210
106559
191338
37487
171073
133203
168572
36642
78118
158566
190464
82724
6649
114880
108635
130376
198043
13415
68643
110114
22469
152088
25750
65104
80068
185856
95391
170533
4874
11478
85770
62763
183596
50408
18059
111117
193101
187101
78739
199363
3626
191417
163854
163742
71396
192636
63832
94950
50829
192477
186605
65055
196907
187408
131421
112296
99876
28026
149346
152651
70301
99754
180099
183286
173289
54661
100157
199892
26163
122112
119015
133873
191636
39718
158423
162848
152013
42025
86643
139868
26616
5
172828
88063
167604
22018
167316
78387
91494
2035
195464
195045
189135
174973
66783
131987
165732
126940
78965
127152
175937
30683
85802
185504
5061
153884
122560
98584
94959
30172
164035
148030
12482
99315
73273
99396
42434
81271
197554
169523
132934
36789
127056
162701
33505
56611
187710
145844
158930
2962
48125
159262
35786
35910
195179
19004
20812
43419
60033
191102
36450
54039
101092
46292
47799
92243
174709
1700
80051
43062
76194
122416
141402
11398
101299
41147
178166
161756
88219
64811
2826
185828
37632
2228
33475
154701
76500
14436
52288
120225
30803
167488
150721
96130
70728
21557
44279
136092
182434
17245
162018
79628
23715
91589
69682
98796
12785
116093
183455
33281
189700
48184
6780
9935
142092
3546
56201
153458
96472
12304
22198
147224
133841
84053
57975
69679
148061
16842
85488
134680
96710
180984
147752
167010
28482
96605
180242
36455
19221
52463
48820
150681
125878
41949
35948
163848
96855
101979
3759
38403
84975
4636
40326
183889
93629
147537
114020
144110
100774
157908
149510
3779
84446
87021
160821
40490
139216
123161
66029
30204
7142
136396
66476
199690
77416
36004
175641
108649
51566
19037
84655
121435
76828
140941
165368
36178
53097
73445
90652
195802
197913
144156
156047
37473
73518
109955
22642
196068
195225
165556
52989
101690
131042
102462
36601
1630
78715
110901
10403
112891
63118
83987
197642
108163
199700
197239
15799
23811
83527
156261
120796
5909
97853
103552
9476
37386
33681
145989
30609
34786
32511
131289
18220
12347
163240
96422
37108
178378
124791
175263
285
133294
39468
183257
121918
85051
29613
113350
49668
179089
131604
17947
174033
147630
148477
66532
67491
91423
145582
122024
5415
129948
13847
120134
8039
98019
54266
88889
145396
16130
125174
34821
22967
190550
111824
44010
175218
95909
13445
7895
84182
39322
70413
101642
163868
116585
94221
91709
66812
186700
16953
150274
191470
162844
127311
171776
121782
146754
159901
152023
137964
72574
126614
61335
162732
129655
53856
132465
53631
32640
63117
186157
164695
138418
25257
178277
112678
44335
142044
151461
88116
63857
60383
182255
36753
191038
147805
179810
122958
161283
178597
39974
153377
184747
152526
83483
122741
136127
165382
199040
69828
120623
135525
97121
194171
140993
12823
800
142992
89839
187616
165103
108134
158981
103029
73158
57327
113232
149439
125750
23197
39679
119108
176835
146077
84390
6193
157395
116929
115823
46037
113123
184663
97130
77597
50266
81866
19486
43535
52663
111296
12169
76530
123136
138757
125063
72662
134865
156093
199440
10210
174074
123611
20157
93967
105095
190066
151223
167447
25836
4190
162519
106519
14907
8052
97442
12309
188558
4505
186543
41541
198375
17203
133333
171331
156342
106269
32926
96140
118390
92781
69843
71421
142436
27933
30212
155827
5569
76275
157293
190072
176045
190486
33322
19521
154175
112271
187921
170081
64344
95449
132014
20311
101438
100907
161900
76481
157022
24196
56900
95561
109601
96991
104880
20040
31289
129113
1102
39136
45379
16107
145318
16845
177891
28186
55145
56767
198742
194196
25135
129294
92111
57728
41968
158286
55997
92814
144850
112871
176315
11563
30460
71178
199876
134595
44777
163138
107086
57787
156914
67423
11641
178435
6168
153938
124132
27363
10655
141063
8467
71229
167292
119279
150963
154508
91437
132476
73600
30366
124488
28924
198542
146266
184229
51155
83480
135257
147542
142562
113594
169638
153148
24332
27593
143094
20510
10481
130837
145922
26281
158798
26785
92203
42156
132779
61294
124734
17127
83887
115095
99161
161659
63103
157366
8839
62732
116532
120738
135190
48767
180620
110757
52436
11422
155401
129143
120121
27513
101545
179835
31166
174692
63586
72388
58206
120098
72261
81746
71290
129403
63769
184887
145499
77916
111507
119371
63374
74589
113454
148342
140449
101283
115382
107165
148505
185105
66661
174042
171152
145377
164056
134494
11941
167723
140236
66084
195922
165624
142967
109467
53435
179848
66158
59760
165811
138581
111127
150706
128703
184644
169683
148954
164382
5083
69105
108272
9173
103559
18873
119385
152712
97261
45023
121115
177800
75555
102004
29576
13447
98956
146847
140382
181856
14219
174565
22522
40347
65177
66868
64555
42331
138630
179730
125867
166609
163010
115844
39862
147762
100271
184583
18772
53800
62702
718
160737
73128
113658
78218
48242
97638
98763
157736
123618
159218
190346
14169
75903
52914
141808
169505
184350
50120
32512
137546
78234
76194
76090
74542
30063
154994
157516
181406
150013
178562
171251
34388
99504
62885
47997
149422
166748
12573
153851
66650
127111
57185
25405
81860
26940
158068
71386
12917
185294
132032
37173
128630
63387
6051
164605
95742
93707
86505
121423
113394
70291
113450
693
29817
16878
53561
157486
187601
198508
26523
113310
73172
127829
124537
52038
122715
168462
9022
85059
93807
72880
54536
167870
637
72952
113419
143632
191316
79289
190139
128515
165482
45891
72294
21365
194661
55353
12697
35360
96768
196411
124679
150727
43311
131983
128859
163665
34411
53142
68493
49244
121057
170306
33897
140694
97089
195052
19414
98496
150008
10214
176365
82948
182577
126469
115437
13685
101587
69632
147012
165485
16214
157385
159979
94769
65148
121497
128621
49250
41749
132914
113030
53910
78929
2798
70852
79554
199894
157038
38146
158611
77356
119571
150122
8188
28388
65388
5758
57151
155857
48965
14935
112282
58814
89690
122540
58020
157553
72373
10749
6679
130944
96227
138888
2434
156017
111695
80085
2298
88469
123287
8009
652
139039
175795
31983
97228
26368
35995
137667
129208
116604
159329
182063
96042
115986
91496
174291
177895
15577
104738
1074
8311
113776
118592
33914
21869
162881
5801
148739
197171
98531
53189
35690
174556
36864
150470
162751
54615
33278
77546
146007
188820
14952
27039
122018
59178
99916
178209
67317
34361
149215
55688
135781
123700
90036
151906
110669
56463
45399
6543
110995
89022
105184
115027
102439
114643
128986
87012
108576
59083
139899
150926
156854
40887
118355
102783
191362
129857
106167
34929
152404
192606
161146
146577
116483
4985
139121
110271
165411
111809
157238
83522
39226
171611
102637
127318
25531
138464
87039
60528
196099
140195
34528
158877
66729
166299
7895
102681
51693
25793
83990
157009
38713
11444
56128
58932
117005
59564
198309
53121
72200
77836
9144
1549
196615
64305
53519
130515
99747
110035
121942
62453
166697
134387
179008
177152
9559
156935
40886
190514
14863
88508
189551
132595
44188
70084
163279
181797
32785
95621
122111
82512
136410
88369
164679
132962
116274
198257
92260
46914
93320
79902
95787
152072
105841
189723
30972
3095
159753
54632
13535
139971
9204
42689
104930
135515
55452
138310
111106
72436
94021
127778
106130
49417
99489
99873
77866
199001
151546
7789
91784
39669
62480
168319
113441
37416
46212
192587
133114
40656
159046
146253
127779
77353
167544
2607
164612
91702
52150
181396
126394
176961
199411
168174
149086
14157
101851
142062
135887
132513
145309
118302
148886
35972
79976
58054
80842
140279
80547
11229
52786
16057
52531
29420
11814
163358
165868
21767
1057
93963
64219
190841
66422
107506
175144
79949
17376
118003
191221
190264
137323
53555
33484
17353
188862
174191
161957
57117
142555
30330
41406
70328
40866
99214
121401
86689
181830
157990
104581
138348
87137
193669
115153
39736
182189
135761
11488
145045
84525
51567
7392
32785
168691
91801
13456
183156
12663
81489
15438
10940
188442
128045
144591
157299
114150
43617
30181
155557
10666
128296
78201
11233
139207
156029
96656
3897
42262
35704
189126
2572
164332
198901
181194
120531
75516
91433
167330
135278
48114
20399
168375
168241
177654
2142
8714
57450
28524
92211
98572
96148
99684
96959
17993
22497
164573
148718
105469
41678
33286
38952
151033
173956
76718
178879
40055
14768
34993
66420
168901
96286
109298
84526
90943
111616
138778
102261
109977
194621
195430
98909
90223
155912
31278
57428
21640
135861
3254
58517
145717
33699
16917
183063
45465
5590
16259
142399
87030
66130
178284
179901
53966
23140
26644
114765
25958
49854
188744
91990
95498
56373
9221
85658
64264
155499
87441
137685
185023
166432
91433
168380
2045
134258
134757
89154
159741
2199
148002
138076
132951
32274
7837
165649
50183
131733
11837
181459
61379
190982
106984
31249
53332
145350
149106
194726
45666
132880
185730
11609
96480
27104
140700
150394
130110
40917
146774
76475
140939
9499
193610
60169
3328
74352
135166
53542
48185
86587
111438
72849
101047
157919
46163
39896
156988
174465
31962
16236
186002
6428
192765
18486
71270
91319
79290
37414
192420
109801
53438
100031
57622
60661
65842
79368
110103
96637
148359
63275
194436
82503
135425
170797
166004
69170
30952
70866
83382
80388
192015
129560
42304
69950
70623
199076
118339
93780
84397
156572
39510
92911
110886
46546
17847
43993
17155
184052
63875
84470
23686
41399
74423
31389
106796
36255
72162
155897
77393
11264
19671
66252
76026
103554
106123
28651
28372
119839
143088
44727
146539
155
13245
160810
35272
84191
187024
63537
16183
143537
127815
18240
18919
22463
125892
140636
153451
160394
142724
143269
100986
172159
55126
153585
2149
89759
149400
89369
153158
100724
60352
88455
57610
16350
17247
16343
159044
31066
81755
31474
55454
85738
54502
13813
101150
86944
17694
141529
134748
113780
184152
73487
30675
28079
88956
35294
78030
174310
88837
70518
39886
117099
128556
88285
102337
125833
95515
171080
118424
85122
111986
173108
121256
186019
162383
139154
145324
194979
88244
162360
97618
77445
128284
192891
97284
42305
85020
87564
106962
36574
2906
67710
85320
26121
74211
140897
102522
75045
26222
166059
24844
25504
57836
107790
163903
57759
149947
13175
137147
162071
7587
116091
179532
176625
61747
184778
16050
37344
143134
124151
129197
