1000 999
498 709
498 575
498 529
498 665
498 508
498 620
498 813
498 915
498 930
498 941
498 891
498 663
498 546
498 940
498 730
498 513
498 696
498 799
498 949
498 605
498 994
498 688
498 904
498 552
498 840
498 646
498 523
498 989
498 900
498 931
498 642
498 561
498 831
498 569
498 732
498 543
498 507
498 892
498 610
498 802
498 570
498 736
498 723
498 556
498 760
498 845
498 758
498 751
498 780
498 822
498 733
498 644
498 995
498 637
498 778
498 597
498 580
498 685
498 820
498 505
498 577
498 670
498 726
498 715
498 621
498 500
498 525
498 524
498 849
498 809
498 739
498 691
498 534
498 618
498 673
498 888
498 947
498 530
498 517
498 540
498 815
498 601
498 594
498 551
498 741
498 772
498 674
498 516
498 784
498 773
498 719
498 627
498 511
498 875
498 801
498 955
498 630
498 536
498 756
498 982
498 608
498 913
498 514
498 771
498 634
498 828
498 796
498 863
498 653
498 914
498 600
498 591
498 807
498 560
498 639
498 992
498 658
498 765
498 572
498 812
498 559
498 713
498 948
498 528
498 798
498 885
498 865
498 988
498 626
498 628
498 866
498 567
498 967
498 766
498 641
498 631
498 977
498 533
498 583
498 792
498 979
498 574
498 531
498 783
498 851
498 571
498 837
498 625
498 596
498 945
498 738
498 603
498 612
498 722
498 864
498 983
498 704
498 581
498 609
498 606
498 745
498 954
498 936
498 895
498 518
498 748
498 700
498 848
498 757
498 749
498 786
498 703
498 841
498 542
498 762
498 861
498 935
498 667
498 708
498 847
498 810
498 643
498 717
498 585
498 906
498 924
498 978
498 693
498 640
498 806
498 602
498 997
498 903
498 923
498 593
498 973
498 705
498 774
498 636
498 512
498 724
498 632
498 702
498 907
498 928
498 853
498 607
498 981
498 499
498 887
498 858
498 599
498 918
498 539
498 897
498 950
498 672
498 817
498 826
498 965
498 933
498 791
498 718
498 615
498 729
498 683
498 768
498 879
498 880
498 787
498 855
498 746
498 623
498 996
498 916
498 971
498 788
498 506
498 844
498 656
498 699
498 714
498 616
498 669
498 808
498 742
498 558
498 850
498 660
498 619
498 743
498 681
498 629
498 832
498 975
498 587
498 927
498 980
498 750
498 509
498 966
498 545
498 908
498 521
498 725
498 707
498 753
498 563
498 519
498 889
498 698
498 816
498 652
498 793
498 553
498 527
498 588
498 929
498 689
498 544
498 878
498 522
498 648
498 969
498 770
498 790
498 680
498 829
498 857
498 976
498 744
498 535
498 970
498 882
498 537
498 716
498 932
498 661
498 777
498 962
498 818
498 712
498 797
498 520
498 781
498 960
498 819
498 654
498 921
498 547
498 794
498 761
498 782
498 910
498 814
498 589
498 939
498 912
498 789
498 526
498 821
498 695
498 657
498 769
498 747
498 662
498 576
498 956
498 905
498 998
498 902
498 752
498 557
498 759
498 958
498 951
498 578
498 942
498 690
498 877
498 710
498 671
498 767
498 501
498 934
498 548
498 993
498 835
498 734
498 510
498 549
498 564
498 846
498 839
498 706
498 647
498 622
498 611
498 964
498 775
498 842
498 562
498 834
498 785
498 617
498 919
498 869
498 566
498 843
498 675
498 711
498 868
498 838
498 862
498 894
498 737
498 676
498 800
498 650
498 854
498 884
498 972
498 598
498 720
498 990
498 701
498 635
498 573
498 860
498 649
498 823
498 867
498 686
498 811
498 893
498 985
498 604
498 666
498 668
498 909
498 859
498 651
498 991
498 886
498 805
498 974
498 655
498 953
498 735
498 825
498 804
498 881
498 555
498 922
498 968
498 614
498 692
498 830
498 871
498 728
498 963
498 503
498 679
498 682
498 901
498 795
498 684
498 959
498 937
498 740
498 645
498 638
498 957
498 697
498 592
498 678
498 687
498 515
498 890
498 852
498 827
498 538
498 883
498 961
498 590
498 803
498 987
498 999
498 613
498 754
498 764
498 911
498 779
498 873
498 952
498 917
498 986
498 677
498 833
498 984
498 624
498 920
498 938
498 550
498 565
498 898
498 876
498 532
498 586
498 824
498 633
498 776
498 727
498 755
498 504
498 541
498 925
498 763
498 721
498 926
498 694
498 872
498 946
498 943
498 836
498 579
498 731
498 870
498 896
498 874
498 568
498 595
498 659
498 899
498 664
498 582
498 584
498 554
498 856
498 944
498 502
184 498
27 498
13 498
234 498
437 498
288 498
23 498
303 498
348 498
48 498
98 498
24 498
440 498
116 498
250 498
326 498
180 498
258 498
478 498
117 498
432 498
21 498
173 498
294 498
309 498
439 498
186 498
393 498
385 498
425 498
135 498
260 498
286 498
400 498
296 498
471 498
133 498
418 498
89 498
245 498
480 498
143 498
268 498
355 498
31 498
266 498
19 498
349 498
167 498
402 498
333 498
341 498
411 498
51 498
313 498
205 498
259 498
369 498
476 498
222 498
291 498
353 498
9 498
174 498
461 498
488 498
179 498
307 498
22 498
417 498
323 498
213 498
320 498
289 498
387 498
316 498
312 498
241 498
54 498
345 498
408 498
428 498
192 498
392 498
56 498
311 498
315 498
310 498
44 498
403 498
344 498
161 498
414 498
431 498
132 498
63 498
5 498
357 498
463 498
151 498
382 498
55 498
264 498
366 498
160 498
105 498
338 498
445 498
375 498
462 498
494 498
166 498
330 498
82 498
171 498
228 498
262 498
420 498
197 498
229 498
281 498
407 498
131 498
275 498
430 498
339 498
185 498
147 498
83 498
457 498
81 498
39 498
318 498
376 498
200 498
485 498
134 498
492 498
436 498
327 498
194 498
139 498
479 498
325 498
293 498
452 498
276 498
242 498
17 498
43 498
360 498
347 498
497 498
273 498
178 498
191 498
85 498
235 498
237 498
92 498
465 498
57 498
364 498
218 498
188 498
91 498
362 498
206 498
350 498
18 498
438 498
257 498
409 498
163 498
473 498
125 498
176 498
112 498
62 498
155 498
170 498
204 498
419 498
34 498
283 498
217 498
466 498
248 498
159 498
14 498
267 498
486 498
230 498
455 498
108 498
251 498
2 498
227 498
129 498
203 498
460 498
140 498
37 498
459 498
415 498
238 498
285 498
413 498
225 498
214 498
352 498
215 498
123 498
446 498
271 498
138 498
64 498
74 498
109 498
372 498
448 498
468 498
121 498
10 498
297 498
314 498
324 498
73 498
137 498
0 498
208 498
398 498
128 498
244 498
335 498
334 498
181 498
370 498
240 498
424 498
454 498
443 498
6 498
287 498
292 498
78 498
79 498
182 498
11 498
38 498
456 498
496 498
319 498
153 498
247 498
52 498
270 498
282 498
265 498
236 498
12 498
65 498
300 498
75 498
284 498
495 498
239 498
304 498
274 498
255 498
321 498
306 498
298 498
126 498
329 498
172 498
371 498
328 498
47 498
365 498
317 498
447 498
464 498
261 498
444 498
115 498
72 498
482 498
25 498
356 498
481 498
1 498
290 498
67 498
101 498
142 498
93 498
3 498
94 498
223 498
386 498
391 498
308 498
201 498
346 498
342 498
380 498
193 498
68 498
49 498
36 498
427 498
401 498
368 498
354 498
124 498
472 498
88 498
221 498
453 498
168 498
384 498
212 498
15 498
246 498
442 498
177 498
102 498
423 498
469 498
483 498
158 498
253 498
104 498
87 498
66 498
359 498
491 498
113 498
340 498
389 498
30 498
232 498
412 498
396 498
164 498
381 498
69 498
4 498
269 498
331 498
416 498
399 498
59 498
474 498
156 498
336 498
53 498
84 498
302 498
16 498
26 498
50 498
136 498
322 498
145 498
467 498
41 498
209 498
190 498
130 498
383 498
406 498
390 498
195 498
90 498
231 498
426 498
249 498
433 498
127 498
451 498
243 498
96 498
150 498
32 498
226 498
216 498
60 498
162 498
374 498
278 498
405 498
493 498
8 498
435 498
394 498
484 498
441 498
202 498
154 498
61 498
410 498
421 498
148 498
29 498
489 498
272 498
99 498
165 498
358 498
20 498
388 498
76 498
299 498
256 498
367 498
487 498
378 498
46 498
107 498
379 498
45 498
196 498
35 498
71 498
280 498
146 498
490 498
118 498
458 498
373 498
183 498
95 498
80 498
449 498
106 498
169 498
429 498
305 498
301 498
189 498
361 498
210 498
475 498
198 498
332 498
157 498
97 498
33 498
144 498
220 498
7 498
343 498
187 498
377 498
110 498
103 498
395 498
114 498
42 498
175 498
111 498
120 498
224 498
279 498
450 498
434 498
351 498
337 498
100 498
40 498
422 498
233 498
470 498
70 498
149 498
363 498
122 498
404 498
254 498
86 498
152 498
28 498
252 498
207 498
219 498
77 498
119 498
397 498
477 498
141 498
211 498
277 498
199 498
263 498
58 498
295 498
707 498 229 709 575 529 160 310 665 508 620 813 915 410 224 208 930 367 941 18 472 891 663 546 258 152 940 26 483 377 730 513 696 799 949 183 605 116 115 52 337 490 994 159 688 91 904 552 109 840 176 646 523 401 283 989 900 931 23 642 201 38 93 561 831 569 145 732 135 543 471 507 892 35 610 354 166 415 802 118 90 164 497 438 320 570 736 723 277 556 459 760 304 288 845 758 751 5 780 96 822 733 370 488 55 644 222 49 995 637 87 449 140 387 778 597 418 293 113 580 436 685 820 505 577 670 726 715 621 71 500 525 524 162 491 849 809 739 691 358 42 50 204 534 59 618 673 476 888 141 78 333 243 198 947 341 246 34 112 530 388 517 540 815 601 594 214 184 551 741 414 772 170 15 466 40 674 158 322 516 784 1 353 413 186 27 122 773 275 719 627 32 511 364 875 801 955 47 81 88 630 536 397 756 982 39 144 608 188 361 362 70 913 514 771 634 828 147 796 249 371 863 308 653 914 241 600 591 450 172 175 807 225 560 639 240 383 992 658 765 482 572 185 457 433 272 228 812 559 80 713 948 30 77 528 13 343 428 247 76 127 798 885 865 312 451 467 988 379 626 400 230 628 866 64 14 567 257 252 328 406 967 75 766 148 641 631 977 496 212 6 533 583 132 335 792 979 21 386 574 125 452 531 783 416 274 61 851 10 273 571 837 625 236 72 596 945 66 738 180 298 163 603 612 722 106 334 864 983 704 581 609 178 606 745 448 954 936 74 216 895 110 83 7 51 45 518 481 359 748 700 848 355 757 749 29 786 331 284 329 480 703 3 841 365 542 762 861 259 129 935 399 667 708 301 8 847 57 810 121 253 643 717 373 396 585 150 37 389 137 151 906 924 485 978 123 693 640 338 260 155 278 806 235 602 997 179 903 923 234 169 593 973 420 705 316 774 636 512 67 724 632 702 907 928 357 853 0 323 279 455 607 981 499 887 858 336 599 263 206 174 918 539 897 391 950 58 68 672 817 826 965 933 791 718 615 729 683 768 20 879 880 97 787 855 746 623 2 996 916 971 384 385 442 788 506 351 460 146 157 844 656 366 360 699 495 16 714 402 616 493 238 669 808 742 558 463 850 660 619 149 441 743 681 629 832 494 975 405 587 347 226 927 980 750 285 33 509 171 966 545 197 43 248 908 440 192 487 202 521 725 321 41 753 98 563 107 519 889 477 62 281 698 352 816 24 434 375 652 793 461 553 527 325 254 588 444 929 689 544 119 239 878 522 262 311 94 648 969 429 770 790 680 829 857 976 744 535 432 970 378 882 211 537 54 716 153 932 177 661 777 962 818 422 712 25 104 12 797 256 292 520 300 205 139 282 781 22 960 819 654 173 921 547 286 794 761 350 782 910 814 589 108 939 912 395 789 244 79 526 305 478 84 821 695 657 769 48 747 662 227 576 956 905 998 404 470 902 752 557 445 759 958 297 951 578 942 690 877 131 710 218 294 446 671 344 473 767 501 934 69 548 993 105 138 114 835 382 734 510 549 564 187 102 380 269 846 839 486 390 706 647 622 255 306 611 190 964 133 474 775 842 251 408 562 327 36 834 161 287 785 617 167 31 296 456 412 9 220 919 317 869 369 267 19 566 103 843 130 368 53 421 340 289 136 437 675 203 711 868 207 423 838 339 120 862 195 154 894 237 314 737 676 800 650 324 854 430 884 454 409 972 598 426 720 242 990 701 635 309 372 479 345 573 394 318 860 217 17 223 649 326 823 307 4 435 867 686 492 811 893 392 985 604 666 193 266 668 909 168 859 651 330 464 991 886 805 974 655 417 953 126 735 825 156 804 881 555 922 968 465 614 44 194 99 302 692 830 89 117 871 142 200 728 231 963 111 376 363 503 403 679 458 407 346 165 261 682 250 489 901 215 134 795 291 684 959 475 937 740 645 181 210 11 638 957 697 592 73 65 678 484 687 515 124 56 462 890 852 827 538 213 883 221 63 961 590 411 803 987 196 245 999 356 613 754 764 443 348 398 911 779 873 952 917 425 986 276 677 833 984 624 468 920 469 319 342 182 938 550 565 898 876 219 374 82 532 586 349 315 824 439 189 86 633 199 265 143 447 776 268 727 128 755 504 232 541 925 763 721 290 926 313 694 872 46 332 946 943 836 579 419 731 431 870 299 92 427 896 270 264 874 209 381 568 595 95 101 659 271 899 85 664 582 584 28 554 393 424 453 191 856 233 944 303 295 280 100 60 502
