1000 1100
36 770
36 740
36 677
36 791
36 85
36 651
36 316
36 66
36 859
36 531
770 815
770 922
601 683
601 948
601 770
601 750
791 974
791 912
460 777
460 871
460 891
460 744
460 852
460 640
460 770
578 802
578 898
578 601
578 734
578 627
85 817
85 203
85 384
85 760
85 249
85 713
85 544
494 740
494 718
948 983
734 797
734 993
465 953
465 601
465 978
465 685
809 993
517 734
517 599
517 898
677 686
677 703
677 897
677 961
384 944
499 791
499 715
495 882
495 756
495 557
495 578
495 765
280 912
449 993
449 524
511 734
511 659
511 899
511 954
544 759
544 806
715 930
651 674
651 791
651 777
651 838
66 896
524 874
504 802
504 560
504 732
557 651
760 901
390 515
390 605
390 760
390 658
512 667
512 596
512 570
512 740
531 866
874 961
289 873
289 802
289 406
289 911
289 531
289 625
765 902
120 478
120 299
120 705
120 356
120 495
674 988
843 993
471 601
703 719
30 936
30 580
30 236
30 727
30 993
56 120
103 651
696 802
683 958
683 862
551 709
551 857
551 678
551 578
551 669
974 975
253 592
253 494
253 548
466 531
204 902
204 366
204 234
204 515
204 587
204 363
204 765
37 233
37 773
37 909
37 858
37 381
37 124
37 740
95 412
95 743
95 601
95 938
690 997
690 715
690 808
115 465
374 659
374 641
323 518
323 734
323 832
462 498
462 865
462 653
462 465
216 683
216 311
640 926
669 908
444 936
444 924
444 704
712 802
236 400
482 993
252 587
252 985
252 477
252 504
329 768
329 948
329 533
49 384
49 537
49 632
49 691
49 722
409 721
409 703
52 349
52 959
52 329
52 196
548 892
719 964
719 771
407 988
407 723
255 329
829 902
746 791
673 856
673 912
202 712
473 984
473 483
473 842
473 988
796 927
796 809
796 903
223 866
397 602
397 746
381 413
381 740
529 791
400 666
400 845
400 624
170 318
170 449
691 915
691 788
303 791
303 528
116 321
116 182
116 383
116 332
116 228
116 746
420 853
420 740
733 974
298 644
298 495
718 819
96 280
96 231
96 886
164 993
164 309
51 132
51 325
51 494
314 329
314 408
701 718
367 791
634 642
634 848
634 911
60 520
60 999
60 740
150 625
150 849
150 424
150 638
312 829
312 636
386 986
386 701
427 974
427 672
248 387
248 614
248 640
515 740
332 434
508 669
508 661
48 248
48 655
48 400
184 954
184 548
184 622
184 876
915 994
249 735
249 646
806 839
23 271
23 66
23 86
23 649
23 90
23 779
346 911
346 838
346 740
346 995
233 785
233 399
661 992
422 914
422 529
273 677
273 699
273 397
299 635
299 947
299 439
797 816
564 586
564 578
28 874
368 691
368 443
177 690
313 696
372 630
372 945
372 474
372 830
372 548
490 823
490 718
89 253
89 971
89 301
815 963
779 955
759 944
950 974
767 974
222 544
656 874
267 512
267 987
267 295
404 807
404 802
404 718
256 747
256 632
599 843
599 841
32 843
32 167
32 146
32 479
649 981
649 837
649 965
376 809
376 831
13 143
13 192
13 400
13 702
13 792
672 679
365 524
365 440
365 739
345 733
345 527
345 856
345 358
45 633
45 62
45 345
753 829
446 843
448 517
154 254
154 507
154 873
750 783
750 944
533 881
338 996
338 988
421 616
421 552
421 968
421 733
421 510
502 902
320 857
320 656
320 547
320 355
320 879
271 698
787 911
787 894
44 797
44 283
44 342
83 515
83 158
83 339
108 323
108 860
122 448
122 493
552 905
552 983
908 960
201 236
201 495
201 825
438 588
438 973
438 908
566 993
573 955
532 809
31 421
31 330
78 892
78 613
33 402
33 44
33 910
33 237
33 852
77 659
77 194
114 801
114 177
114 435
113 482
234 847
351 987
351 765
351 596
225 441
225 756
225 967
111 374
655 794
831 949
7 627
7 294
7 282
804 987
804 932
392 452
392 944
920 940
920 944
623 745
623 890
623 649
349 615
453 482
453 942
406 883
406 511
187 908
187 708
118 562
118 990
118 601
883 964
875 915
875 970
534 605
534 559
859 907
348 504
867 874
311 403
389 448
476 843
476 558
239 545
239 621
239 649
239 864
12 37
671 678
235 254
413 831
436 955
484 508
609 792
609 806
306 668
306 696
708 977
708 757
67 531
67 93
67 766
589 814
589 712
82 253
57 828
57 892
84 911
84 431
260 599
173 323
173 928
173 693
173 640
354 883
129 511
592 918
662 803
662 678
104 780
104 158
104 368
309 894
309 830
58 78
58 513
58 393
58 265
388 953
414 870
414 507
414 430
186 383
550 719
550 617
398 664
398 751
398 838
396 661
356 695
356 450
356 741
158 834
158 827
158 966
816 974
816 844
445 632
614 781
189 543
189 309
773 818
626 937
626 673
626 998
167 274
167 333
167 514
430 776
430 612
27 857
330 628
593 947
70 311
70 750
8 170
8 826
521 884
521 749
521 696
317 992
653 952
653 980
463 787
285 453
570 774
570 716
570 737
194 361
207 892
175 236
175 991
300 992
419 935
419 792
42 521
1 365
34 883
34 41
403 885
393 916
737 752
24 910
41 598
41 168
41 119
157 494
157 407
102 981
488 914
136 553
136 820
136 908
136 160
136 604
350 465
190 697
190 460
190 836
924 934
695 933
302 795
302 389
178 838
178 805
432 445
432 777
432 556
281 726
281 634
505 698
106 118
106 872
620 777
161 606
161 398
200 551
19 378
19 446
19 531
19 291
355 536
684 915
684 969
684 929
81 931
81 651
50 887
50 959
217 813
217 372
624 908
562 809
371 574
371 687
371 498
371 787
654 848
131 420
650 873
486 943
486 548
9 794
9 447
9 572
9 562
417 707
417 463
94 199
94 248
199 291
62 190
62 648
109 772
109 910
241 688
241 993
241 251
766 962
766 790
226 254
709 812
243 548
143 855
143 741
385 458
385 649
707 861
729 767
361 810
71 642
188 943
188 661
5 273
824 947
416 821
416 908
813 983
917 994
322 385
93 478
261 873
79 528
79 492
79 887
452 951
166 822
166 376
35 273
198 737
827 846
560 710
560 689
597 598
597 978
516 754
516 862
418 850
418 560
418 561
418 989
326 419
326 629
326 681
520 631
520 541
437 977
437 897
172 625
168 454
321 990
191 535
191 889
191 471
209 793
209 786
209 866
209 682
500 658
308 342
98 507
295 784
455 707
455 563
4 504
569 983
575 834
876 923
489 503
489 707
336 966
931 944
230 458
230 849
174 977
174 229
174 277
723 799
525 968
525 731
525 972
769 835
769 995
415 520
206 499
171 923
171 448
182 956
297 525
364 729
156 995
80 868
80 524
68 267
335 365
344 694
344 797
277 548
43 957
43 467
43 300
43 266
539 558
305 601
123 557
39 436
638 880
638 677
292 304
292 990
480 984
47 393
47 619
100 189
100 749
100 331
100 637
382 484
301 340
561 995
250 603
250 802
487 739
819 900
279 462
279 395
279 840
138 659
782 966
607 618
607 804
728 899
126 252
126 764
215 707
887 953
887 925
789 998
135 457
135 933
63 864
63 652
63 854
307 404
327 473
148 449
259 420
450 710
88 564
538 704
686 931
479 645
479 736
65 530
65 683
65 324
878 897
286 307
75 365
428 712
485 563
485 579
29 248
125 164
359 813
359 779
144 598
316 496
316 423
316 484
316 906
426 616
107 679
107 738
107 296
501 698
501 600
600 700
631 910
714 797
755 983
755 941
475 728
145 341
145 734
725 800
725 732
246 596
151 893
151 570
40 697
40 758
454 633
643 849
643 874
76 357
76 436
585 736
585 997
244 507
244 667
244 763
379 802
379 577
429 915
221 605
219 643
304 307
287 934
287 811
341 833
227 819
546 862
263 751
699 724
699 982
284 856
284 583
665 992
665 676
568 822
540 746
540 748
582 721
717 850
442 641
442 709
542 750
378 594
378 774
92 422
360 650
229 584
180 932
549 640
127 668
134 329
391 803
391 993
101 586
584 724
584 663
224 949
577 919
577 964
153 431
153 237
571 691
220 390
220 309
205 639
205 570
55 696
55 762
212 475
290 805
836 869
245 495
179 581
179 488
128 913
128 933
257 626
232 382
232 362
738 888
401 730
401 654
353 953
274 979
861 985
0 114
53 100
576 791
214 571
195 387
195 987
195 518
121 297
133 894
594 863
147 306
310 733
328 964
319 715
238 605
711 959
193 479
506 828
258 584
258 276
895 971
583 876
61 483
21 769
10 566
97 609
647 962
54 859
54 137
54 904
54 155
54 86
423 528
181 937
26 180
142 929
276 606
276 939
18 365
347 736
347 415
412 789
441 930
456 882
264 394
264 739
210 305
59 615
272 756
451 620
565 696
976 999
742 914
461 690
461 680
105 782
105 504
240 358
877 921
877 989
608 620
608 672
526 661
373 493
706 727
163 356
163 798
470 472
470 800
394 803
17 646
17 670
73 844
377 569
140 969
140 363
775 890
370 659
657 827
554 661
405 712
99 748
946 966
213 321
278 826
269 456
497 959
218 407
491 966
337 993
275 805
357 761
660 666
14 350
152 534
555 734
15 880
567 705
25 275
25 87
141 534
509 611
509 926
262 554
211 522
211 371
692 949
720 807
720 739
72 857
433 514
778 845
16 436
595 882
375 395
176 787
117 965
91 963
91 807
22 946
459 923
130 229
425 473
675 889
149 345
149 227
369 485
165 199
590 919
523 803
2 597
247 550
242 664
242 315
591 713
185 981
185 343
185 411
325 766
197 635
469 784
268 841
380 664
6 92
293 559
464 603
464 776
468 703
288 341
410 750
20 247
519 662
851 962
667 863
481 524
69 907
69 540
46 545
110 845
112 664
352 512
610 801
159 331
334 805
324 852
169 545
183 963
38 711
162 386
139 264
3 180
64 418
74 970
11 133
270 506
208 657
145 341 288 833 734 555 517 599 843 446 19 378 594 863 667 244 507 154 254 226 235 873 261 650 360 289 802 379 577 919 590 964 719 703 409 721 582 677 36 770 815 963 91 807 720 739 264 139 394 803 391 993 164 309 220 390 515 740 60 520 631 910 24 109 772 33 402 44 797 816 974 427 672 608 620 451 777 460 871 891 744 852 324 65 530 683 958 862 516 754 546 601 305 210 465 953 388 887 50 959 497 711 38 52 349 615 59 329 255 134 768 948 983 755 941 552 905 421 616 426 968 525 731 972 297 121 733 345 45 633 454 168 41 598 597 2 978 144 34 883 406 511 659 370 374 111 641 442 709 551 857 27 320 656 874 524 481 365 18 1 440 335 75 80 868 449 170 8 826 278 318 148 867 643 849 150 625 172 424 638 880 15 230 458 385 322 649 981 185 343 411 102 23 271 698 501 600 700 505 66 896 86 54 859 907 69 540 746 397 273 699 724 584 229 663 258 276 606 161 398 664 242 315 380 112 751 263 838 178 805 275 25 87 334 290 651 674 988 407 218 723 799 157 494 51 132 325 766 962 647 67 531 466 866 223 209 793 786 682 93 478 120 299 635 197 947 824 593 439 705 567 356 695 933 135 457 128 913 163 798 450 710 560 504 252 587 204 902 502 829 753 312 636 765 351 987 195 387 248 94 199 291 165 29 614 781 640 173 323 518 832 108 860 928 693 549 926 509 611 48 655 794 9 447 572 562 809 376 166 822 568 831 413 381 37 233 785 399 773 818 12 909 858 124 949 692 224 796 927 903 532 118 106 872 990 292 304 307 404 718 490 823 819 227 149 900 701 386 986 162 286 321 213 116 182 956 383 186 332 434 228 400 666 660 13 143 855 741 192 702 792 419 935 326 629 681 609 806 839 544 759 944 931 686 81 750 410 783 70 311 216 403 885 542 392 452 951 920 940 384 85 817 203 760 901 249 735 646 17 670 713 591 49 537 632 256 747 445 432 556 691 915 684 969 140 363 929 142 429 875 970 74 994 917 368 104 780 158 834 575 83 339 827 657 208 846 966 336 946 22 782 105 491 443 571 214 788 722 222 97 845 110 778 236 30 936 444 924 934 287 811 704 538 580 727 706 175 991 201 495 882 456 269 595 756 225 441 930 715 690 177 114 0 801 610 435 997 585 736 479 645 193 32 167 274 979 333 514 433 146 347 415 808 461 680 319 499 791 576 303 528 79 492 423 316 496 484 382 232 362 508 669 908 438 588 973 624 136 553 820 160 604 187 708 977 174 277 437 897 878 757 416 821 960 661 554 262 526 396 992 665 676 317 300 43 957 467 266 188 943 486 548 243 892 57 828 506 270 207 78 58 513 393 47 619 916 265 613 372 630 945 474 830 217 813 359 779 955 436 76 357 761 16 39 573 184 954 622 876 583 284 856 673 912 280 96 231 886 626 937 181 257 998 789 412 95 743 938 923 171 448 122 493 373 389 302 795 459 253 82 592 918 89 971 895 301 340 906 367 529 422 914 488 179 581 742 92 6 206 967 272 557 123 578 898 564 586 101 88 627 7 294 282 245 298 644 825 267 512 596 246 570 774 716 737 198 752 151 893 205 639 352 68 295 784 469 804 607 618 932 180 3 26 366 234 847 126 764 985 861 707 489 503 455 563 485 369 579 417 463 787 911 346 995 561 418 850 717 64 989 877 921 769 835 21 156 84 431 153 237 634 281 726 642 71 848 654 401 730 176 371 574 687 211 522 498 462 865 653 952 980 279 395 375 840 894 133 11 215 477 4 732 725 800 470 472 348 689 56 790 338 996 473 984 480 483 61 327 842 425 103 939 982 5 35 602 748 99 137 904 155 90 837 239 545 46 169 621 864 63 652 854 623 745 890 775 965 117 219 28 961 547 355 536 879 72 200 678 671 662 519 812 138 77 194 361 810 899 728 475 212 129 354 119 62 190 697 40 758 836 869 648 527 358 240 310 510 31 330 628 569 377 314 408 533 881 196 925 353 115 350 14 685 471 191 535 889 675 679 107 738 888 296 975 950 767 729 364 844 73 714 344 694 283 342 308 541 999 976 420 131 853 259 605 221 534 152 141 559 293 238 658 500 189 100 749 521 884 42 696 565 53 331 159 637 543 125 566 10 482 453 285 942 113 337 241 688 251 523 487 183 922 468 550 247 20 617 771 328 250 603 464 776 430 414 870 612 712 428 589 814 202 405 98 763 476 558 539 260 841 268
