1000 2000
393 553
393 589
393 759
393 891
393 649
393 536
393 910
393 848
393 967
393 796
256 998
256 302
256 553
256 320
256 393
256 593
62 796
62 549
62 362
62 432
62 126
62 89
62 668
62 120
62 767
62 663
62 399
62 333
62 256
62 433
62 199
62 998
62 981
62 409
593 755
593 623
593 796
593 663
593 967
553 913
553 660
553 601
553 629
199 201
199 449
199 275
199 886
199 490
199 970
199 891
199 956
199 714
164 323
164 553
164 981
164 858
164 517
663 878
663 973
663 788
9 120
9 926
9 379
9 38
9 885
9 680
9 88
9 858
9 881
9 984
9 553
9 953
9 642
9 738
9 394
9 601
9 57
9 257
9 763
767 891
767 840
767 862
767 870
120 210
120 998
120 453
120 833
120 296
120 179
120 191
120 649
120 497
120 596
120 898
323 998
323 593
323 857
323 523
323 489
323 491
323 399
323 946
323 627
323 885
13 249
13 703
13 691
13 767
13 62
13 52
13 142
13 676
13 998
13 515
201 887
201 663
201 368
201 234
201 821
201 914
796 841
796 837
333 737
333 583
333 796
333 587
885 970
885 953
885 985
627 676
627 979
627 759
627 891
627 767
627 734
627 755
197 981
197 718
197 523
197 967
197 258
197 256
142 384
142 764
142 650
491 767
491 497
491 642
491 553
759 796
35 890
35 220
35 62
35 197
35 630
35 926
38 773
38 945
38 201
38 891
38 401
38 197
399 826
399 593
399 501
399 472
399 638
193 225
193 345
193 352
193 627
193 323
858 991
518 627
518 530
523 840
523 570
523 549
523 878
676 891
676 807
58 253
58 576
58 424
58 974
58 78
58 663
58 375
58 998
530 566
530 594
530 897
530 891
773 939
734 904
734 797
734 934
362 702
362 731
362 752
362 417
362 841
362 958
424 518
424 633
114 159
114 553
114 513
114 538
601 918
601 864
601 841
601 827
601 680
528 858
528 649
528 638
234 366
234 401
234 822
234 600
234 796
234 345
234 774
594 827
737 998
737 910
737 773
639 767
320 558
320 907
320 986
320 328
320 369
320 553
320 678
320 528
225 315
225 956
225 564
1 677
1 382
1 798
1 223
1 115
1 495
1 225
1 856
878 991
497 697
497 772
497 592
262 571
262 406
262 734
738 885
738 981
738 910
623 654
623 880
623 755
755 995
755 760
755 952
48 528
48 218
48 71
48 785
48 68
48 910
48 670
48 642
48 687
48 193
625 738
625 711
592 830
592 622
592 767
622 858
622 630
622 881
622 984
414 974
414 571
414 723
414 650
414 984
414 491
414 538
649 709
543 965
543 639
543 885
99 970
99 197
99 920
99 867
99 570
99 602
99 582
99 431
31 315
31 530
31 476
31 58
31 753
31 101
31 195
350 491
350 918
350 667
571 622
571 646
571 623
571 873
571 721
571 818
288 465
288 737
288 779
288 653
288 807
288 559
476 929
476 734
476 753
315 435
315 759
570 719
650 827
650 832
650 773
873 911
873 981
115 860
115 521
115 606
115 530
115 733
115 970
840 990
231 533
231 251
231 956
231 350
231 788
231 538
231 534
600 782
600 857
677 850
401 457
401 656
659 956
659 849
659 677
659 827
52 262
52 298
52 745
52 69
52 600
52 322
307 812
307 471
307 424
382 565
382 676
382 935
841 899
841 942
841 970
490 889
490 841
490 832
490 600
23 775
23 205
23 424
23 220
23 448
642 965
711 761
711 856
711 885
26 542
26 734
26 481
26 543
26 454
26 858
26 143
26 625
26 909
26 719
26 179
582 889
582 624
582 997
821 874
827 939
89 552
89 680
89 888
89 525
89 519
89 215
89 183
363 818
363 716
363 489
363 748
363 895
363 753
363 583
363 734
363 467
501 548
501 744
51 335
51 349
51 481
51 578
51 574
51 622
51 940
395 476
395 698
465 557
465 582
465 601
283 361
283 382
536 614
536 863
536 643
824 873
92 765
92 793
92 998
92 199
103 891
103 317
103 389
103 320
103 603
417 426
417 704
417 737
417 905
417 892
417 676
441 805
441 490
441 500
574 590
574 840
765 903
191 527
191 711
191 511
191 567
191 603
191 788
191 952
191 421
191 984
85 606
85 378
85 285
85 603
85 593
85 678
85 276
239 601
239 314
239 970
239 553
239 362
289 826
289 819
289 840
289 971
289 430
289 406
289 675
289 904
670 733
143 400
143 356
630 759
347 473
347 501
347 441
347 575
347 689
207 926
207 964
207 383
207 942
131 421
131 998
131 908
131 323
340 649
340 924
340 967
340 708
71 976
71 85
71 313
259 827
259 777
259 332
55 157
55 965
55 225
55 835
55 356
55 848
55 59
55 233
447 822
447 659
447 720
215 944
215 511
215 441
215 531
215 239
369 791
369 415
369 529
369 796
74 851
74 744
74 610
74 847
74 841
511 820
511 995
511 570
511 527
511 639
511 890
153 356
153 449
153 289
153 810
153 485
153 796
137 728
137 197
137 838
137 356
620 748
620 873
620 759
620 964
525 881
525 872
525 625
525 998
97 602
97 482
97 810
97 995
97 535
97 773
378 565
378 538
747 889
168 767
168 548
168 787
168 894
168 454
168 479
168 981
72 109
72 239
72 128
72 644
72 765
72 625
72 638
72 703
72 739
542 873
542 929
744 970
275 940
275 533
275 896
317 839
317 910
317 978
317 539
317 952
317 536
317 949
317 880
533 993
415 810
415 564
415 468
415 479
73 732
73 730
73 239
73 543
73 929
277 621
277 483
277 752
277 904
653 940
733 880
733 858
733 810
733 775
708 893
633 893
633 988
298 586
298 512
298 719
691 840
691 694
68 501
68 91
68 463
448 728
448 523
406 884
406 503
406 655
406 794
373 650
373 522
373 415
373 891
373 923
228 758
228 331
228 277
468 695
468 497
468 548
258 331
258 477
723 735
383 854
383 411
383 940
83 956
83 758
241 437
241 422
241 574
241 500
241 840
241 548
241 659
241 275
241 907
380 767
380 383
380 832
380 513
380 960
807 843
807 926
807 809
154 245
154 370
154 689
154 981
349 824
413 866
413 750
413 491
456 497
686 788
686 942
750 860
370 449
370 553
370 957
370 438
328 675
328 458
122 417
122 392
122 320
122 806
122 623
122 178
122 952
179 480
179 627
179 901
109 854
109 493
109 627
109 879
109 742
109 171
157 482
157 448
157 703
157 469
704 844
339 493
339 505
339 476
339 533
339 630
210 717
210 489
210 737
210 792
210 794
210 671
210 590
352 623
352 353
352 557
567 679
567 970
567 705
761 881
147 837
147 637
147 902
147 441
147 356
147 878
147 274
220 801
338 828
338 929
338 640
338 638
820 900
820 856
327 903
327 417
327 981
327 718
602 711
402 563
402 659
402 780
214 633
214 638
214 544
214 345
3 505
3 401
3 207
3 620
3 585
3 649
3 352
151 262
151 811
151 182
151 845
151 929
548 634
371 804
371 958
371 807
964 967
404 623
404 528
404 640
404 475
549 808
549 935
420 840
420 858
420 817
420 815
420 490
41 55
41 201
838 878
610 875
610 995
610 773
645 843
645 760
645 677
645 715
675 772
837 886
136 414
136 569
136 222
929 946
505 903
505 571
505 549
438 751
438 917
438 663
438 586
178 906
178 645
178 314
178 519
178 602
178 836
100 974
100 668
100 452
100 807
100 938
640 687
389 687
389 482
389 442
389 860
389 708
389 604
389 642
78 175
78 585
78 869
78 221
596 949
596 831
596 922
596 963
634 662
634 862
345 984
345 558
345 798
345 533
233 910
233 821
233 767
684 759
45 53
45 441
45 134
45 98
45 902
45 955
664 981
503 614
59 535
59 109
59 170
59 766
59 176
59 632
566 991
566 876
566 577
566 673
223 832
223 840
223 609
223 468
223 928
12 479
12 361
12 406
12 245
12 212
590 747
590 967
590 746
590 889
815 912
815 930
815 871
356 855
356 434
356 910
831 848
493 764
493 537
331 474
331 432
280 676
280 369
280 971
848 987
422 641
422 524
410 995
421 664
421 510
421 445
421 857
211 335
211 778
211 533
211 742
216 821
216 649
216 360
216 813
95 417
95 355
95 879
95 800
95 915
95 542
398 771
398 783
398 889
374 927
374 441
712 738
896 996
446 572
446 471
446 988
446 659
446 815
609 737
609 987
316 404
515 683
515 520
93 811
93 733
93 944
93 649
93 623
93 669
544 896
544 591
385 853
385 389
385 851
385 858
385 914
385 983
145 602
145 821
145 562
145 455
145 880
466 670
208 864
208 931
208 330
208 447
96 331
96 623
396 840
396 420
504 814
504 910
864 886
332 685
300 462
300 312
300 333
300 880
300 896
300 536
148 260
148 732
148 718
148 193
148 238
148 549
519 789
629 649
366 927
366 724
366 543
290 793
290 734
290 910
290 757
245 979
245 462
245 481
245 398
245 258
84 843
84 538
177 296
177 616
177 948
177 623
177 651
180 209
180 475
180 289
180 767
146 562
146 765
309 311
309 621
392 939
392 651
392 590
392 736
108 951
108 723
108 534
108 879
158 735
158 256
257 925
257 641
257 420
257 323
257 361
257 497
257 561
482 934
957 967
342 649
342 425
775 872
475 950
475 662
475 810
43 672
43 538
554 678
554 581
554 591
554 926
973 981
224 384
224 751
7 48
7 399
7 199
7 76
7 747
7 567
82 447
82 566
82 964
82 676
673 752
673 992
673 759
658 810
564 649
564 889
564 569
474 791
474 590
474 686
281 813
281 664
281 475
521 854
521 745
521 801
521 989
521 811
295 565
295 367
295 788
295 406
477 678
477 534
181 718
181 390
758 784
777 933
585 616
537 698
537 595
537 842
299 354
299 446
559 683
375 525
375 732
494 838
416 554
274 691
513 672
513 957
139 883
139 363
139 521
312 821
312 511
312 645
557 888
273 572
273 383
273 418
843 858
843 935
117 174
117 216
117 239
117 939
117 614
310 773
310 486
310 769
310 837
709 749
607 984
607 970
793 838
226 648
226 619
226 821
226 413
226 348
16 218
16 315
535 543
535 851
535 806
535 651
535 734
535 794
535 960
361 988
75 848
75 245
463 843
591 761
591 970
591 826
18 527
18 373
37 75
37 597
851 944
5 468
5 368
786 978
786 878
517 659
94 956
94 964
94 699
813 825
813 955
204 575
204 356
204 544
660 665
662 840
662 858
719 839
303 595
303 351
303 340
432 481
88 377
159 817
159 963
159 828
159 304
159 281
459 752
459 653
546 706
546 883
187 815
187 518
683 967
683 919
293 402
293 422
293 817
844 903
562 902
562 847
562 968
562 595
562 631
126 401
126 761
431 501
431 691
326 448
232 821
232 687
725 910
589 832
589 800
589 600
589 833
486 580
486 492
462 891
462 721
462 504
69 774
69 758
69 186
69 658
276 729
276 844
276 558
276 770
560 901
560 776
579 985
20 508
20 659
91 130
91 352
91 368
91 936
91 714
764 947
764 792
54 566
54 949
54 691
54 401
194 858
656 890
330 968
330 843
569 626
569 992
34 404
34 265
34 872
34 41
34 437
34 292
237 961
237 965
268 422
268 288
268 491
701 923
53 449
53 275
53 662
53 226
53 385
449 795
449 506
588 821
651 829
651 972
651 873
238 713
238 333
238 259
238 491
238 431
287 961
287 313
287 988
920 968
556 650
556 923
556 908
408 715
408 423
408 763
272 317
272 287
272 813
172 217
172 911
172 566
183 437
183 486
183 205
183 540
388 593
86 892
86 999
86 191
86 831
144 245
144 972
144 965
240 387
240 546
240 460
240 675
240 980
212 966
212 360
212 240
212 463
552 969
322 352
322 977
322 528
322 325
322 908
736 848
735 956
372 887
372 743
372 653
407 503
407 873
65 305
65 600
65 427
65 789
847 901
732 939
732 778
739 892
951 957
0 917
0 620
0 746
0 991
0 349
958 998
492 576
492 704
492 913
886 935
90 810
90 505
751 851
19 810
19 703
19 158
19 283
921 967
440 525
648 874
648 726
119 155
119 912
119 839
119 712
657 917
657 769
657 672
381 550
381 929
381 650
595 619
595 669
678 981
360 495
443 768
443 865
443 755
264 486
264 670
731 755
731 797
783 784
783 881
783 851
387 835
806 902
917 941
348 546
348 452
140 812
128 607
128 492
291 962
291 309
308 707
308 736
308 828
156 642
156 991
156 287
156 207
292 629
292 915
346 779
346 538
576 915
550 800
874 909
874 891
874 941
608 921
124 198
124 303
124 993
124 331
532 750
613 723
64 582
64 167
64 556
149 478
149 381
149 281
563 937
563 786
155 579
155 439
155 510
798 973
798 883
798 827
434 895
32 722
32 54
32 196
32 885
32 144
28 552
28 908
28 289
209 610
724 921
724 737
597 715
722 993
76 113
76 601
76 561
481 926
846 856
391 466
391 943
391 657
42 121
42 607
42 543
42 661
170 933
170 437
229 460
229 232
229 836
229 435
455 501
254 265
254 494
47 861
47 624
47 964
47 911
760 929
760 982
760 789
760 844
329 851
101 336
101 318
203 651
203 868
203 976
203 886
203 307
246 497
246 266
246 906
175 397
175 559
175 627
175 483
175 226
175 444
526 625
526 826
690 901
49 119
49 553
49 802
49 284
460 622
460 684
460 706
57 755
454 716
394 697
253 746
253 741
253 980
294 417
141 579
141 551
522 537
522 580
522 775
499 977
499 871
502 795
502 739
603 760
603 762
603 930
261 998
261 720
337 551
337 876
337 726
185 969
185 631
185 344
185 697
740 832
60 929
60 201
743 944
814 842
637 759
365 775
365 425
365 587
104 954
104 191
444 853
444 960
426 912
426 564
426 928
165 315
186 938
186 607
802 892
437 863
437 927
138 383
138 717
138 809
163 511
163 327
163 373
163 641
163 869
667 889
483 650
483 514
483 555
409 688
409 912
235 404
235 929
975 998
123 947
123 153
123 935
123 690
123 392
692 705
222 931
343 965
343 634
510 615
539 930
353 918
509 872
583 952
266 747
63 840
243 652
243 563
243 399
243 821
243 404
171 197
480 584
480 540
200 783
200 529
260 882
260 265
377 497
127 872
425 691
425 688
376 693
376 390
376 887
568 850
568 891
568 796
113 421
113 791
33 438
33 104
33 799
40 914
40 424
150 185
150 773
150 856
835 858
877 890
270 878
250 775
250 766
250 803
390 773
390 566
390 994
685 865
6 909
6 786
265 871
787 959
787 998
787 868
112 465
112 241
112 871
112 958
749 978
721 860
471 635
473 974
679 757
679 811
174 360
174 345
173 953
173 683
173 618
400 993
319 663
319 831
80 701
324 809
70 578
70 664
461 705
720 899
236 328
10 126
10 522
285 717
412 657
661 750
248 889
248 350
133 139
133 710
133 580
451 950
379 423
914 925
439 838
423 989
423 728
423 671
804 901
11 308
899 917
25 701
25 137
25 997
25 979
25 491
134 388
46 124
46 773
419 576
419 494
419 461
311 752
311 691
713 975
279 356
176 775
176 478
852 934
514 806
514 732
514 786
799 857
541 638
541 835
586 932
118 671
118 343
118 367
118 164
531 691
167 496
167 559
167 447
167 214
682 928
278 498
278 434
278 889
626 816
77 405
77 754
77 831
4 764
4 799
429 531
429 633
429 781
726 865
267 711
267 495
529 782
529 744
898 997
464 858
125 203
125 478
860 946
860 966
617 718
617 921
405 952
405 832
271 878
271 949
616 842
616 877
190 410
190 313
190 279
351 365
961 996
717 859
484 929
484 785
484 583
484 599
781 867
781 999
106 402
106 436
39 483
39 266
757 817
757 820
368 829
368 728
36 233
36 602
36 224
496 808
302 763
202 722
98 314
98 778
98 394
98 556
98 965
98 320
884 970
304 632
304 611
304 674
66 757
66 793
66 629
66 529
22 156
286 546
219 959
219 743
487 792
487 699
487 533
727 946
727 777
727 988
696 781
696 958
696 746
29 402
247 996
247 869
584 770
169 880
102 371
102 850
206 861
206 918
184 780
184 334
184 406
498 681
666 985
666 707
8 89
8 288
8 81
457 461
457 676
189 295
67 492
67 133
67 754
359 406
359 670
341 577
325 589
325 455
325 598
196 254
196 258
488 952
30 794
87 831
87 667
269 664
269 583
269 810
110 638
110 298
479 947
479 894
573 616
573 920
869 961
599 996
558 980
545 613
121 867
121 326
121 823
17 914
17 757
252 341
469 964
162 952
162 811
700 935
336 569
336 348
135 181
135 637
135 788
160 386
160 214
924 942
924 999
2 182
2 264
803 971
314 328
314 809
710 873
710 936
218 541
218 703
450 850
129 480
182 750
182 350
507 519
508 603
508 742
321 948
321 800
107 592
107 727
107 919
107 214
107 707
756 945
358 835
358 961
699 818
192 983
192 668
81 227
81 176
130 171
130 864
636 854
575 628
575 585
318 837
318 826
318 385
318 860
458 595
458 462
458 652
551 897
306 312
306 534
306 437
301 656
15 487
15 729
15 50
15 574
681 867
166 740
166 722
50 568
50 845
581 838
21 421
21 227
688 733
688 911
674 785
547 590
403 416
24 119
152 448
516 819
516 592
334 679
367 521
702 781
161 844
227 449
435 930
284 343
644 715
217 412
217 694
823 948
823 849
213 833
105 718
635 844
230 462
242 393
61 971
61 383
61 307
643 864
27 41
27 537
27 987
27 996
689 956
689 874
111 649
428 881
244 700
647 875
116 199
116 467
344 599
900 944
79 889
79 710
14 58
694 798
436 882
56 698
56 968
706 723
706 831
916 944
605 610
652 778
470 880
470 787
834 916
411 783
255 773
251 929
251 805
251 553
297 717
297 946
445 688
445 757
433 868
555 994
44 762
263 674
263 989
357 520
357 682
418 435
819 973
132 761
132 972
520 904
830 861
845 985
188 777
188 590
188 521
655 869
932 945
364 729
364 564
364 484
730 888
612 674
598 849
282 360
790 825
474 791 369 320 558 980 253 58 576 915 292 629 649 528 404 243 652 778 98 314 239 601 918 353 352 3 505 90 810 415 564 225 315 31 530 518 627 676 457 401 656 890 511 820 757 290 793 838 878 786 563 937 402 29 106 436 882 260 148 732 514 483 650 556 64 582 465 288 737 417 362 702 781 696 958 998 261 720 447 822 234 366 927 374 441 347 473 974 100 668 62 796 568 850 677 645 843 84 538 43 672 657 412 217 172 911 873 824 349 51 335 211 533 345 984 191 527 18 373 522 537 27 41 55 157 482 389 167 496 808 549 935 123 947 764 142 384 224 751 851 944 743 372 887 376 693 390 182 151 262 571 622 858 9 120 210 717 138 383 273 572 446 299 354 471 635 844 704 492 67 133 139 883 546 240 212 12 479 168 767 891 38 773 610 209 180 475 950 451 662 840 289 826 591 761 711 267 495 360 216 821 588 874 689 956 94 964 967 340 303 124 198 993 400 143 26 542 929 60 201 663 973 981 664 281 813 825 790 272 317 103 603 508 20 659 241 112 871 499 977 322 52 298 586 932 945 756 438 370 449 199 92 765 72 109 854 521 188 777 933 170 59 535 543 965 237 961 869 163 327 903 718 617 921 608 724 197 99 970 567 7 48 218 541 638 110 214 107 592 830 861 47 624 206 516 819 497 377 88 697 394 185 969 552 28 908 131 421 21 465 227 81 176 775 733 880 470 787 959 219 868 433 203 651 392 939 827 798 1 382 565 378 85 606 115 860 946 323 593 256 302 763 408 715 644 597 37 75 848 831 596 949 54 566 82 991 0 917 941 899 841 942 924 999 86 892 739 502 795 802 49 119 155 579 985 666 707 308 11 736 828 338 640 687 232 229 460 684 759 393 553 913 491 413 866 750 661 42 121 867 681 498 278 434 356 855 204 575 628 585 78 175 397 559 683 173 953 885 738 625 526 525 881 428 783 411 784 758 69 774 186 938 607 128 658 83 228 331 96 623 93 811 679 334 184 780 406 884 503 407 614 117 174 536 863 437 306 312 300 462 245 144 32 722 202 166 740 832 589 325 455 145 602 36 233 910 504 814 842 616 877 177 296 948 823 849 598 321 800 550 381 149 478 125 95 355 879 108 951 957 513 114 159 817 293 422 641 257 925 914 17 385 853 444 960 380 53 45 134 388 902 806 122 178 906 246 266 39 747 590 547 746 574 15 487 792 699 818 363 716 454 489 748 620 895 753 476 395 698 56 968 330 208 864 643 886 837 318 101 336 569 626 816 136 414 723 735 158 19 703 13 249 691 311 752 277 621 309 291 962 904 734 797 731 755 443 768 865 726 648 226 619 595 458 328 675 772 236 669 562 847 74 744 501 431 238 713 975 333 583 269 952 162 488 405 77 754 484 785 674 304 632 611 612 960 263 989 423 728 368 91 130 171 936 710 79 889 398 771 667 350 231 251 805 788 135 181 637 147 274 295 367 118 671 343 284 634 548 468 695 5 223 609 987 928 426 912 815 420 490 600 782 529 200 66 857 799 33 104 954 4 65 305 427 789 519 89 680 8 888 730 73 557 215 531 429 633 424 307 812 140 61 971 280 803 250 766 23 205 183 486 580 310 769 264 2 670 466 391 943 359 540 480 129 179 901 560 776 231 690 804 371 807 926 35 220 801 630 339 493 481 432 207 156 642 22 287 313 71 976 190 410 995 97 279 988 361 283 727 554 416 403 678 477 258 196 254 265 34 872 509 127 494 419 461 705 692 534 581 809 324 102 584 770 276 729 364 448 152 523 570 719 839 326 40 893 708 507 760 982 396 930 539 435 418 187 409 688 445 425 342 365 351 587 682 357 520 515 862 164 517 189 686 248 87 714 68 463 829 137 25 701 80 923 997 898 979 379 599 344 996 896 275 940 653 459 544 247 259 332 685 399 472 146 631 348 452 337 551 897 141 876 57 934 852 673 992 694 613 545 706 222 931 920 573 467 116 50 845 836 955 983 192 561 76 113 268 524 963 725 833 213 972 132 154 721 230 655 794 30 654 440 375 712 618 919 221 153 485 532 660 665 242 439 510 615 24 577 341 252 271 922 319 193 297 966 285 856 150 846 594 169 456 160 386 835 358 387 16 105 639 745 636 742 506 512 500 907 762 44 978 749 709 70 578 235 909 6 46 469 282 126 10 430 990 63 875 647 605 255 870 894 286 161 859 453 464 194 646 994 555 900 916 834 329 700 244 442 604 346 779 450 905 294 270 301 195 165 316 111 14 741 986
