1000 5000
757 771
757 818
757 770
757 964
757 975
757 801
462 679
462 524
462 634
462 866
462 975
462 687
462 906
462 757
462 465
462 486
462 603
462 608
462 663
462 566
462 826
462 579
151 391
151 566
151 443
151 195
151 541
151 462
151 625
151 856
151 757
151 823
151 669
151 991
151 711
151 676
151 538
151 898
151 661
151 975
151 439
151 715
151 828
151 842
25 608
25 198
25 273
25 92
25 833
25 977
25 486
25 693
25 270
25 459
25 661
25 451
25 561
25 285
25 757
25 641
25 151
25 906
25 490
25 183
25 778
25 865
608 701
608 872
608 730
608 661
608 979
608 829
195 459
195 945
195 441
195 872
195 303
195 757
195 478
195 779
195 923
195 443
195 490
195 386
195 818
195 608
195 679
195 241
195 661
195 462
195 290
195 223
195 820
195 313
465 651
465 671
465 884
465 945
465 481
465 757
465 993
465 820
465 818
465 964
465 646
465 961
465 975
465 991
465 810
441 611
441 450
441 561
441 991
441 753
441 465
441 715
441 456
441 443
441 577
441 730
441 738
441 608
441 890
441 639
441 922
24 960
24 201
24 608
24 618
24 396
24 317
24 439
24 294
24 975
24 534
24 442
24 818
24 459
24 991
24 942
24 553
24 220
24 67
24 208
24 441
24 757
24 80
24 938
24 92
80 161
80 907
80 132
80 829
80 579
80 153
80 285
80 397
80 757
80 541
80 465
80 662
80 92
80 500
80 340
80 274
486 945
486 556
486 577
486 941
486 840
486 500
486 843
486 553
486 676
486 608
486 991
459 884
459 486
459 465
459 495
459 641
459 757
459 577
459 945
459 837
459 595
459 927
975 979
945 980
945 991
443 861
443 975
443 459
443 745
443 952
443 669
443 731
443 489
443 564
443 663
443 454
443 877
443 872
443 942
663 734
663 817
663 872
663 666
663 945
132 610
132 441
132 576
132 910
132 486
132 346
132 975
132 608
132 173
132 240
132 676
132 541
132 208
132 734
132 579
132 709
132 599
132 157
132 296
132 781
132 886
132 459
132 556
132 466
132 646
132 148
818 916
818 991
818 950
818 909
313 786
313 465
313 723
313 335
313 490
313 317
313 908
313 477
313 866
313 942
313 610
313 459
313 527
313 801
313 541
715 904
715 998
715 757
715 974
715 806
715 933
715 884
148 757
148 183
148 492
148 669
148 820
148 938
148 442
148 324
148 841
148 680
148 512
148 962
148 592
148 264
148 558
148 833
148 443
148 791
148 253
148 529
148 396
148 460
148 945
148 452
148 975
730 916
730 945
561 922
561 655
561 980
561 715
561 991
561 818
561 634
561 972
490 538
490 731
490 945
490 784
490 627
490 541
490 929
490 661
490 791
490 551
490 872
490 979
490 763
490 774
490 973
490 666
676 723
676 997
676 784
676 975
676 791
641 813
641 979
641 784
641 991
641 922
641 818
641 745
641 996
641 945
641 874
183 315
183 955
183 663
183 510
183 437
183 507
183 513
183 521
183 619
183 829
183 838
183 424
183 474
183 661
183 195
183 745
183 641
183 252
183 382
577 872
577 818
577 784
577 712
577 842
577 676
577 608
577 991
315 734
315 326
315 757
315 796
315 945
315 459
315 831
315 441
315 808
315 577
315 935
315 663
315 555
315 730
315 453
315 561
315 391
315 591
315 553
553 775
553 725
553 558
553 591
553 715
553 977
553 757
553 872
553 916
553 961
553 619
553 791
916 961
916 925
916 999
745 979
745 977
745 922
745 787
136 991
136 320
136 490
136 627
136 680
136 142
136 610
136 577
136 506
136 961
136 224
136 711
136 688
201 473
201 854
201 945
201 465
201 464
201 223
201 877
201 261
201 669
201 988
201 925
201 661
201 564
201 462
201 539
201 756
201 803
201 579
118 961
118 172
118 991
118 711
118 830
118 270
118 441
118 292
118 975
118 941
118 443
118 783
250 818
250 406
250 591
250 403
250 757
250 964
250 391
250 777
250 623
250 616
250 465
250 285
250 407
250 468
250 704
250 820
610 926
610 781
610 877
610 851
610 839
610 757
610 945
610 841
610 688
610 930
610 612
610 818
579 784
579 673
579 825
579 927
579 961
579 781
579 699
579 608
579 975
579 900
579 664
579 994
820 991
820 972
820 846
661 898
661 961
661 771
661 810
661 829
661 745
661 734
661 715
661 941
688 771
541 911
541 757
541 883
541 818
541 663
541 947
541 604
541 676
296 668
296 648
296 748
296 519
296 387
296 321
296 877
296 477
296 926
296 882
296 791
296 910
296 386
296 661
296 554
296 441
711 818
711 922
711 757
711 855
711 718
711 746
711 820
154 524
154 647
154 529
154 324
154 608
154 427
154 886
154 526
154 166
154 177
154 591
154 284
154 991
154 945
154 820
154 577
154 641
154 642
401 486
401 561
401 693
401 548
401 691
401 997
401 439
401 590
401 577
401 781
401 633
401 610
407 579
407 608
407 791
407 734
407 653
407 566
407 940
407 687
407 842
407 693
439 599
439 510
439 539
439 588
439 791
439 715
439 633
439 994
439 646
439 968
439 607
439 801
439 711
439 579
403 481
403 550
403 595
403 979
403 572
403 884
403 577
403 910
403 961
403 715
403 862
403 912
403 908
403 410
961 975
791 961
791 968
791 820
791 837
791 815
791 844
791 993
558 627
558 772
558 564
558 868
558 618
558 706
558 820
558 577
558 898
558 581
558 991
558 753
558 715
558 711
558 690
558 631
634 884
634 756
634 654
634 966
634 719
634 745
634 979
634 781
184 842
184 486
184 535
184 886
184 666
184 586
184 423
184 445
184 603
184 217
184 863
184 872
423 827
423 490
423 711
423 745
423 478
423 784
423 512
423 450
423 922
423 688
539 700
539 674
539 661
539 906
539 927
539 983
539 829
539 586
539 757
539 872
208 744
208 535
208 273
208 619
208 495
208 577
208 579
208 250
208 425
208 465
208 692
208 950
208 808
208 817
208 623
208 923
139 595
139 378
139 918
139 941
139 607
139 606
139 537
139 966
139 401
139 647
139 296
139 946
139 517
139 674
139 403
139 774
139 652
139 678
139 884
535 759
535 701
535 688
535 941
535 666
535 937
535 795
26 711
26 652
26 714
26 868
26 131
26 127
26 850
26 920
26 236
26 469
26 381
26 130
26 829
26 396
26 922
26 842
26 195
26 92
26 634
26 288
26 966
26 445
92 914
92 916
92 510
92 679
92 731
92 144
92 806
92 693
92 535
92 676
92 861
92 972
92 872
92 771
280 559
280 700
280 771
280 775
280 751
280 478
280 593
280 795
280 759
280 920
280 421
280 479
280 332
280 651
280 395
280 430
280 792
280 991
280 758
771 784
771 872
771 922
771 826
771 862
478 991
478 491
478 619
478 688
478 784
478 541
478 547
784 980
666 688
666 734
666 793
666 869
619 980
619 771
619 757
619 715
619 996
619 906
273 486
273 630
273 757
273 565
273 676
273 446
273 972
273 296
273 580
273 370
273 768
273 969
273 417
842 866
842 955
842 886
71 387
71 713
71 315
71 957
71 640
71 252
71 382
71 715
71 781
71 178
71 441
71 449
71 676
71 669
71 882
71 233
71 497
45 921
45 281
45 596
45 636
45 941
45 619
45 418
45 595
45 371
45 524
45 707
45 558
45 564
45 441
45 884
45 118
45 477
386 945
386 661
386 991
386 821
386 864
386 784
386 715
117 279
117 208
117 784
117 168
117 429
117 726
117 592
117 871
117 641
117 711
801 965
801 997
801 945
801 827
801 928
510 607
510 942
510 874
510 864
510 943
510 748
510 961
510 945
510 820
510 745
795 977
795 916
795 863
795 975
424 829
424 663
424 676
424 945
424 535
424 654
700 741
700 791
700 980
700 975
479 863
479 564
479 703
479 558
479 515
479 641
479 945
669 784
669 785
669 771
669 819
669 693
669 726
669 894
781 910
781 950
781 808
781 945
781 861
781 948
862 910
378 896
378 829
378 878
378 961
378 610
378 938
378 801
378 730
460 496
460 801
460 640
460 688
460 957
460 674
460 547
391 851
391 849
391 786
391 619
391 980
391 514
391 494
391 897
391 439
391 781
391 524
391 989
391 479
884 909
114 293
114 730
114 553
114 185
114 257
114 201
114 930
114 361
114 618
114 617
114 344
114 784
114 910
97 227
97 280
97 460
97 477
97 584
97 399
97 916
97 582
97 614
97 926
97 423
97 530
97 149
623 771
623 676
623 853
512 688
512 877
477 701
477 788
477 872
477 613
477 883
477 884
477 961
8 761
8 561
8 84
8 211
8 693
8 727
8 367
8 715
8 245
8 315
8 873
8 483
8 174
8 910
300 726
300 517
300 608
300 793
300 478
300 534
300 513
300 448
300 623
300 973
906 946
906 950
270 443
270 381
270 964
270 663
270 791
270 483
270 551
270 529
270 896
270 310
270 456
270 591
270 479
500 644
500 810
500 744
500 703
500 879
500 699
500 829
500 538
500 906
500 907
500 667
94 228
94 484
94 684
94 669
94 556
94 463
94 797
94 743
94 143
94 842
94 284
94 781
94 399
94 874
417 619
417 942
417 666
417 748
417 421
417 884
417 795
417 473
417 440
417 600
84 757
84 328
84 829
84 678
84 190
84 553
84 818
84 916
84 143
84 478
627 752
627 975
76 396
76 950
76 607
76 241
76 818
76 446
76 240
76 629
76 450
76 884
76 642
76 439
76 266
76 938
149 916
149 627
149 236
149 640
149 925
149 557
149 491
149 904
149 326
640 799
640 741
640 813
261 809
261 936
261 512
261 671
261 486
261 669
261 889
261 494
261 820
261 480
261 791
219 690
219 829
219 465
219 516
219 250
219 669
219 740
219 364
219 280
219 300
219 378
130 341
130 669
130 208
130 947
130 516
130 426
130 655
130 250
130 261
130 558
130 909
130 492
440 460
440 862
440 541
440 949
440 685
440 464
440 689
440 456
440 558
440 636
440 777
440 624
440 623
440 757
324 830
324 362
324 553
324 625
324 521
324 588
324 484
324 864
324 330
324 904
217 821
217 379
217 997
217 377
217 595
217 942
217 541
217 671
217 317
217 808
217 980
217 823
217 615
217 961
217 345
217 906
217 619
217 460
177 494
177 424
177 247
177 991
177 442
177 964
177 971
399 457
399 621
399 482
399 669
399 423
399 730
399 977
399 941
399 529
399 505
399 725
166 644
166 216
166 336
166 972
166 291
166 830
166 943
166 456
166 623
166 641
166 463
166 603
166 773
166 600
37 640
37 255
37 524
37 454
37 353
37 801
37 671
37 377
37 830
37 577
37 678
37 441
633 893
633 946
633 693
633 636
633 688
633 830
633 916
633 926
633 650
633 964
633 862
529 925
529 762
529 553
529 595
529 707
529 561
529 872
529 619
529 991
529 801
529 880
529 530
529 728
272 945
272 463
272 318
272 504
272 376
272 745
272 836
272 317
272 311
272 830
272 842
272 661
272 364
272 964
551 615
551 779
551 846
551 801
551 862
23 441
23 934
23 795
23 427
23 838
23 318
23 762
23 152
23 132
23 784
23 84
23 261
185 857
185 682
185 887
185 663
185 844
185 554
185 525
185 819
185 808
185 324
185 830
185 892
185 627
387 594
387 706
387 419
387 624
588 944
588 731
588 671
588 978
588 905
942 971
664 991
664 726
664 885
664 715
664 701
693 945
693 966
693 922
693 995
693 818
693 934
450 541
450 526
450 495
450 480
450 901
450 958
450 929
450 647
450 978
450 474
495 757
495 983
495 732
495 771
495 728
495 836
495 624
456 627
456 747
456 900
456 634
456 808
456 604
456 586
456 497
456 734
456 991
456 822
595 916
595 795
595 834
595 831
595 640
595 998
595 977
595 983
595 660
595 698
595 627
346 801
346 509
346 743
346 831
346 977
346 948
346 651
346 495
346 588
671 693
671 781
671 861
671 817
671 955
671 855
671 771
671 727
671 806
671 910
299 430
299 834
299 681
299 841
299 529
299 456
299 538
299 451
299 378
299 527
431 491
431 965
431 910
431 474
431 718
431 607
431 961
431 876
431 906
431 738
396 865
396 942
396 707
396 465
396 500
396 621
396 564
396 619
396 530
396 588
396 683
667 781
667 909
667 963
667 966
667 740
667 991
667 843
667 771
667 856
741 838
808 833
808 970
734 941
734 994
734 894
651 781
651 854
517 734
517 890
517 975
517 735
517 772
517 564
517 740
517 578
517 880
556 623
556 746
556 678
556 887
556 757
556 647
556 980
556 967
556 848
445 897
445 781
445 997
445 572
445 495
445 970
445 692
445 693
445 666
445 508
525 670
525 581
525 991
525 595
525 638
525 535
525 855
525 692
525 941
525 868
564 634
564 721
564 822
564 598
564 997
564 893
564 764
538 546
538 562
538 814
538 865
538 886
538 612
886 991
946 987
62 865
62 752
62 437
62 791
62 261
62 843
62 272
62 166
62 234
62 410
62 961
62 513
62 586
62 991
62 131
320 477
320 715
320 595
320 675
320 590
320 644
320 478
320 745
320 332
320 634
320 517
320 979
320 425
165 312
165 425
165 963
165 413
165 187
165 561
165 685
165 517
165 296
165 492
165 669
165 272
165 226
165 915
165 926
165 411
703 767
703 705
703 889
774 945
774 791
774 967
774 824
774 890
774 887
817 892
817 904
116 490
116 199
116 530
116 545
116 136
116 687
116 327
116 887
116 243
116 651
116 407
116 906
116 410
116 268
864 950
864 926
864 965
284 401
284 633
284 454
284 589
284 851
284 609
284 870
284 391
284 816
284 529
34 372
34 595
34 913
34 490
34 706
34 97
34 830
34 320
34 67
34 263
34 62
34 407
34 572
101 473
101 548
101 440
101 120
101 115
101 439
101 259
101 907
81 774
81 579
81 335
81 966
81 141
81 667
81 623
81 564
81 147
81 637
81 820
81 970
81 354
81 502
81 163
81 170
81 439
697 964
697 776
697 924
527 808
527 734
527 839
527 982
527 850
650 747
650 896
753 967
753 836
291 400
291 725
291 962
291 760
291 614
291 300
291 873
701 806
701 859
701 977
692 923
692 965
692 950
692 863
908 994
536 817
536 977
536 666
536 720
536 794
536 668
536 917
536 869
536 814
536 553
199 671
199 461
199 267
199 443
199 994
199 823
199 556
199 932
199 510
199 667
199 351
199 582
199 460
199 283
199 322
199 441
199 417
340 662
340 736
340 775
340 632
340 394
340 499
174 886
174 976
174 239
174 450
174 232
174 431
174 738
174 802
174 490
174 443
174 727
174 467
96 838
96 407
96 365
96 535
96 127
96 180
96 473
96 802
96 610
96 174
120 620
120 974
120 478
120 403
120 449
120 303
120 451
120 711
120 531
120 218
120 425
120 643
120 642
120 833
120 735
120 199
120 261
120 557
157 756
157 753
157 985
157 781
157 588
157 479
157 642
157 512
157 363
157 391
157 318
157 598
157 693
341 364
341 389
341 830
341 698
341 553
341 791
341 415
341 498
341 424
599 638
599 946
599 829
599 676
599 906
599 653
599 849
514 551
514 582
514 804
514 739
514 654
180 231
180 841
180 224
180 468
180 783
180 653
180 403
180 882
180 743
180 745
180 729
180 847
180 341
442 801
442 662
442 498
442 829
442 825
442 726
442 757
442 595
442 691
442 681
442 546
442 646
442 891
27 378
27 407
27 580
27 457
27 858
27 129
27 146
27 873
27 535
27 826
354 613
354 473
354 777
354 950
354 804
354 619
354 753
354 714
354 823
354 783
372 570
372 956
372 734
372 791
372 590
372 908
372 825
372 950
372 938
372 532
372 403
372 723
129 241
129 761
129 234
129 453
129 660
129 219
129 134
129 579
129 132
129 569
814 922
451 465
451 798
451 608
451 984
451 523
451 589
451 747
451 600
451 601
259 300
259 463
259 454
259 561
259 818
259 700
259 971
259 557
259 983
259 317
259 435
259 380
287 586
287 896
287 740
287 387
287 869
287 367
287 303
287 623
287 942
287 527
287 723
287 676
813 872
813 842
813 950
591 859
591 610
591 725
591 798
591 727
591 757
152 257
152 623
152 731
152 494
152 252
152 609
152 379
414 455
414 889
414 715
414 701
414 601
646 812
646 820
646 939
646 701
646 700
646 895
646 791
646 967
646 771
418 525
418 579
418 496
418 811
418 865
418 691
31 842
31 955
31 810
31 902
31 120
31 198
31 936
31 828
31 109
31 952
31 264
31 151
31 223
31 439
600 667
600 886
600 741
600 710
600 916
788 963
788 820
788 829
788 821
788 925
727 793
727 795
727 798
727 850
144 440
144 519
144 395
144 461
144 750
144 508
144 584
850 866
850 897
143 318
143 247
143 774
143 425
143 739
143 414
143 477
143 973
143 864
143 511
143 430
35 165
35 604
35 426
35 994
35 710
35 608
35 390
35 864
35 254
35 80
35 41
866 945
887 906
364 675
364 950
364 536
364 883
364 727
364 595
364 920
364 378
364 820
364 530
364 619
364 529
364 463
687 791
687 693
687 748
687 846
687 764
524 558
524 943
524 916
524 864
706 945
576 590
576 586
576 646
576 640
576 634
576 600
576 668
576 850
786 911
786 936
793 884
793 955
793 861
793 927
793 834
793 840
793 858
480 483
480 829
480 777
480 994
480 920
480 816
920 955
920 961
920 938
920 936
473 997
473 980
473 829
473 497
473 958
473 976
534 926
534 670
534 844
534 649
534 936
534 734
534 624
430 666
430 547
750 934
750 822
554 585
554 647
554 867
554 820
554 676
554 875
554 807
554 621
365 964
365 942
365 677
365 604
127 239
127 288
127 692
127 677
127 635
127 642
127 696
127 263
127 261
127 948
127 953
127 615
127 623
127 372
127 610
127 419
355 933
355 734
355 567
355 510
355 424
586 830
586 947
586 727
586 817
248 541
248 910
248 730
248 473
248 991
248 445
248 495
248 273
248 250
379 601
379 818
379 650
379 529
379 720
379 982
379 714
379 439
379 666
425 556
425 651
425 982
425 478
491 724
491 701
491 700
491 623
476 749
476 709
476 785
476 728
476 793
476 664
476 941
476 970
598 971
598 803
598 610
598 741
598 889
598 817
635 897
635 668
635 762
635 864
635 749
336 938
336 504
336 411
336 640
336 666
336 419
404 795
404 492
404 952
938 983
18 139
18 632
18 536
18 31
18 970
18 516
18 140
18 831
18 766
18 299
283 688
283 687
283 854
283 424
283 852
283 853
283 402
283 766
283 770
283 562
0 309
0 676
0 837
0 507
0 707
0 980
0 525
0 92
0 302
0 576
0 771
0 666
0 901
0 379
0 240
806 930
806 907
806 813
435 979
435 898
435 445
435 548
435 900
435 970
898 988
454 565
454 945
454 961
454 957
454 888
454 551
454 827
889 973
889 989
146 365
146 916
146 758
146 723
146 201
146 850
146 889
146 822
146 964
146 451
146 646
566 859
566 640
566 754
566 768
566 701
566 696
566 700
566 782
566 936
548 763
548 911
710 796
710 904
710 931
351 599
351 357
351 429
351 396
351 997
351 910
351 774
970 978
406 408
406 470
406 929
406 462
406 420
406 817
83 360
83 875
83 346
83 638
83 595
83 100
83 785
83 164
83 435
83 639
83 568
83 354
83 315
115 513
115 151
115 904
115 127
115 435
115 995
115 353
302 478
302 570
302 729
302 577
302 818
302 698
302 660
302 507
302 668
411 541
411 704
411 913
411 681
411 464
411 664
141 328
141 986
141 228
141 866
141 492
141 535
141 672
141 319
141 946
141 490
141 201
141 292
410 806
410 787
410 550
123 730
123 747
123 946
123 868
123 369
123 972
123 679
123 697
123 378
123 980
419 680
419 740
419 616
419 603
419 785
327 955
327 541
327 733
327 905
327 586
327 377
327 693
327 355
327 911
429 505
429 600
429 806
429 924
429 476
429 552
861 955
861 872
861 948
64 755
64 652
64 489
64 775
64 816
64 556
64 539
168 938
168 496
168 896
168 380
168 719
168 814
168 925
421 715
421 977
421 733
421 688
421 653
421 682
421 983
3 998
3 574
3 873
3 456
3 21
3 250
3 724
3 513
3 598
3 801
3 353
3 355
807 904
807 820
520 936
520 629
520 916
520 988
520 923
213 430
213 532
213 325
213 601
213 392
213 544
213 772
213 555
735 948
735 830
572 942
572 613
572 919
572 623
572 791
572 598
572 997
492 982
492 917
492 887
492 763
492 650
492 641
492 588
621 757
621 703
810 853
810 910
810 931
810 884
810 992
810 979
228 256
228 334
228 439
228 750
228 732
228 639
126 425
126 749
126 469
126 344
126 390
126 495
126 586
726 954
726 832
726 942
286 585
286 868
286 577
286 775
286 929
286 330
286 579
231 714
231 548
231 664
231 914
231 292
231 896
231 772
231 423
231 736
231 834
231 279
603 754
603 968
603 815
603 866
724 795
724 785
724 848
457 626
457 621
457 550
574 858
574 617
574 706
707 906
707 738
707 896
936 961
607 950
607 890
607 708
607 945
607 631
55 925
55 479
55 961
55 487
55 538
55 782
55 951
55 884
55 807
55 105
911 922
911 946
911 989
911 959
896 902
463 625
463 477
463 849
463 663
463 837
463 927
463 772
863 891
303 389
303 898
303 522
303 671
303 998
303 662
303 477
303 854
303 909
318 435
318 588
318 520
318 338
318 692
318 865
318 816
105 314
105 502
105 653
105 163
105 561
105 615
105 276
105 538
547 631
547 553
547 862
484 926
484 678
484 861
484 617
484 688
484 941
484 967
484 905
555 604
555 662
461 813
461 579
461 564
624 811
624 739
624 996
624 661
337 970
337 510
255 590
255 874
255 459
255 287
335 507
335 673
335 938
335 449
335 795
335 666
335 498
335 680
293 563
293 923
293 484
293 999
293 356
293 814
293 930
293 711
293 592
293 421
293 701
44 973
44 510
44 496
44 429
44 52
44 421
44 598
44 887
385 817
385 913
385 520
385 431
385 487
385 838
639 640
639 735
639 719
61 741
61 105
61 140
61 926
61 665
61 169
61 871
61 90
678 742
678 782
223 920
223 471
223 562
223 898
783 978
783 887
783 859
381 749
381 497
381 589
381 599
381 758
381 550
381 577
381 676
381 624
381 739
381 504
247 798
247 250
247 828
247 393
247 274
247 438
247 951
241 757
241 816
285 557
285 719
285 889
285 846
285 795
285 416
285 588
285 643
285 997
285 875
285 976
714 821
714 987
714 729
714 920
968 992
968 997
968 975
557 975
557 887
557 824
604 781
604 751
604 623
604 978
604 990
604 975
604 959
604 757
171 635
171 361
171 607
171 791
171 315
171 314
777 911
777 788
777 997
777 791
777 875
764 957
764 904
7 746
7 565
7 710
7 233
7 450
7 261
7 381
7 425
7 786
7 94
7 842
7 886
7 298
973 984
505 926
505 908
505 557
505 782
723 964
819 928
819 935
819 841
90 365
90 707
90 113
90 907
90 875
90 778
90 443
90 898
90 600
565 748
565 865
565 942
565 570
565 936
565 693
679 715
63 221
63 181
63 187
63 76
63 745
63 806
63 406
63 485
63 189
926 949
731 959
350 588
350 791
350 876
350 962
350 769
350 972
350 803
350 915
617 829
617 642
617 738
269 423
269 613
269 753
269 314
269 811
698 818
698 753
698 910
698 809
698 861
698 737
317 469
317 554
317 404
317 740
317 490
56 239
56 606
56 677
56 506
56 539
56 634
56 699
56 480
56 549
877 925
877 975
256 956
256 552
256 277
256 260
256 715
256 393
256 324
47 715
47 355
47 315
47 362
47 211
47 946
47 308
47 515
47 107
47 406
47 196
47 349
47 759
147 899
147 277
147 157
147 759
147 238
147 166
147 655
147 208
147 158
147 624
147 445
100 505
100 339
100 718
100 599
100 464
100 144
100 850
100 268
100 565
100 425
100 315
100 652
100 918
88 191
88 608
88 254
88 600
88 307
88 840
752 859
752 991
752 872
159 589
159 295
159 734
159 468
159 430
159 701
159 921
159 651
159 969
159 270
240 964
240 495
240 466
240 246
240 327
240 911
749 883
749 862
749 979
749 751
749 959
749 896
13 98
13 617
13 835
13 877
13 78
13 851
13 739
13 299
257 419
257 582
257 302
257 978
257 546
257 926
257 786
257 586
42 439
42 564
42 450
42 328
42 221
42 171
42 701
42 309
42 398
506 738
506 936
506 886
506 723
506 582
506 662
831 925
281 567
281 512
281 581
281 285
281 980
281 831
281 829
281 283
281 427
281 505
967 998
967 994
108 668
108 152
108 457
108 745
108 401
108 623
108 126
108 667
108 974
108 470
108 852
108 372
254 724
254 859
254 779
254 617
254 735
254 274
254 298
254 478
582 820
582 724
582 793
582 672
763 807
763 905
763 864
516 888
516 949
516 627
516 804
652 920
652 878
652 746
652 798
530 622
530 643
530 539
530 828
308 743
308 651
308 750
308 938
308 587
308 486
308 336
972 976
226 483
226 438
226 527
226 329
226 402
226 560
226 719
226 489
226 252
332 450
332 883
332 973
332 975
332 771
332 606
474 685
474 830
474 911
474 552
474 486
474 621
15 822
15 494
15 763
15 828
15 577
15 935
782 808
782 836
326 706
326 719
326 759
326 748
326 889
326 690
326 621
326 962
326 961
326 862
326 953
326 443
326 570
264 916
264 368
264 411
264 734
264 770
278 991
278 797
278 726
278 557
278 349
278 926
836 907
836 929
75 983
75 457
75 518
75 111
75 617
75 119
75 731
75 805
75 883
75 745
75 273
75 689
798 815
798 939
50 649
50 774
50 581
50 917
50 548
50 627
50 501
50 904
50 168
50 819
82 834
82 479
82 120
82 779
82 253
82 806
483 833
483 880
483 757
483 946
483 970
483 924
40 885
40 900
40 564
40 865
40 213
40 48
40 258
40 172
135 715
135 943
135 497
135 634
135 434
135 720
135 875
135 547
135 300
135 404
135 328
135 710
135 792
738 811
738 815
453 623
453 710
453 565
453 637
728 781
728 810
728 774
728 977
49 748
49 850
49 566
49 337
49 207
49 277
49 692
49 199
328 382
328 381
328 917
328 404
816 824
816 899
816 995
816 977
523 601
523 733
523 819
523 851
775 778
775 904
191 445
191 337
191 624
191 641
191 440
191 579
191 525
309 351
309 803
309 639
309 798
309 693
962 999
690 781
690 956
690 821
550 574
550 636
550 820
437 751
437 884
437 745
437 919
507 658
507 829
507 915
507 680
239 984
239 291
239 254
239 864
239 991
239 703
719 724
719 921
719 819
719 865
380 594
380 463
380 618
380 518
380 520
380 418
17 991
17 129
17 509
17 854
17 746
304 796
304 539
304 698
304 493
32 474
32 714
32 577
32 396
32 548
32 327
32 317
32 879
104 832
104 546
104 855
104 199
104 813
104 622
104 429
104 280
153 566
153 834
153 934
153 865
464 616
464 846
464 877
464 757
655 768
655 826
655 776
655 871
655 731
655 667
349 811
349 638
349 566
349 750
349 658
349 707
349 717
349 825
511 892
511 641
310 689
310 406
238 246
238 364
238 330
238 607
471 922
471 833
471 737
377 642
377 507
377 661
377 808
377 511
377 714
377 692
384 763
384 810
384 728
384 919
384 864
384 477
384 724
384 954
384 538
384 899
384 983
384 511
384 490
384 385
384 790
930 961
930 983
930 970
252 414
252 771
252 523
252 906
252 283
252 770
252 782
740 954
740 867
740 868
740 982
614 927
614 805
614 714
614 617
614 638
614 769
125 254
125 810
125 175
125 968
125 747
125 738
125 255
125 451
125 887
307 793
307 743
307 827
307 865
307 541
329 421
329 945
329 398
204 471
204 412
204 919
204 693
204 737
204 962
204 939
204 372
140 233
140 819
140 365
140 519
140 440
140 921
140 343
140 641
140 564
140 246
140 521
140 776
140 831
140 906
498 571
498 918
498 728
498 608
498 658
542 904
542 757
542 546
542 604
542 880
542 878
542 567
542 793
825 991
830 947
830 889
86 897
86 192
86 811
86 165
86 881
86 268
86 836
642 925
642 798
642 843
642 905
515 818
515 761
515 672
653 728
653 913
756 960
756 789
590 774
590 744
590 614
691 901
39 774
39 923
39 830
39 263
39 111
39 589
39 924
39 507
39 466
583 819
583 614
583 791
192 703
192 667
192 753
192 627
849 901
849 877
796 976
796 968
796 957
156 388
156 671
156 336
156 745
156 639
156 349
868 877
468 495
468 633
468 885
468 739
468 703
468 512
468 695
596 849
596 975
596 702
658 719
190 857
190 499
190 853
190 582
190 357
190 335
190 450
190 579
190 266
190 358
190 400
198 617
198 219
198 749
198 239
198 873
198 844
258 992
258 577
258 412
258 995
258 962
258 720
258 806
258 573
258 338
606 961
606 967
606 899
276 281
276 756
276 890
276 948
276 492
725 931
725 879
725 751
725 935
899 973
899 930
186 676
186 791
186 990
186 745
186 860
186 774
186 223
186 961
124 374
124 476
124 979
124 257
124 223
124 130
124 216
124 477
279 312
279 302
6 212
6 771
6 8
6 458
6 988
6 156
6 570
6 679
6 630
6 690
6 621
6 335
6 428
6 737
362 802
362 405
362 809
362 897
362 728
362 741
412 509
412 504
412 830
142 262
142 468
142 421
142 162
142 195
142 655
674 686
674 893
674 760
674 909
513 764
513 532
513 639
513 889
513 739
189 685
189 723
189 493
189 479
189 639
408 500
408 804
408 462
408 755
408 821
408 487
408 557
408 988
408 925
2 862
2 612
2 707
2 842
2 143
2 871
2 23
2 69
367 597
367 957
367 656
367 461
367 553
878 939
878 898
737 774
737 828
390 465
390 782
390 453
821 958
503 969
503 752
503 638
580 789
580 781
580 780
580 609
580 880
580 665
580 911
187 958
187 559
187 465
67 94
67 924
67 556
67 272
67 160
67 264
67 972
67 667
67 682
609 921
609 617
197 237
197 526
197 750
197 666
197 549
197 710
197 276
197 386
197 690
197 807
282 551
282 576
282 865
282 610
282 884
282 441
282 605
282 456
65 466
65 529
65 832
65 968
65 117
65 511
65 271
65 269
65 273
434 958
434 729
434 877
434 565
434 553
434 974
434 714
434 484
434 673
434 857
236 732
236 789
236 556
236 539
236 336
236 847
718 956
718 827
718 964
718 798
718 823
758 850
758 901
370 944
370 874
370 787
370 690
370 585
370 659
370 722
370 468
370 984
370 386
713 958
713 828
713 945
713 842
455 504
455 849
69 179
69 995
69 351
69 97
69 423
69 533
69 908
69 859
69 813
353 844
708 770
708 977
708 777
708 754
708 913
708 936
708 791
21 147
21 383
21 880
21 912
21 909
21 138
21 928
21 858
21 927
21 685
21 744
21 879
21 814
344 850
344 816
344 813
344 950
344 864
344 667
344 694
344 743
344 369
344 914
321 539
321 949
321 728
321 603
321 344
321 637
33 111
33 494
33 420
33 276
33 910
33 271
33 261
33 279
33 810
33 911
33 643
33 609
494 535
494 926
494 572
682 907
747 946
747 887
210 663
210 472
210 980
210 724
210 887
210 708
194 434
194 783
194 270
194 315
194 729
194 709
194 318
194 385
194 674
131 730
131 674
131 672
131 838
131 990
131 740
393 521
393 553
393 941
161 405
161 244
161 891
902 946
902 978
493 798
493 528
493 725
493 786
95 571
95 867
95 187
95 650
119 499
119 142
119 261
119 274
119 800
119 391
521 850
521 604
521 991
298 950
298 426
298 367
298 796
762 952
427 787
427 727
73 743
73 279
73 397
73 92
73 125
73 488
73 90
73 360
73 178
73 560
211 558
211 917
211 216
211 884
211 425
211 825
211 438
382 430
382 668
382 490
382 794
382 450
469 802
469 939
469 980
469 907
469 810
589 978
589 620
589 658
589 661
121 917
121 379
121 641
722 909
722 831
722 997
722 961
481 760
481 671
481 521
481 711
242 594
242 611
242 843
242 651
242 934
242 555
242 804
98 483
98 181
98 518
98 713
98 835
98 884
98 260
98 544
397 866
397 956
397 902
397 780
684 917
260 417
260 830
260 468
260 999
260 318
260 556
260 472
260 540
260 367
504 530
504 895
504 932
504 632
504 925
111 760
111 328
111 912
111 565
111 153
111 368
111 488
111 977
234 654
234 448
234 682
234 567
803 896
803 898
16 438
16 125
16 805
16 911
16 55
14 287
14 549
14 643
14 910
14 408
14 267
14 327
14 520
14 858
290 672
290 456
290 646
290 656
290 549
290 767
290 620
176 784
176 942
176 362
176 558
176 421
176 838
176 764
921 989
138 505
138 484
138 286
138 464
767 813
767 859
767 886
22 773
22 514
22 185
22 388
22 982
22 597
22 979
22 483
22 762
744 803
768 831
768 809
622 984
622 707
106 520
106 719
106 136
106 271
106 453
106 586
106 492
106 682
158 397
158 309
158 601
158 614
420 903
420 989
420 512
420 972
420 829
420 848
420 429
420 440
804 947
804 940
804 853
958 991
958 983
648 901
648 770
648 723
648 729
648 847
648 814
581 830
292 305
292 818
292 787
292 781
292 324
292 295
251 549
251 986
251 934
251 505
251 639
251 395
533 882
533 961
549 806
398 406
398 572
398 813
398 886
398 576
398 911
398 734
202 771
202 709
202 259
202 924
202 731
202 222
202 631
202 360
840 848
840 990
840 957
840 856
578 615
578 799
578 902
167 813
167 786
167 613
167 355
167 920
167 249
802 936
466 747
466 554
466 896
466 927
986 997
620 644
620 811
620 956
620 911
620 726
620 831
620 907
78 487
78 771
78 322
78 925
78 580
78 336
625 838
625 783
625 937
625 987
625 682
363 484
363 416
732 896
732 779
369 808
369 695
369 597
743 850
743 970
743 986
99 540
99 244
99 889
99 915
99 308
99 720
99 705
368 486
368 494
368 949
356 427
356 505
160 779
160 781
160 881
160 815
532 939
532 565
532 741
532 819
532 913
532 931
532 628
626 796
626 935
626 986
626 682
626 962
626 972
249 634
249 466
249 345
249 306
374 893
374 872
374 547
374 777
374 468
374 743
811 813
449 895
449 517
746 836
559 872
559 584
787 861
787 881
546 910
546 800
546 716
759 956
759 880
759 793
759 967
225 535
225 582
225 549
225 796
225 876
225 708
225 363
225 384
225 248
225 791
739 937
739 822
739 829
271 368
271 703
271 490
271 818
271 748
271 423
371 657
371 411
371 782
371 656
371 923
322 785
322 598
322 920
409 865
409 694
409 797
409 428
409 595
209 251
209 935
209 807
209 432
209 931
209 800
263 378
263 873
263 388
592 619
592 638
592 657
592 631
778 825
778 865
778 901
778 856
220 720
220 336
220 911
220 923
30 637
30 922
30 786
30 987
30 938
30 752
325 742
325 882
325 727
325 989
325 540
325 555
433 528
433 504
433 964
433 767
433 994
433 488
433 795
433 584
433 737
172 345
172 223
172 384
57 383
57 845
57 94
57 757
57 489
57 853
57 973
57 114
57 676
57 658
128 806
128 335
128 149
128 750
128 853
128 596
128 193
128 871
128 138
128 226
79 573
79 85
79 177
79 365
79 737
79 360
736 923
375 915
375 503
375 702
375 771
375 959
375 906
702 880
395 449
395 957
395 865
395 919
668 734
720 880
720 779
631 951
631 936
631 982
229 613
229 794
229 884
229 911
229 306
229 495
229 249
229 756
229 796
294 737
294 757
294 998
294 691
826 893
826 931
826 994
695 731
695 941
695 817
905 959
905 988
560 835
560 986
560 744
660 972
660 971
338 535
338 830
338 971
338 951
10 438
10 71
10 611
10 477
10 587
10 499
613 672
613 790
339 810
339 367
339 932
339 708
339 704
432 771
432 759
432 773
432 787
432 521
319 818
319 390
319 896
316 375
316 506
316 802
89 386
89 763
89 332
89 760
89 992
200 527
200 942
200 875
200 706
200 237
200 419
200 245
373 691
373 575
373 880
373 386
373 850
373 907
637 765
637 704
637 786
531 692
531 793
794 847
794 808
794 944
518 698
518 750
518 855
518 959
267 721
267 513
267 525
267 887
267 275
267 741
137 966
137 220
137 471
137 693
137 179
137 752
805 973
182 791
182 929
182 515
182 896
122 240
122 284
122 811
122 305
122 399
122 583
122 306
585 849
585 887
585 805
779 887
779 981
963 973
712 855
712 850
712 922
359 465
359 788
359 683
359 397
359 952
345 921
345 761
345 360
345 708
345 934
345 387
345 940
345 580
345 542
193 888
193 440
193 229
193 211
193 911
873 909
552 879
552 575
552 727
638 793
218 302
218 258
218 841
218 940
389 952
389 749
389 584
389 582
389 668
389 569
760 810
330 889
330 429
330 694
330 402
615 942
615 924
615 782
301 652
301 968
301 598
301 590
301 561
301 586
593 888
593 693
824 950
824 923
347 835
347 677
347 807
347 982
347 381
347 595
347 939
46 353
46 777
46 152
46 173
46 972
46 62
46 729
222 293
222 241
222 698
222 350
222 483
222 671
222 919
244 430
244 933
244 451
244 856
244 830
244 942
244 292
244 638
841 994
575 766
575 899
874 918
874 978
19 698
19 513
19 268
19 753
19 426
19 430
19 597
19 455
19 283
19 772
19 851
537 624
537 652
537 615
352 591
352 695
392 576
392 859
392 780
392 750
392 406
392 397
110 729
110 288
110 351
110 155
110 282
110 817
616 734
601 954
601 621
601 758
601 882
601 970
416 599
416 608
348 523
348 852
348 580
348 536
665 794
665 781
665 997
665 738
497 928
497 653
497 887
497 652
497 916
48 77
48 476
68 711
68 541
68 503
68 453
68 264
68 533
68 351
28 858
28 966
28 832
28 599
113 852
113 220
113 340
113 401
113 265
113 370
113 988
677 841
677 975
677 865
677 855
400 717
400 959
400 607
400 957
400 848
312 823
312 505
312 335
312 819
312 369
544 564
544 720
544 718
544 827
929 944
681 723
681 701
681 901
717 844
717 870
913 963
212 776
212 577
212 219
212 410
212 414
212 925
196 485
196 701
196 999
196 808
196 297
196 217
196 929
733 865
694 972
694 847
694 808
694 813
694 981
60 804
60 454
60 516
60 86
60 293
216 985
216 297
216 634
216 459
216 619
155 342
155 327
155 162
155 430
155 318
155 242
833 981
833 898
833 858
162 347
162 902
162 554
162 387
162 624
162 725
162 686
162 165
448 732
448 650
448 782
918 926
470 853
77 224
77 107
77 252
77 909
77 823
77 938
77 632
227 394
227 524
227 593
227 803
394 841
394 648
509 733
509 646
509 645
897 994
897 923
275 914
275 795
275 572
526 675
526 697
526 786
823 908
823 829
366 410
366 742
366 560
366 576
366 527
943 968
570 906
570 586
357 859
357 483
357 826
262 998
262 777
262 705
262 614
262 685
262 610
262 510
262 606
376 587
376 588
376 553
376 487
305 838
305 855
305 928
305 914
207 925
207 837
207 296
207 880
207 774
207 305
207 941
323 729
323 627
323 410
323 466
323 618
323 643
630 724
721 747
343 505
343 407
343 377
343 607
343 546
426 673
426 593
772 972
772 861
540 660
9 818
9 921
9 755
9 900
9 715
188 250
188 545
188 496
188 283
188 875
845 970
245 823
245 903
245 955
245 252
245 714
245 448
960 971
288 993
288 523
288 536
288 350
288 990
181 845
181 659
181 916
181 365
181 306
181 958
181 849
181 411
797 938
797 978
797 997
107 449
107 179
107 327
587 665
72 122
72 638
72 715
72 689
72 922
72 292
72 876
789 994
789 890
789 801
789 925
789 799
489 545
489 884
361 504
361 541
892 893
892 912
360 968
360 460
360 807
360 869
360 740
855 895
855 955
179 262
179 452
179 215
645 736
645 943
645 945
883 999
545 861
545 608
597 785
597 691
597 982
854 881
780 968
1 650
1 32
1 432
1 998
1 540
1 710
1 164
1 887
1 953
519 995
519 739
4 536
4 639
4 790
4 173
206 917
206 208
206 869
206 238
233 975
233 538
233 617
940 989
940 970
11 613
11 75
11 587
11 53
11 849
11 324
11 628
11 741
11 987
11 38
11 430
11 725
11 520
164 959
164 942
164 865
164 731
164 248
164 377
405 822
405 869
405 479
405 712
568 941
447 975
447 799
853 946
853 899
670 834
230 872
230 733
230 423
230 815
52 57
52 170
52 712
41 95
41 236
41 831
41 811
41 707
41 444
109 231
109 608
109 727
109 201
109 776
109 592
266 609
266 335
266 795
266 607
266 443
277 572
277 555
277 425
277 726
277 471
277 566
277 489
618 816
402 733
402 776
402 935
402 580
402 640
571 716
869 904
790 986
502 962
502 775
502 636
502 935
573 791
522 973
522 965
522 786
522 824
522 814
659 976
58 225
58 953
58 296
58 236
436 600
436 781
436 457
436 437
436 998
654 801
799 981
755 902
755 999
215 949
215 470
657 697
657 909
914 996
358 512
358 690
358 948
358 718
103 760
103 705
103 378
103 776
36 59
36 533
36 790
36 965
36 495
36 855
295 536
295 809
295 615
295 965
472 628
472 906
472 577
949 956
438 597
438 946
232 990
232 674
232 373
232 434
232 601
766 933
53 616
53 344
53 271
53 946
53 469
673 892
673 869
673 770
673 763
673 744
859 946
870 898
289 564
289 734
289 730
289 984
274 610
274 696
274 988
274 820
274 396
274 874
274 951
314 541
314 537
243 954
243 246
243 621
243 260
243 292
243 545
243 297
704 791
221 543
221 426
221 525
221 507
221 390
265 404
265 609
265 527
265 821
169 645
169 955
169 788
169 371
773 845
987 993
860 986
467 709
467 895
467 549
467 969
467 490
467 533
467 790
311 898
311 585
311 732
311 676
311 780
311 803
134 907
134 781
134 322
134 708
134 411
134 150
612 826
612 749
612 801
93 506
93 705
93 806
689 775
689 737
689 846
74 347
74 274
74 613
496 832
496 510
496 954
496 754
496 808
832 950
66 864
66 422
66 408
66 415
66 216
66 860
66 727
66 203
235 716
235 294
235 623
235 813
12 697
12 630
12 769
12 299
38 161
38 615
38 872
38 634
38 663
38 683
567 626
567 947
567 713
696 994
644 748
644 759
444 657
444 640
444 793
444 479
656 966
656 672
656 906
253 645
253 611
253 649
253 577
253 659
170 926
543 848
543 786
543 945
683 749
683 833
683 758
413 447
413 585
413 807
413 880
413 687
792 859
792 883
792 970
792 932
792 805
246 528
246 633
246 646
594 694
594 691
594 773
903 994
903 961
903 978
268 411
268 940
268 890
268 510
268 858
636 871
636 880
636 821
501 818
501 800
501 915
20 243
20 814
20 590
20 188
20 776
20 781
20 227
649 736
487 844
487 725
487 851
769 784
508 928
508 633
508 779
508 920
569 946
569 935
569 856
452 457
452 455
452 889
452 928
203 366
203 991
203 755
203 858
383 664
383 991
383 685
888 962
43 619
43 643
43 786
43 667
43 783
499 560
499 572
499 698
499 737
306 545
306 669
306 687
306 403
475 985
475 667
87 739
87 799
87 465
112 411
112 574
112 772
112 873
112 167
112 123
112 861
879 987
173 306
173 684
173 805
173 365
70 617
70 419
70 212
605 924
605 923
605 932
605 648
605 993
150 295
150 555
150 543
150 601
150 937
342 757
342 411
388 605
388 850
388 471
388 811
388 433
812 932
935 941
331 655
331 355
331 444
331 514
685 949
297 897
297 655
297 751
297 830
647 823
647 825
562 712
562 610
562 971
224 432
224 225
224 346
485 747
485 752
485 550
133 744
133 515
133 302
446 553
446 663
981 991
163 230
163 905
163 913
163 994
145 180
145 727
145 796
415 615
415 423
422 750
422 969
422 546
422 852
205 517
205 389
205 369
205 421
29 157
29 467
29 590
29 801
29 473
29 142
29 434
29 678
29 289
584 594
584 614
584 829
584 622
175 946
175 349
175 786
175 603
175 762
175 637
51 660
51 407
51 855
51 560
843 870
843 966
5 873
5 216
5 190
5 720
5 946
528 835
178 901
178 264
178 415
178 960
334 866
334 710
334 791
214 682
214 957
214 637
214 827
214 753
214 933
563 630
482 621
482 823
742 802
742 915
742 939
85 555
85 309
59 805
59 570
59 595
59 84
59 597
59 809
59 274
59 372
59 605
751 877
751 926
488 743
488 926
488 857
885 985
885 994
458 604
458 860
458 566
333 445
333 373
333 671
602 642
602 979
602 634
91 968
91 111
91 115
91 336
428 823
428 556
675 912
102 584
102 960
102 240
102 528
54 516
54 201
54 260
54 216
54 77
54 869
237 566
237 357
237 589
937 943
937 955
278 991 820 791 270 443 174 886 767 813 872 92 914 344 114 293 563 630 6 212 776 20 243 954 384 763 15 822 750 197 237 566 859 792 280 219 690 326 706 200 527 808 794 536 817 663 734 315 757 771 784 769 350 588 318 435 115 513 764 957 460 496 44 973 522 303 389 952 404 795 977 745 979 602 642 925 207 837 463 625 324 292 305 838 96 407 579 286 138 505 926 61 741 600 90 365 964 433 528 102 584 97 227 394 841 299 13 98 483 22 773 432 209 251 549 14 287 586 327 955 937 150 295 159 589 284 94 228 256 956 718 827 454 565 100 339 810 500 396 32 474 685 440 144 519 995 258 992 89 386 373 333 445 897 362 802 742 325 882 601 621 554 185 857 997 676 57 383 21 147 899 816 618 558 176 942 615 578 517 320 477 701 535 759 880 413 447 975 465 390 221 543 848 420 406 63 181 845 970 743 488 111 39 774 490 423 399 122 240 495 126 425 556 236 26 711 818 250 208 132 610 598 572 277 555 604 781 910 33 494 261 809 59 805 75 983 958 434 194 783 978 902 896 466 323 729 180 231 714 245 823 908 313 786 175 946 141 328 135 715 439 81 335 190 499 340 80 161 405 869 54 516 888 962 148 183 510 607 266 609 265 113 852 348 523 451 120 620 644 166 216 124 374 893 826 357 351 110 288 993 605 924 202 709 476 749 683 359 788 777 911 922 441 611 253 645 509 733 421 329 226 438 16 125 254 724 3 998 1 650 379 152 23 934 345 921 9 755 408 804 947 830 412 504 530 364 675 526 205 369 695 468 633 693 945 486 25 608 577 302 478 195 459 255 37 640 595 916 553 775 778 825 372 570 906 707 622 984 370 944 929 182 515 47 355 167 613 229 193 128 806 930 961 920 508 928 801 529 762 635 668 382 430 19 698 341 415 66 864 950 824 557 285 719 106 520 380 259 300 726 664 885 985 475 667 67 34 913 411 112 251 574 550 403 481 760 291 400 717 844 198 617 614 927 539 700 646 812 932 199 671 861 787 427 356 154 524 943 968 780 397 866 603 754 708 225 582 506 316 375 915 501 800 546 343 140 18 139 378 829 84 678 484 363 157 756 960 24 201 473 101 548 50 102 649 534 670 525 267 721 564 461 367 298 426 673 892 912 511 143 247 798 727 591 352 725 931 532 939 204 471 388 850 521 393 941 935 626 457 436 437 751 297 655 561 401 691 418 811 624 162 347 835 560 366 410 62 865 395 449 895 855 104 832 65 117 279 312 819 583 669 165 963 35 994 480 56 239 127 692 49 748 296 648 901 0 309 803 311 898 988 905 959 731 164 83 360 807 904 710 453 623 108 974 470 853 283 688 512 877 849 596 45 281 567 542 878 652 301 590 29 467 969 503 68 541 217 821 636 871 2 862 547 631 951 338 971 660 129 241 76 446 273 248 730 123 747 485 752 627 136 116 545 306 249 634 884 282 551 779 82 834 793 666 184 842 151 391 851 487 55 479 863 891 442 662 498 571 95 867 740 131 674 686 232 990 840 856 244 933 766 575 552 879 987 30 637 765 704 321 949 368 264 178 71 387 594 694 972 46 353 173 4 639 189 723 681 146 758 381 497 456 900 40 213 392 576 398 42 450 332 883 999 196 260 417 619 354 753 269 314 105 502 653 728 599 638 349 658 507 377 661 272 376 587 665 738 431 491 149 965 36 533 69 179 262 705 703 192 86 60 881 160 815 230 163 854 17 746 836 907 134 322 785 597 982 492 917 206 238 246 330 889 99 540 308 651 346 224 77 107 48 252 414 455 452 770 782 448 732 234 654 424 177 79 573 85 737 294 235 716 828 713 31 936 109 592 657 371 656 966 137 220 720 5 873 8 761 211 27 580 789 890 276 948 735 358 268 940 218 989 858 833 981 799 87 739 514 331 444 41 831 722 909 130 768 203 457 28 402 78 336 156 938 168 814 538 562 712 52 170 223 186 860 986 790 458 172 118 233 7 612 797 409 428 91 419 70 680 257 616 464 846 687 462 679 689 72 876 310 53 11 628 472 210 980 469 317 887 585 38 271 263 544 923 736 843 242 155 342 870 672 290 169 697 12 682 214 632 429 684 121 641 191 337 88 307 996 874 274 74 696 119 142 918 103 93 606 967 215 385 10 416 171 361 537 43 643 647 772 493 304 796 145 976 659 847 73 569 868 187 559 531 153 489 64 188 875 289 629 222 919 51 422 744 133 581 702 334 568 518 158 58 953 779 677 699 903 894 593 275 319 482 839
