1000 5000
495 954
495 507
495 774
495 602
495 993
495 584
495 858
495 718
495 721
495 869
495 634
495 836
219 878
219 602
219 507
219 868
219 857
219 803
219 733
219 695
219 403
219 495
219 566
219 374
219 954
219 858
219 836
219 630
219 625
836 902
836 869
836 954
374 533
374 495
374 836
374 847
374 681
374 690
374 797
374 548
374 839
374 507
374 630
374 771
374 479
374 647
374 869
374 581
374 756
374 954
374 871
374 599
42 349
42 579
42 219
42 374
42 391
42 456
42 920
42 619
42 495
42 280
42 935
42 713
42 367
42 507
42 630
42 958
42 858
42 74
602 884
602 964
602 684
602 858
602 705
602 773
602 954
602 935
602 840
602 836
507 664
507 971
507 942
507 533
507 759
507 703
507 634
507 643
507 836
507 684
507 720
403 810
403 739
403 770
403 602
403 742
403 839
403 746
403 869
403 625
403 495
403 567
403 633
403 907
403 407
403 598
403 417
403 894
403 733
403 582
705 835
705 782
705 871
705 938
705 721
705 858
705 926
705 954
705 920
705 800
705 909
30 810
30 507
30 374
30 408
30 318
30 718
30 958
30 219
30 150
30 758
30 599
30 63
30 606
30 234
30 140
30 858
30 884
30 918
30 352
30 835
30 500
30 602
30 622
30 993
30 119
30 324
30 920
367 876
367 705
367 791
367 391
367 932
367 598
367 533
367 495
367 878
367 920
367 482
367 616
367 855
367 507
367 869
367 370
106 869
106 582
106 773
106 360
106 533
106 673
106 324
106 250
106 219
106 684
106 858
106 130
106 507
106 735
106 254
106 739
106 544
106 374
533 566
533 900
533 926
533 582
533 632
533 780
533 669
533 791
533 615
533 654
533 600
533 954
533 651
533 743
791 795
791 858
791 868
791 819
791 836
869 993
869 988
869 978
62 219
62 63
62 682
62 721
62 207
62 758
62 618
62 166
62 486
62 869
62 295
62 443
62 954
62 455
62 347
62 430
62 106
62 495
62 569
62 836
62 810
62 843
62 404
62 884
810 878
810 954
920 954
920 975
840 868
840 869
840 954
630 943
630 741
630 778
630 896
630 961
630 937
630 684
630 791
684 690
684 836
684 971
684 793
835 878
835 990
835 965
835 958
835 971
835 960
819 869
819 857
819 929
819 898
819 896
819 878
819 908
819 879
819 871
819 836
18 366
18 495
18 810
18 183
18 467
18 471
18 987
18 971
18 707
18 459
18 86
18 954
18 920
18 646
18 863
18 828
18 324
18 958
18 871
18 618
18 800
18 669
18 829
18 114
18 426
18 926
18 381
18 928
324 810
324 826
324 610
324 971
324 634
324 575
324 680
324 523
324 569
324 550
324 779
324 678
324 402
324 882
324 835
324 630
273 405
273 669
273 920
273 548
273 700
273 819
273 836
273 857
273 308
273 320
273 756
207 684
207 606
207 498
207 417
207 403
207 668
207 533
207 662
207 920
207 396
207 391
207 587
207 938
207 524
971 994
878 987
878 920
858 978
858 879
858 993
858 949
800 938
800 840
800 805
800 971
800 828
86 277
86 835
86 417
86 393
86 635
86 208
86 104
86 429
86 890
86 911
86 920
86 871
86 735
86 382
86 507
86 595
86 209
86 618
86 219
479 803
479 916
479 495
479 733
479 874
479 800
479 839
479 715
479 810
479 542
733 761
733 889
733 788
733 897
733 814
733 819
733 951
102 199
102 138
102 449
102 234
102 411
102 367
102 551
102 718
102 219
102 195
102 839
102 897
102 539
102 619
102 810
102 114
102 781
102 835
102 860
102 618
254 696
254 479
254 954
254 273
254 537
254 285
254 342
254 999
254 869
254 429
254 366
254 458
254 876
252 566
252 387
252 987
252 958
252 443
252 346
252 926
252 871
252 757
252 914
252 495
252 602
252 533
252 462
252 879
252 973
252 725
599 840
599 758
599 977
599 825
599 828
599 602
599 741
209 267
209 630
209 715
209 721
209 277
209 308
209 877
209 855
209 367
209 327
209 234
209 565
209 837
209 891
209 291
209 991
209 887
209 938
209 286
209 908
209 464
209 961
209 400
209 989
871 940
114 920
114 774
114 144
114 819
114 413
114 684
114 602
114 403
114 512
114 878
114 324
114 826
114 391
114 478
84 300
84 193
84 544
84 923
84 602
84 277
84 275
84 248
84 361
84 634
84 993
84 911
84 509
84 273
84 777
84 562
84 879
84 971
84 403
84 144
471 772
471 498
471 869
471 770
774 993
774 839
774 954
879 951
721 883
721 858
721 810
721 857
130 903
130 721
130 475
130 587
130 705
130 348
130 302
130 796
130 250
130 825
130 685
130 147
130 858
130 772
130 582
130 534
130 462
130 201
130 269
130 800
130 289
130 819
130 233
76 435
76 705
76 670
76 810
76 616
76 90
76 417
76 958
76 151
76 791
76 403
76 761
76 898
76 774
76 138
76 576
76 784
76 509
76 212
76 640
76 454
582 889
582 702
582 669
582 826
582 918
582 772
582 993
582 895
582 958
582 761
582 974
250 780
250 894
250 421
250 961
250 434
250 417
250 611
250 254
250 966
250 913
250 733
250 539
250 930
250 403
250 971
622 893
622 754
622 858
622 878
622 643
622 710
622 721
622 655
622 936
391 479
391 954
391 696
391 938
391 495
391 847
391 774
391 732
391 783
391 849
391 993
391 964
673 698
673 954
673 874
673 817
673 802
673 733
673 941
673 828
673 931
618 866
618 877
618 634
618 957
618 980
618 966
618 674
618 879
618 773
166 293
166 512
166 298
166 366
166 444
166 746
166 357
166 962
166 858
166 209
166 942
166 600
166 778
166 855
166 865
772 958
772 982
772 994
449 693
449 920
449 587
449 669
449 879
449 824
449 858
449 778
449 923
449 496
449 727
449 705
517 938
517 871
517 673
517 774
517 807
517 797
517 912
517 684
517 694
517 579
517 636
517 791
517 540
926 956
610 822
610 630
610 721
610 892
610 840
366 721
366 964
366 774
366 944
366 920
366 634
366 705
366 994
366 510
366 482
366 600
366 878
366 861
366 494
426 651
426 551
426 473
426 720
426 765
426 492
758 766
758 877
382 565
382 705
382 449
382 863
382 517
382 492
382 426
382 603
382 879
382 394
382 536
382 799
473 637
473 579
473 583
473 745
473 780
473 958
473 761
473 985
473 540
735 900
735 971
735 857
735 925
735 787
735 841
735 973
735 824
569 758
569 665
569 630
569 595
147 771
147 207
147 595
147 440
147 946
147 855
147 772
147 366
147 257
147 927
147 714
295 735
295 579
295 680
295 421
295 491
295 946
295 622
295 724
295 698
191 797
191 954
191 307
191 920
191 926
191 479
191 858
191 682
191 532
191 379
191 951
191 740
191 193
191 246
191 966
191 545
150 452
150 727
150 835
150 598
150 562
150 826
150 824
150 343
150 692
150 533
150 384
150 367
150 495
150 449
150 273
150 971
150 166
150 920
150 221
150 401
150 366
150 318
195 254
195 381
195 407
195 994
195 965
195 259
195 780
195 362
195 720
195 993
195 885
195 782
195 530
195 512
195 343
195 673
417 841
417 545
417 480
417 771
595 918
595 750
595 669
595 824
595 609
595 828
595 746
595 878
64 796
64 368
64 582
64 469
64 960
64 532
64 134
64 232
64 112
64 186
64 774
64 117
64 602
826 906
826 972
826 938
63 464
63 130
63 630
63 208
63 933
63 848
63 599
63 102
63 804
63 718
63 925
63 829
63 335
63 64
63 803
966 993
107 675
107 551
107 403
107 357
107 169
107 607
107 777
107 879
107 618
107 114
107 636
107 949
107 254
107 525
107 401
107 684
107 832
107 771
107 339
107 696
579 683
579 922
579 994
579 726
579 951
579 986
579 909
215 449
215 729
215 843
215 245
215 768
215 705
215 836
215 857
215 235
215 820
215 783
215 879
215 830
215 244
215 259
215 383
215 689
215 761
215 381
66 953
66 823
66 971
66 209
66 653
66 188
66 768
66 827
66 507
66 869
66 231
66 876
66 958
66 517
66 828
66 877
66 259
66 673
66 871
66 232
828 926
828 849
828 961
828 894
828 993
598 835
598 630
598 954
598 930
598 819
598 855
598 971
598 634
318 857
318 879
318 644
318 781
318 661
318 482
318 471
318 975
318 440
318 913
318 906
318 460
318 561
318 584
318 479
318 355
318 881
360 417
360 686
360 579
360 733
360 616
360 735
360 540
360 926
360 400
360 553
360 430
360 958
360 956
360 655
634 735
634 836
634 894
634 772
634 987
634 728
634 845
615 806
615 871
615 877
615 858
615 798
615 746
401 472
401 792
401 559
401 855
401 780
401 910
401 510
401 432
401 721
401 453
681 780
681 943
681 716
681 909
681 997
681 993
123 932
123 669
123 206
123 568
123 401
123 696
123 986
123 191
123 500
123 619
123 569
123 253
123 533
123 583
123 909
123 161
123 507
123 153
444 866
444 541
444 855
444 646
444 956
444 791
444 979
444 586
444 820
444 601
444 758
444 636
444 745
444 534
938 975
877 895
855 964
824 855
824 831
824 839
824 975
3 973
3 140
3 546
3 855
3 975
3 909
3 455
3 805
3 318
3 362
3 107
3 404
3 424
3 622
3 235
3 271
3 554
3 443
548 951
548 942
548 732
548 884
548 619
636 857
636 954
636 879
636 822
636 874
636 669
636 871
636 711
636 733
636 909
399 512
399 473
399 614
399 616
399 707
399 684
399 598
399 634
399 453
421 717
421 797
421 447
421 615
421 869
421 583
421 977
421 622
421 499
421 598
15 447
15 569
15 168
15 339
15 132
15 61
15 877
15 391
15 762
15 722
15 876
15 201
15 942
201 868
201 911
201 732
201 223
201 920
201 417
201 729
201 550
201 479
857 922
600 929
600 724
600 876
600 745
600 630
221 816
221 252
221 855
221 630
221 672
221 869
221 532
221 960
221 348
221 589
90 994
90 845
90 756
90 954
90 918
90 315
90 473
90 725
90 396
90 857
90 723
90 93
90 594
90 926
90 356
90 669
90 216
90 405
616 860
616 879
616 940
616 937
616 622
616 756
616 689
616 903
447 607
447 499
447 944
447 569
447 628
447 473
447 725
447 669
447 884
447 783
447 717
761 790
761 884
761 990
761 882
453 736
453 967
453 923
453 483
453 687
453 606
453 572
453 985
662 961
662 850
662 966
662 987
662 978
662 665
662 976
839 936
383 755
383 715
383 610
383 586
383 991
383 473
383 721
429 756
429 717
429 705
429 907
429 931
429 595
429 900
429 741
429 587
429 896
429 544
429 849
353 426
353 440
353 746
353 632
353 536
353 810
353 520
144 166
144 632
144 701
144 834
144 562
144 329
144 495
144 969
144 666
144 536
144 401
144 712
144 481
144 891
144 710
144 215
253 883
253 926
253 277
253 613
253 592
253 865
725 891
725 814
404 580
404 435
404 971
404 834
404 987
404 414
404 976
404 554
404 949
343 381
343 484
343 391
343 609
343 374
343 755
343 581
343 524
343 777
780 939
780 884
23 630
23 236
23 426
23 459
23 191
23 66
23 666
23 602
23 836
23 499
23 397
23 315
272 359
272 610
272 446
272 499
272 298
272 745
272 457
272 450
272 812
272 399
272 945
272 720
272 958
272 938
909 918
756 960
756 961
756 855
720 995
720 966
720 911
720 876
720 936
720 910
232 254
232 616
232 339
232 642
232 330
232 590
232 582
232 489
232 854
232 498
232 683
770 975
770 857
770 797
619 686
619 780
619 763
619 733
829 971
829 844
829 909
213 954
213 620
213 284
213 705
213 884
213 618
213 316
213 245
213 668
213 381
213 512
213 672
213 935
213 421
551 710
551 840
551 994
551 770
551 662
551 791
551 824
551 938
551 615
551 693
797 866
797 877
797 836
797 995
797 863
797 826
717 917
717 758
717 994
717 849
78 381
78 455
78 400
78 886
78 311
78 481
78 86
78 453
298 993
298 915
298 978
298 376
298 510
298 778
298 889
298 799
298 803
298 679
277 558
277 654
277 759
277 920
277 533
277 384
277 331
21 324
21 820
21 277
21 836
21 210
21 667
21 364
21 449
21 636
21 607
21 687
21 547
21 240
21 557
21 205
21 845
21 384
21 149
21 917
21 510
679 800
679 773
679 690
669 852
669 752
669 690
669 746
669 681
669 797
669 944
669 720
669 973
642 787
642 793
642 669
642 717
642 918
455 682
455 843
455 508
455 765
455 878
455 613
455 524
455 673
455 592
455 605
455 721
455 978
356 533
356 829
356 413
356 910
356 807
356 539
356 920
356 607
356 640
110 871
110 114
110 855
110 572
110 393
110 642
110 616
110 906
110 845
110 403
110 700
110 878
110 611
110 903
110 249
110 773
110 988
110 479
110 276
110 426
47 579
47 541
47 471
47 346
47 193
47 933
47 234
47 548
47 582
47 239
47 426
47 575
47 370
79 923
79 513
79 98
79 541
79 675
79 195
79 598
79 731
79 758
79 954
79 517
79 107
79 696
79 116
79 370
79 106
79 80
79 286
498 857
498 551
498 843
498 659
498 846
498 690
498 670
498 720
498 721
629 899
629 875
629 630
629 763
629 869
629 819
629 888
629 809
629 980
629 689
629 716
654 932
654 845
654 857
654 842
459 850
459 634
459 588
459 855
459 517
459 639
459 820
459 900
459 541
459 858
935 958
710 894
710 830
710 773
710 966
710 885
710 897
666 946
666 888
666 718
666 792
666 925
74 884
74 106
74 471
74 222
74 804
74 910
74 378
74 477
74 360
74 782
74 418
74 690
74 800
74 636
74 209
74 505
74 806
74 302
330 879
330 863
330 837
330 994
330 913
330 587
330 925
330 741
330 823
28 243
28 547
28 180
28 544
28 598
28 853
28 804
28 896
28 105
28 215
28 213
28 918
28 115
117 702
117 292
117 834
117 454
117 439
117 807
117 950
117 975
117 533
117 909
117 127
117 609
680 993
680 897
680 682
680 768
680 836
680 715
680 840
680 874
680 920
778 834
778 879
524 749
524 536
524 649
718 837
718 828
718 833
718 987
609 951
609 633
609 985
180 279
180 556
180 250
180 599
180 507
180 840
180 302
226 803
226 583
226 910
226 455
226 447
226 653
226 619
226 229
226 884
342 725
342 916
342 483
342 807
342 748
342 636
553 909
553 935
553 615
553 618
553 804
200 660
200 534
200 614
200 211
200 450
200 994
200 729
200 295
200 425
696 758
696 794
153 918
153 598
153 975
153 829
153 714
153 193
153 810
153 660
153 286
153 350
153 161
834 973
834 896
161 458
161 651
161 755
161 645
161 430
161 594
161 447
161 973
161 581
161 719
161 850
161 809
161 198
161 469
161 539
161 272
161 955
700 761
700 837
913 987
956 993
489 658
489 869
489 906
489 595
489 986
489 679
489 884
874 963
874 879
346 449
346 840
346 599
346 435
346 348
346 606
346 946
326 410
326 856
326 405
326 533
326 828
326 473
326 536
326 450
326 806
326 522
326 383
512 854
512 963
512 515
512 956
512 840
825 958
825 853
825 894
825 990
561 791
561 741
561 679
561 599
561 836
561 681
561 606
561 847
561 581
561 889
118 215
118 459
118 866
118 309
118 718
118 761
118 488
118 429
118 242
118 897
118 319
118 258
118 519
118 879
494 789
494 855
494 724
494 600
659 828
659 860
659 777
659 908
659 930
659 677
659 772
193 326
193 523
193 828
193 253
193 966
193 221
193 551
193 810
95 449
95 851
95 539
95 154
95 862
95 874
95 787
95 432
690 859
690 986
690 817
690 979
980 994
715 854
715 978
715 879
715 915
715 800
320 382
320 380
320 770
320 572
320 756
320 669
320 346
320 366
320 855
467 933
467 566
467 698
467 701
467 858
467 548
467 900
467 987
467 878
539 849
539 554
539 619
539 994
539 562
393 633
393 825
393 592
393 402
946 987
234 379
234 945
234 761
234 854
234 829
234 239
234 261
234 450
234 298
234 330
903 912
304 757
304 673
304 374
304 507
304 358
304 356
304 583
304 570
304 774
304 635
304 362
304 899
304 346
304 569
304 980
304 482
357 453
357 442
357 969
357 746
843 903
843 937
534 836
534 546
534 607
534 820
119 879
119 940
119 778
119 673
119 205
119 267
119 130
119 328
119 763
119 235
119 909
119 197
119 423
119 386
541 569
541 964
541 701
541 814
541 986
541 886
284 712
284 743
284 518
284 654
284 930
917 966
592 596
592 819
592 710
592 969
592 881
592 868
611 761
611 653
611 641
611 871
611 744
611 987
596 949
596 669
596 826
238 505
238 473
238 600
238 749
238 250
238 568
238 347
238 930
238 316
238 828
238 739
238 572
488 771
488 660
488 885
488 704
488 563
488 920
488 766
434 484
434 547
434 843
434 660
434 622
434 447
434 599
483 666
483 914
483 844
483 659
483 829
660 720
347 380
347 599
347 449
347 403
347 510
347 866
412 596
412 895
412 591
412 611
412 794
412 571
309 367
309 417
309 746
309 552
309 546
309 467
309 353
309 614
309 379
309 758
400 987
400 484
400 679
400 471
777 891
777 985
149 850
149 187
149 765
149 903
149 443
149 980
149 762
149 695
233 398
233 637
233 504
233 621
233 931
233 308
233 960
233 949
340 347
340 800
340 484
340 874
340 630
482 778
482 858
482 942
482 920
482 760
482 748
482 555
37 336
37 778
37 836
37 725
37 360
37 221
37 56
37 946
37 232
37 257
37 478
348 889
348 993
348 868
348 701
348 449
348 901
348 494
348 541
348 544
348 597
348 397
771 850
771 915
771 936
72 979
72 890
72 386
72 466
72 771
72 197
72 994
72 174
530 916
530 828
530 987
302 984
302 750
302 656
302 854
302 362
302 357
302 577
302 589
302 495
845 979
845 868
845 962
142 480
142 491
142 335
142 825
142 321
142 684
142 302
142 904
142 474
142 637
142 945
384 746
384 418
384 633
384 844
384 540
384 635
384 956
231 374
231 756
231 579
231 413
231 651
231 816
231 436
231 855
231 587
231 823
231 771
231 926
895 917
137 581
137 579
137 423
137 353
137 199
137 548
137 556
137 944
137 580
137 942
137 641
745 840
36 719
36 70
36 929
36 517
36 849
36 986
36 856
36 473
36 171
36 936
259 492
259 269
259 820
259 509
259 696
259 777
362 369
362 676
362 499
362 711
362 840
362 489
362 423
362 956
362 837
362 822
362 397
820 998
820 987
820 930
820 912
381 397
381 612
381 944
381 740
381 688
381 877
381 692
379 730
379 406
379 912
379 778
544 902
544 845
544 670
544 786
145 536
145 342
145 653
145 598
145 289
145 512
145 618
145 150
973 983
436 533
436 600
436 857
436 807
436 587
170 518
170 998
170 205
170 489
170 679
170 902
170 431
134 936
134 447
134 848
134 867
134 439
134 647
587 843
587 991
587 872
928 956
928 980
536 679
536 922
536 578
536 799
536 585
536 681
536 622
536 682
443 574
443 909
443 578
443 811
443 922
443 490
443 804
443 642
248 674
248 715
248 970
380 990
380 783
380 466
380 468
380 863
714 721
714 777
714 738
714 791
714 801
850 861
850 871
850 942
614 705
614 989
614 731
614 924
614 884
614 843
614 966
916 972
140 987
140 647
140 304
140 826
140 495
140 774
140 314
140 590
140 401
140 597
140 813
140 785
140 862
140 661
773 987
773 965
773 778
786 804
786 812
786 993
786 823
950 958
949 950
249 278
249 947
249 715
249 320
249 272
249 536
554 690
554 869
554 866
554 627
554 783
572 712
572 911
572 824
572 823
572 681
572 922
349 839
349 409
349 684
349 889
349 797
349 950
349 466
349 650
349 892
349 567
349 827
349 688
61 89
61 733
61 598
61 473
61 678
61 200
61 348
61 586
61 266
61 994
61 323
43 226
43 298
43 419
43 173
43 572
43 125
43 860
43 273
43 913
43 905
43 672
43 480
597 855
597 724
339 949
339 694
339 469
339 683
91 524
91 255
91 161
91 442
91 519
91 761
91 546
91 607
91 367
35 276
35 461
35 191
35 99
35 733
35 894
35 694
35 469
35 322
35 481
612 877
612 952
612 684
612 994
612 772
922 924
942 996
222 302
222 375
222 719
222 494
222 878
222 774
222 373
222 928
222 712
222 831
222 481
484 688
484 783
484 752
484 871
484 569
484 692
484 522
484 737
450 641
450 733
450 772
450 826
450 908
450 618
450 760
450 676
450 771
423 832
423 764
423 835
423 912
423 826
423 806
423 833
693 989
693 834
693 924
693 828
405 616
405 447
405 536
405 517
405 777
55 548
55 723
55 894
55 783
55 359
55 426
55 982
55 309
558 710
558 751
607 803
607 722
607 985
607 984
607 920
607 878
116 539
116 355
116 936
116 826
116 575
116 180
116 832
116 911
116 804
116 693
116 227
116 634
116 873
116 178
651 709
651 911
651 968
651 800
244 744
244 454
244 440
244 761
244 252
244 602
244 506
244 457
244 581
244 841
244 843
244 369
741 761
741 811
741 773
741 900
328 658
328 553
328 566
328 446
328 829
328 945
328 895
328 890
328 930
308 974
308 863
308 350
308 400
308 549
308 422
308 783
308 964
308 694
308 954
308 592
613 886
613 682
188 276
188 490
188 515
188 961
188 690
188 436
188 440
188 382
4 137
4 23
4 747
369 622
369 958
369 773
369 831
369 404
724 741
724 939
724 931
794 815
794 899
509 650
509 757
509 923
783 877
783 886
783 960
293 447
293 932
293 555
293 461
167 918
167 837
167 799
167 951
167 723
167 336
167 662
205 978
205 316
205 406
205 372
205 947
205 783
205 662
128 708
128 362
128 864
128 259
128 862
128 661
128 978
128 400
128 481
128 709
128 790
128 634
128 186
146 308
146 964
146 980
499 677
499 608
499 800
499 990
53 876
53 975
53 568
53 488
53 291
866 918
38 591
38 508
38 933
38 518
38 318
38 251
38 766
319 797
319 710
319 347
319 441
319 335
319 946
319 741
319 644
386 834
386 508
386 700
386 542
386 788
386 634
606 705
606 699
606 669
606 703
183 780
183 254
183 508
183 293
183 691
183 874
183 788
143 877
143 492
143 206
143 866
143 849
143 760
143 799
143 693
143 532
143 845
581 908
581 657
581 911
694 817
694 806
694 998
138 925
138 436
138 223
138 858
138 772
804 867
804 935
804 838
54 406
54 91
54 489
54 873
54 921
54 108
54 466
54 404
54 680
54 140
54 368
54 58
212 932
212 426
212 984
212 495
212 379
212 273
212 482
212 824
1 720
1 265
1 898
1 33
1 226
1 805
1 50
1 487
1 72
368 454
368 615
368 666
368 410
712 760
712 728
712 825
712 883
712 884
441 651
441 758
441 539
441 797
441 850
441 567
683 993
314 586
314 394
314 886
314 823
314 616
314 391
314 816
314 917
314 988
314 956
314 902
5 596
5 607
5 708
5 678
5 461
5 219
5 447
5 493
5 834
5 916
5 602
5 683
5 446
863 961
863 947
805 911
805 932
805 962
440 909
440 668
440 581
440 656
440 569
520 826
520 594
520 597
520 725
458 487
458 714
458 699
653 928
653 778
653 824
653 929
653 774
653 680
136 213
136 264
136 714
136 489
136 648
136 684
136 653
136 362
136 379
136 392
390 624
390 482
390 714
390 457
481 564
481 912
481 911
481 789
481 772
481 966
481 582
481 910
481 610
481 990
891 956
67 628
67 124
67 620
67 186
67 669
67 625
67 777
832 935
641 775
641 900
641 835
641 741
641 691
881 938
849 923
849 928
402 805
402 944
402 451
402 495
402 592
224 396
224 622
224 268
224 343
224 448
224 721
224 387
224 326
224 578
446 886
446 797
446 705
446 532
446 597
446 830
446 559
446 803
446 763
446 938
446 526
171 881
171 697
171 490
171 845
171 897
171 842
171 757
171 664
171 522
171 758
171 353
171 458
931 940
526 684
526 807
526 893
526 983
526 886
766 899
766 792
643 839
643 938
643 804
265 645
265 746
265 618
265 951
265 966
265 778
265 848
265 899
265 324
460 491
460 565
460 897
460 579
460 844
460 918
460 796
460 596
460 524
16 664
16 250
16 634
16 548
16 143
16 434
16 550
100 152
100 143
100 942
100 682
100 577
100 375
100 824
100 524
100 849
100 551
211 357
211 541
211 280
211 872
211 480
25 746
25 700
25 409
25 390
25 501
25 335
25 444
821 869
821 866
861 951
748 794
748 782
748 904
126 303
126 881
126 810
126 857
126 635
126 189
126 848
126 951
126 254
126 413
235 524
235 404
235 937
235 899
235 426
235 774
235 530
235 400
480 572
480 820
480 663
398 517
398 447
398 533
398 510
398 845
398 933
398 931
398 751
268 569
268 687
268 393
268 857
590 760
590 966
98 493
98 560
98 510
98 129
98 913
98 238
98 807
98 867
98 840
98 552
98 738
750 928
750 912
902 926
276 887
276 707
276 498
276 327
276 751
300 616
300 521
300 449
300 890
300 380
300 861
300 587
300 632
300 922
300 804
300 810
65 178
65 789
65 328
65 278
65 562
65 768
65 330
65 190
65 760
65 642
49 511
49 387
49 582
49 622
49 713
49 224
49 226
49 357
217 397
217 868
217 660
217 706
217 512
217 469
217 592
217 443
217 570
217 327
923 934
245 520
245 568
245 660
245 715
245 304
245 998
245 597
962 999
532 885
532 911
532 821
532 860
532 577
532 683
532 763
713 894
713 965
713 942
392 886
392 764
392 801
392 867
392 843
392 426
9 701
9 423
9 700
9 427
9 951
9 75
9 444
9 566
737 887
737 980
737 992
583 863
583 894
583 884
56 340
56 480
56 191
56 229
56 951
56 549
56 426
56 436
56 274
56 301
56 690
751 837
751 884
695 779
695 960
594 606
763 764
763 958
763 899
763 783
24 962
24 144
24 126
24 829
24 500
24 652
24 981
24 567
24 128
24 926
24 288
24 540
24 717
24 123
24 36
807 912
397 638
397 863
397 577
397 667
397 491
397 580
397 614
397 692
547 904
547 855
547 830
547 718
547 782
547 898
410 860
410 695
410 933
410 448
410 454
410 978
410 863
26 147
26 302
26 466
26 405
26 763
26 308
285 870
285 446
285 949
285 964
285 746
285 925
285 397
157 168
157 757
157 719
157 272
157 289
157 621
157 817
157 827
157 779
157 864
157 273
157 818
157 369
109 254
109 686
109 630
109 368
109 951
109 913
504 720
504 636
139 257
139 295
139 250
139 330
139 338
139 444
139 943
139 731
578 890
578 771
578 849
578 750
578 823
578 725
394 501
394 596
394 810
394 584
394 491
394 822
394 870
868 943
10 457
10 759
10 119
10 726
10 604
10 81
10 67
10 231
10 622
10 110
176 847
176 256
176 525
176 848
176 417
50 502
50 727
50 381
50 166
50 911
50 786
50 532
50 741
50 108
50 565
50 321
50 334
89 717
89 100
89 330
89 472
89 227
89 892
89 596
664 899
664 998
435 436
435 963
435 710
435 757
435 774
108 217
108 657
108 145
108 586
108 517
108 207
223 667
223 701
223 929
223 767
223 741
223 742
223 696
223 450
223 662
223 275
755 946
755 892
586 657
586 808
586 629
586 595
124 760
124 262
124 868
124 827
124 666
286 995
286 408
286 453
286 368
286 966
286 609
286 491
286 489
286 412
6 419
6 679
6 944
6 259
6 305
6 329
6 219
6 89
6 200
577 979
577 756
577 793
577 860
688 834
688 791
490 971
490 777
490 938
490 533
490 800
490 772
937 985
430 471
430 808
430 761
430 910
430 916
430 631
430 444
430 483
430 524
430 652
796 984
239 779
239 890
239 990
620 899
620 863
620 915
620 904
620 635
620 982
422 896
422 890
422 959
422 579
422 937
422 843
749 884
749 807
749 827
749 784
749 833
749 887
13 878
13 104
13 546
13 248
13 981
174 961
174 669
174 667
174 791
174 986
59 401
59 779
59 754
59 582
59 270
59 421
59 535
59 666
59 247
59 922
59 869
59 600
59 946
105 529
105 348
105 717
105 336
105 322
906 946
746 873
746 987
746 784
358 927
358 928
358 741
358 653
358 705
568 655
568 709
568 931
568 604
568 801
702 749
702 760
335 787
335 849
335 655
335 826
335 493
335 958
335 627
335 925
335 659
965 976
965 966
965 983
433 784
433 722
433 455
433 568
220 814
220 319
220 543
220 722
220 446
220 426
220 354
220 297
220 410
94 690
94 326
94 932
94 848
94 362
94 714
94 130
311 886
311 798
311 339
311 807
311 867
311 426
466 997
466 609
179 695
179 338
179 457
179 953
179 483
179 782
179 374
452 860
452 771
452 744
452 570
452 807
452 543
413 886
413 823
413 427
413 859
413 849
413 551
413 734
413 634
70 829
70 991
70 872
70 641
70 403
70 326
70 767
70 706
70 296
70 519
806 852
806 965
288 680
288 540
288 923
288 693
288 528
288 546
297 585
297 333
297 998
297 966
297 994
297 317
563 638
563 680
563 902
57 572
57 339
57 860
57 964
57 726
57 388
57 880
57 872
57 224
264 736
264 372
264 620
264 728
264 542
264 889
264 319
291 952
291 795
291 749
291 612
291 427
291 956
671 962
671 688
305 545
305 321
305 889
305 660
305 467
316 564
316 841
316 971
316 922
316 498
316 518
316 758
316 804
316 839
486 565
486 632
486 781
486 579
644 780
644 699
644 785
644 671
303 869
303 341
303 802
303 654
303 830
303 772
303 846
303 914
303 488
181 608
181 200
181 420
181 615
152 387
152 498
152 600
152 778
152 894
152 175
152 342
152 159
152 783
152 732
760 869
760 974
566 994
566 941
566 936
542 916
542 899
542 629
542 828
280 693
280 422
280 368
280 768
280 845
280 975
280 600
280 577
92 879
92 610
92 110
92 885
92 161
92 133
92 946
243 301
243 519
243 895
243 739
243 409
243 423
243 615
243 316
632 771
632 730
632 810
632 919
656 964
656 951
656 982
580 936
341 403
341 926
341 931
341 645
518 970
518 642
518 965
518 687
955 997
103 987
103 876
103 478
103 232
103 375
103 544
103 473
103 143
899 973
899 980
899 986
625 781
625 646
932 986
932 936
240 933
240 500
240 584
240 582
984 993
752 903
752 827
752 756
93 989
93 123
93 277
93 191
93 521
93 502
93 760
111 799
111 984
111 853
111 190
111 482
111 962
111 522
111 667
111 311
111 836
822 984
510 955
510 881
510 936
97 994
97 177
97 961
97 370
97 763
97 696
97 412
97 207
129 485
129 144
129 793
129 478
129 966
129 399
129 304
129 533
129 625
129 594
129 264
129 362
469 777
469 664
424 986
424 585
424 688
424 636
424 700
424 630
424 587
424 952
424 755
550 853
550 867
550 729
550 679
550 618
550 893
491 885
491 582
491 655
491 921
491 961
351 594
351 922
351 698
351 878
351 370
525 682
525 673
525 645
525 912
525 725
492 867
492 694
492 793
650 656
650 815
477 909
175 236
175 631
175 443
175 702
175 388
175 909
175 601
175 622
175 523
175 911
175 522
175 594
508 690
508 876
508 533
44 785
44 452
44 575
44 141
44 803
44 459
44 180
44 345
44 361
575 875
575 619
575 784
704 804
704 745
704 748
82 693
82 918
82 331
82 466
82 90
768 999
768 907
768 857
71 447
71 665
71 609
71 350
71 268
604 822
604 755
604 606
604 877
313 865
313 970
313 765
313 713
313 545
313 941
313 898
313 463
313 838
228 233
228 769
228 791
228 853
228 526
228 566
228 976
99 421
99 919
99 980
99 655
99 316
99 157
99 540
99 194
214 549
214 618
214 311
214 931
214 481
312 792
312 823
312 469
312 967
779 957
779 954
199 214
199 787
199 490
199 257
904 957
823 954
823 923
823 882
823 972
823 936
621 733
621 636
621 860
186 467
186 334
186 616
186 607
635 946
635 951
635 771
635 717
229 374
229 743
229 442
229 449
229 499
229 864
229 417
411 894
411 699
411 915
411 676
411 495
411 828
411 489
236 720
236 890
236 995
236 727
236 991
236 547
236 391
236 533
292 788
292 524
292 529
292 620
292 386
292 899
292 545
747 829
409 877
409 780
409 505
549 811
549 805
549 946
549 780
549 897
549 712
682 925
682 941
682 853
225 591
225 576
225 777
225 358
225 549
225 924
225 534
88 922
88 194
88 362
88 470
88 192
88 451
88 955
88 453
88 729
88 205
88 946
88 364
12 221
12 246
12 737
12 585
12 210
12 919
12 370
12 589
177 613
177 649
564 969
564 637
317 894
317 571
317 385
317 769
317 617
317 510
317 374
317 544
361 544
361 584
361 916
802 859
802 989
802 868
169 829
169 311
169 501
169 373
169 708
169 824
169 303
122 715
122 579
122 628
122 168
122 571
122 756
122 468
122 330
817 858
540 721
540 976
540 715
638 916
638 878
638 946
354 427
354 718
354 782
354 881
354 431
354 496
354 734
354 862
808 915
808 860
196 308
196 845
196 783
196 544
196 701
196 922
196 222
196 979
461 827
461 783
461 855
461 665
461 500
461 841
461 866
461 729
461 574
461 895
310 553
310 382
310 797
310 964
310 836
310 708
310 367
585 799
585 977
803 942
803 812
927 991
927 951
345 426
345 746
345 997
345 721
345 953
345 719
345 784
345 664
345 946
246 326
513 923
552 732
552 564
552 841
552 774
727 969
727 821
711 839
711 848
197 899
197 978
197 666
197 291
197 950
197 912
197 865
854 926
854 963
678 919
678 982
371 726
371 443
371 926
371 712
371 994
371 509
809 879
729 776
729 775
729 846
267 596
267 297
267 716
267 697
267 629
565 620
414 986
414 984
414 600
637 647
637 758
637 761
637 701
637 948
637 951
141 462
141 656
141 835
141 752
141 599
141 618
141 350
141 281
633 878
633 719
208 756
208 595
732 853
344 615
344 823
344 919
344 466
344 966
344 416
344 865
437 892
437 652
437 851
437 594
437 587
437 515
888 915
888 919
888 924
294 785
294 773
294 693
827 940
562 900
562 685
562 577
562 715
687 984
601 721
601 842
601 988
601 673
601 841
601 719
33 455
33 908
33 501
33 105
33 894
859 985
859 972
96 922
96 623
96 690
241 325
241 407
241 323
241 605
241 367
241 802
241 459
744 915
545 870
545 930
210 327
210 282
210 264
210 706
210 518
210 621
210 663
406 567
406 477
406 811
406 453
262 867
262 821
262 562
262 861
262 890
189 380
189 504
189 592
189 293
189 677
189 448
189 932
189 488
189 725
189 834
104 549
104 417
104 819
104 470
657 999
657 828
657 709
657 962
162 718
271 614
271 711
271 577
271 334
271 626
271 336
707 783
734 752
734 809
603 680
603 737
603 801
603 724
543 844
543 779
206 460
206 993
206 713
206 247
206 375
40 770
40 975
40 203
40 868
40 455
40 225
833 991
833 974
833 946
833 971
408 640
408 815
408 941
408 896
52 619
52 317
52 181
52 979
52 443
52 929
570 595
570 636
416 857
416 754
416 998
321 809
321 398
321 512
321 416
812 980
812 922
500 518
7 950
7 14
7 619
7 348
7 699
7 429
841 864
338 596
338 829
338 993
338 436
882 997
882 897
882 975
439 581
439 807
439 626
439 864
439 721
439 906
439 643
943 952
943 989
270 409
270 433
270 740
270 972
270 720
270 811
363 544
363 802
363 634
363 884
363 840
363 506
775 808
115 477
115 461
115 217
115 558
115 371
115 882
501 973
501 707
501 977
501 838
256 624
256 933
256 447
256 609
256 678
256 687
814 825
814 983
258 790
258 348
258 358
258 992
731 770
731 997
940 996
739 825
739 839
325 517
325 917
325 602
325 872
14 466
14 91
14 130
14 998
14 509
14 992
14 623
14 382
14 20
14 35
14 722
14 188
14 101
14 115
14 603
14 184
373 678
373 663
373 598
373 763
373 418
373 644
395 403
395 816
395 507
395 418
242 931
242 684
242 762
242 683
242 985
420 829
420 812
420 990
420 481
420 737
420 487
420 738
420 697
336 615
336 404
336 634
816 992
375 658
375 792
375 538
375 786
723 867
723 935
448 707
448 653
448 504
722 766
81 150
81 655
81 896
589 758
589 904
589 957
589 915
589 677
726 985
202 367
202 766
202 744
202 634
202 597
202 713
202 604
202 276
831 958
831 982
661 730
661 714
661 930
709 793
709 936
19 601
19 819
19 414
19 962
19 257
769 962
87 905
87 679
87 953
87 336
87 920
87 156
472 869
472 602
645 994
645 932
645 706
519 837
519 653
154 337
154 349
154 384
154 344
945 954
546 674
546 862
546 999
852 902
852 964
852 955
438 558
438 806
941 950
327 602
327 772
327 336
327 669
327 767
132 414
132 380
132 664
132 255
132 675
132 530
431 462
431 519
431 557
431 902
365 746
365 949
365 933
365 479
306 567
306 779
306 323
306 960
306 616
306 409
663 964
263 841
263 609
263 634
263 887
263 873
263 575
263 546
263 548
263 381
263 285
263 791
263 400
266 643
266 420
266 341
266 911
266 934
754 924
754 756
624 740
624 859
624 681
41 914
41 672
41 928
41 163
41 877
41 136
41 267
41 789
41 377
427 947
427 780
148 489
148 974
148 325
148 540
148 178
0 618
0 836
0 248
0 112
0 246
278 333
278 553
278 768
627 905
627 815
627 799
627 847
649 844
588 882
588 826
588 762
588 959
588 705
588 772
914 923
914 962
29 626
29 873
29 578
29 85
29 256
20 383
20 252
20 325
20 105
20 763
237 984
237 488
323 938
323 401
323 806
323 837
506 616
506 888
573 682
573 574
573 657
281 490
281 886
281 767
281 703
281 985
281 587
281 873
281 994
22 581
22 938
22 358
623 912
623 784
497 779
497 921
296 841
296 818
296 865
296 620
296 707
178 273
178 795
178 276
178 732
178 212
178 287
364 883
364 427
364 523
531 702
531 550
531 884
531 823
531 817
48 987
48 360
48 219
48 313
48 662
48 55
48 168
48 50
48 668
48 238
48 371
48 794
48 669
48 901
8 206
8 926
8 333
8 753
8 415
192 371
192 815
493 860
493 716
798 989
251 291
251 864
251 415
251 336
251 682
251 602
287 460
287 821
287 401
287 554
287 464
287 577
287 732
168 354
168 490
168 425
168 904
168 181
133 416
133 679
133 545
133 809
133 815
125 310
125 950
125 741
125 227
125 162
419 959
419 775
419 939
419 580
631 655
631 731
631 768
631 780
557 949
557 942
557 945
557 798
227 843
227 880
227 652
227 403
227 648
227 526
870 979
120 847
120 509
120 544
218 411
218 301
218 620
359 975
463 861
463 730
463 778
463 821
463 890
463 793
691 919
691 890
691 735
355 724
355 657
355 472
515 870
515 538
515 871
515 676
776 962
46 720
46 529
46 763
46 555
46 411
46 525
46 429
753 976
674 718
674 795
674 791
674 761
674 870
692 820
692 717
692 737
692 838
692 981
818 921
385 885
385 830
385 534
301 402
301 379
301 668
301 536
131 384
131 816
131 552
131 960
131 450
131 146
665 891
665 780
665 794
665 681
665 835
719 728
719 981
415 574
158 903
158 746
158 559
418 440
275 359
275 487
275 397
275 623
77 361
77 336
77 930
77 436
77 345
77 428
388 473
388 396
388 636
388 642
388 915
476 583
476 879
476 787
307 645
307 597
947 981
194 863
194 271
194 383
194 744
194 611
194 751
32 338
32 606
32 892
32 54
32 513
32 107
32 263
32 328
32 834
32 215
767 927
767 991
767 944
781 810
781 826
640 852
639 788
639 894
639 808
757 771
851 915
728 752
728 814
703 830
703 808
204 938
204 354
204 949
204 945
204 226
204 502
204 624
522 610
522 960
522 776
522 981
165 348
165 528
165 928
165 984
34 237
34 899
34 85
156 812
156 639
156 962
156 309
156 558
156 390
156 594
156 883
456 487
456 553
559 787
559 987
559 918
559 772
559 827
559 563
559 978
260 305
260 386
260 402
260 818
260 737
260 278
260 448
260 939
101 155
112 499
112 320
112 682
112 502
112 739
112 428
173 754
173 613
173 932
173 790
173 662
173 863
173 701
173 949
173 941
785 932
785 953
261 928
261 335
261 512
261 426
261 828
261 689
85 439
85 371
85 369
85 897
85 892
85 354
85 147
135 878
135 423
135 712
135 501
135 575
135 715
475 845
475 963
475 947
454 738
454 870
699 978
699 889
699 744
442 559
442 637
27 528
27 887
425 986
425 967
425 634
425 702
425 544
425 608
425 552
591 700
730 807
730 887
730 949
730 917
485 599
485 975
198 867
198 577
676 764
676 899
676 955
523 775
523 781
838 992
80 907
80 642
80 418
80 224
80 385
80 595
80 939
80 214
75 119
75 274
75 538
75 249
75 915
75 584
75 382
269 343
269 469
269 960
378 681
378 964
378 753
378 982
929 964
929 938
445 937
445 771
697 997
697 804
697 906
511 770
511 637
468 961
468 839
468 518
468 715
468 973
689 722
689 851
689 837
478 777
478 924
474 733
474 605
474 632
474 935
474 991
474 680
474 981
765 815
83 934
83 954
83 807
83 635
83 308
83 241
83 215
350 906
350 573
350 400
350 992
350 624
350 528
350 805
350 939
350 515
350 858
350 558
350 901
571 993
571 949
738 844
738 740
290 655
290 674
290 970
290 645
290 695
290 729
514 704
279 762
279 367
279 628
279 510
279 906
370 802
370 512
370 918
370 497
370 865
2 482
2 853
2 875
2 176
2 343
686 771
686 734
17 621
17 920
17 453
17 921
17 136
432 770
432 437
432 551
432 849
503 908
503 785
503 877
187 423
187 690
187 285
187 833
187 479
164 752
164 435
329 810
329 432
329 779
329 340
329 438
329 536
608 646
608 811
608 885
759 906
759 784
389 701
389 819
389 770
389 880
389 992
389 535
389 397
389 901
389 407
617 883
617 850
617 856
529 868
529 703
529 616
529 898
315 681
315 350
315 949
315 898
315 717
487 600
487 979
464 869
605 744
185 401
185 754
185 795
185 186
185 794
289 531
289 935
289 392
289 614
289 753
289 426
289 967
451 995
451 504
451 651
560 683
560 937
560 616
813 846
216 831
216 654
216 369
216 737
216 483
470 911
470 476
470 583
470 558
470 966
470 501
470 952
516 654
516 593
516 902
516 800
516 948
626 674
626 892
160 712
160 307
160 484
160 754
160 357
521 894
521 770
521 862
521 627
184 711
184 405
396 490
396 649
396 530
396 964
502 639
502 546
230 832
230 873
230 815
465 513
465 741
830 872
743 809
743 852
658 727
658 672
658 772
968 992
255 416
255 511
255 658
255 448
255 734
901 993
39 908
39 293
39 841
39 894
39 343
647 733
647 760
172 329
172 679
172 259
172 543
742 863
247 977
247 251
537 579
537 731
537 871
299 680
299 874
299 502
299 739
299 930
299 605
815 964
815 923
127 651
127 944
127 626
127 932
535 584
535 886
535 976
332 808
332 744
332 797
332 620
332 465
331 609
331 830
376 554
376 583
376 931
376 689
31 285
31 628
121 290
121 443
121 153
121 745
121 836
121 392
121 547
121 145
58 567
58 905
58 380
58 504
58 273
113 207
113 910
113 736
113 936
576 888
576 761
905 937
51 646
51 730
51 243
51 488
51 960
45 344
45 91
45 931
45 510
45 622
45 289
45 155
706 840
706 921
203 983
203 974
203 865
574 997
574 852
574 815
334 604
334 428
334 462
795 806
668 783
668 996
668 771
584 916
584 905
496 688
496 872
670 770
282 701
282 662
842 854
652 721
652 661
652 937
352 818
352 921
352 680
352 588
352 830
352 363
789 875
428 982
428 584
428 908
875 894
527 614
527 625
527 720
527 986
527 574
527 779
528 656
528 678
528 944
274 319
274 437
274 569
274 697
457 893
457 657
457 976
457 652
257 425
257 614
257 321
257 620
182 438
182 561
182 893
182 567
182 377
182 631
182 905
182 622
182 626
73 626
73 701
73 107
648 840
648 715
68 497
68 596
68 863
68 575
68 156
68 290
68 771
762 796
675 813
675 969
716 945
555 632
555 987
593 715
593 926
593 721
556 978
322 438
322 606
538 982
538 547
538 701
646 725
372 743
372 803
372 514
372 736
505 940
505 742
505 911
790 923
159 392
159 607
159 945
159 583
159 572
159 633
856 921
856 876
387 818
387 630
11 18
11 216
11 641
11 754
283 309
283 820
283 989
69 829
69 394
69 630
69 338
69 996
69 370
163 680
163 336
163 672
655 724
462 610
462 992
155 642
155 496
155 755
155 758
155 188
60 953
60 312
60 296
60 635
939 969
190 253
190 854
190 647
377 952
377 932
377 733
377 702
377 974
151 406
151 951
151 822
151 600
151 965
151 980
719 222 302 984 687 268 569 123 932 189 380 990 825 958 360 417 201 868 943 952 612 877 409 243 301 402 805 1 720 504 451 88 922 300 616 232 254 106 869 374 533 356 829 169 311 111 799 382 565 209 166 293 183 780 473 637 142 480 211 357 453 399 512 145 536 679 87 905 627 335 261 928 750 595 208 756 577 271 194 863 742 403 110 871 940 931 673 455 682 573 574 997 731 139 257 425 986 527 614 705 835 598 61 89 717 105 28 547 121 290 655 491 295 735 634 202 367 279 762 796 460 287 821 463 861 951 733 761 118 215 449 693 989 283 309 156 812 420 481 144 632 771 850 459 588 882 897 85 29 626 182 438 329 6 419 959 422 280 368 454 738 844 483 216 90 994 97 177 613 886 413 231 579 537 683 993 206 143 16 664 132 414 404 62 219 878 810 18 366 721 439 117 702 531 550 853 732 152 387 818 921 497 779 957 904 589 758 316 564 552 131 384 746 873 263 32 338 596 949 233 398 517 938 204 354 427 947 981 522 326 94 690 554 376 583 304 757 252 20 383 755 946 92 879 636 857 126 303 341 266 643 839 349 684 507 395 816 992 258 790 173 754 622 893 457 272 359 275 223 667 21 324 826 797 770 670 76 435 436 600 929 964 57 572 159 392 289 130 903 149 187 423 832 935 602 327 217 397 638 916 430 161 458 487 456 42 391 114 920 482 318 30 408 640 852 806 795 178 65 789 494 348 221 37 336 163 41 914 923 823 954 191 307 160 712 371 726 10 759 906 697 267 119 778 773 618 866 347 599 180 556 137 581 343 195 381 213 620 67 628 122 715 680 768 66 953 345 426 47 541 79 513 465 741 125 310 553 909 175 236 890 72 979 196 308 974 760 93 277 558 710 894 55 548 467 933 240 500 461 5 607 803 446 532 885 385 80 907 429 7 950 941 313 865 253 883 617 317 571 412 895 582 889 264 736 113 207 108 657 999 546 3 973 501 707 448 260 305 545 870 674 248 84 193 523 364 775 808 586 629 899 265 645 525 46 529 703 830 352 363 544 103 987 913 109 686 619 763 26 147 440 188 276 887 749 884 751 837 323 241 83 934 807 526 228 769 962 845 171 881 510 401 472 355 724 597 245 520 353 594 437 274 75 538 982 656 650 509 259 128 708 362 369 157 168 490 971 800 479 495 774 235 524 292 788 386 834 688 484 783 205 978 298 915 744 611 250 238 505 911 470 104 549 214 199 102 138 925 285 31 666 23 630 69 394 314 140 647 190 854 842 654 284 743 809 321 50 502 299 874 95 851 689 722 220 814 728 752 734 255 416 133 815 765 192 794 665 891 777 714 390 25 700 591 225 576 888 919 678 373 663 210 12 246 0 836 819 791 858 350 315 681 624 740 270 59 421 447 256 176 2 875 575 44 785 503 908 428 112 499 677 659 828 926 593 516 902 431 462 334 604 822 610 892 840 745 444 855 320 273 150 452 860 621 17 136 489 658 727 969 675 813 846 729 776 200 181 608 646 625 781 486 129 485 975 153 918 559 787 476 642 155 101 14 466 54 406 567 24 652 661 730 51 488 53 876 15 339 107 551 432 849 539 116 936 709 793 492 867 198 804 63 464 848 134 64 469 35 99 980 146 151 965 518 970 38 508 251 291 197 912 379 234 945 328 566 9 701 282 662 48 668 996 942 557 798 615 344 154 337 966 917 325 148 540 976 753 378 74 471 400 78 86 393 633 609 71 331 82 286 995 985 242 281 767 927 991 587 843 244 506 841 296 60 312 792 766 375 100 824 212 831 653 519 91 45 442 229 226 910 49 511 713 224 396 649 530 388 578 443 52 811 725 342 748 782 179 695 960 306 269 410 704 514 372 43 672 56 340 864 70 872 496 641 11 900 562 262 124 827 685 450 772 676 764 411 699 606 561 847 120 322 346 669 174 961 468 944 528 288 27 165 127 651 441 319 644 671 968 218 515 955 691 36 856 706 358 22 786 967 635 601 19 988 39 434 660 227 880 389 535 584 361 77 930 820 998 694 817 170 297 585 424 977 247 333 8 415 278 249 534 692 737 603 801 568 433 784 623 96 838 901 407 648 498 937 445 560 98 493 716 330 833 718 162 474 605 141 859 972 802 370 351 698 592 477 115 418 590 167 723 73 239 956 983 203 40 186 185 711 184 405 580 696 237 34 563 58 158 478 924 939 570 543 172 81 896 948 542 739 33 294 135 68 898 230 164 862 521 963 475 639 4 747 13 332 365 555 377 631
