1000 5000
949 965
891 951
891 949
891 965
891 952
891 994
204 947
204 933
204 268
204 628
204 270
204 972
204 931
204 806
204 891
204 754
204 597
204 949
204 965
204 586
204 991
204 441
204 329
204 351
204 434
204 598
204 205
204 655
120 655
120 983
120 656
120 204
120 283
120 815
120 618
120 614
120 816
120 600
120 181
120 594
120 713
120 792
120 221
120 308
120 949
120 652
120 217
120 418
120 891
120 925
120 517
120 438
655 938
655 915
655 701
655 843
655 678
655 949
655 891
655 965
53 633
53 433
53 283
53 956
53 960
53 817
53 628
53 754
53 110
53 285
53 891
53 323
53 860
53 743
53 849
53 949
53 951
53 741
53 438
53 467
53 366
53 205
53 334
53 705
53 118
53 80
53 481
628 916
628 733
628 726
628 891
628 815
628 702
628 925
628 681
597 655
597 652
597 600
597 754
597 612
597 602
597 925
597 807
597 891
597 945
600 879
600 971
600 795
600 655
600 743
600 970
600 951
600 813
600 628
600 630
600 949
600 982
600 828
600 905
600 915
600 820
600 633
925 929
925 949
925 951
925 965
438 441
438 674
438 925
438 891
438 754
438 644
438 796
438 957
438 743
438 815
438 756
438 724
438 459
438 500
438 628
438 934
438 858
754 925
754 826
754 760
754 816
754 794
754 949
754 870
320 700
320 872
320 584
320 925
320 484
320 597
320 598
320 351
320 690
320 628
320 392
320 610
320 891
320 516
320 441
320 995
320 702
320 820
320 489
320 816
320 600
320 802
320 936
320 396
273 597
273 372
273 557
273 891
273 892
273 705
273 310
273 548
273 776
273 860
273 353
273 281
273 794
273 600
273 351
273 820
273 752
273 508
273 906
273 925
273 633
743 856
743 949
743 849
743 900
743 925
743 943
321 951
321 498
321 891
321 771
321 438
321 932
321 984
321 743
321 816
321 965
321 925
321 600
321 451
321 628
321 781
321 624
321 633
321 949
321 869
321 794
321 327
816 849
816 923
816 907
28 518
28 959
28 500
28 174
28 528
28 526
28 911
28 752
28 273
28 849
28 571
28 556
28 96
28 816
28 118
28 351
28 53
28 700
351 892
351 965
351 979
351 600
351 568
351 633
351 700
351 406
351 754
351 436
351 657
351 514
351 618
351 613
351 726
351 438
351 977
351 891
351 435
351 816
351 598
351 917
281 984
281 854
281 795
281 543
281 652
281 655
281 949
281 656
281 376
281 661
281 489
281 620
281 860
281 598
530 750
530 816
530 754
530 720
530 655
530 686
530 535
530 672
530 743
530 586
111 750
111 280
111 329
111 405
111 597
111 628
111 784
111 557
111 363
111 947
111 441
111 314
111 438
111 843
111 530
111 281
111 655
111 518
283 889
283 868
283 661
283 289
283 552
283 979
283 586
283 949
283 459
283 860
283 633
283 320
283 971
283 669
283 616
283 849
16 363
16 320
16 860
16 351
16 375
16 949
16 595
16 458
16 472
16 84
16 192
16 39
16 925
16 773
16 869
16 640
16 655
16 805
16 674
16 275
16 634
16 197
16 633
315 584
315 329
315 352
315 370
315 628
315 780
315 698
315 925
315 426
315 849
315 563
315 616
315 951
315 436
315 411
315 530
315 844
315 758
315 795
275 889
275 660
275 283
275 713
275 849
275 341
275 843
275 329
275 956
275 589
633 792
633 911
633 971
633 795
633 945
7 345
7 831
7 951
7 28
7 566
7 959
7 192
7 605
7 802
7 175
7 584
7 194
7 889
7 570
7 991
7 613
7 760
7 250
7 350
7 530
7 200
7 807
7 97
586 980
586 803
586 633
586 681
586 609
586 726
586 816
586 925
586 965
586 613
586 660
586 750
586 651
586 852
586 781
586 746
586 661
586 820
598 660
598 869
598 951
598 794
598 754
598 825
598 831
598 685
598 827
598 947
781 978
781 916
781 820
781 795
781 847
781 857
781 953
405 740
405 530
405 938
405 765
405 535
405 438
405 778
405 413
405 592
405 715
405 609
405 702
405 767
535 624
535 655
535 703
535 881
535 781
535 827
535 696
535 887
535 725
535 586
535 949
535 590
535 674
535 711
535 613
849 991
849 950
849 884
849 850
849 889
849 925
849 917
329 654
329 702
329 951
329 353
329 411
329 438
329 947
329 678
329 781
329 824
329 759
329 971
174 188
174 376
174 211
174 771
174 849
174 959
174 521
174 281
174 597
174 190
174 795
174 446
174 481
174 399
174 471
174 460
174 763
174 927
411 633
411 748
411 781
411 925
411 653
411 578
411 949
411 552
411 433
411 642
411 598
353 949
353 706
353 397
353 938
353 865
353 835
353 834
353 489
353 750
353 988
353 991
353 975
353 853
353 900
353 919
353 713
353 526
353 833
353 869
353 453
353 399
795 849
795 806
795 796
795 965
795 829
212 401
212 472
212 321
212 502
212 820
212 869
212 947
212 285
212 768
212 268
212 930
212 329
212 634
212 490
212 957
212 919
820 822
820 882
820 843
820 951
820 849
820 838
794 830
794 979
794 907
592 988
592 720
592 861
592 869
592 981
592 952
592 949
592 656
592 684
592 973
824 984
824 891
388 655
388 600
388 652
388 684
388 840
388 524
388 743
388 943
388 974
388 713
388 690
388 984
584 729
584 785
584 651
584 870
584 957
584 796
584 856
584 842
584 898
118 528
118 949
118 774
118 535
118 281
118 752
118 801
118 582
118 754
118 552
118 346
118 423
118 749
118 597
118 650
118 717
118 743
118 856
118 776
900 951
900 965
900 911
900 905
624 660
624 804
624 973
624 713
624 737
624 968
624 922
624 708
460 933
460 972
460 862
460 781
460 794
460 489
460 938
460 526
460 750
460 598
460 902
460 878
460 647
460 633
460 881
860 917
860 995
161 977
161 423
161 938
161 616
161 320
161 321
161 984
161 351
161 498
161 247
161 760
161 544
161 951
161 508
161 586
161 438
161 743
161 237
161 568
161 163
161 359
161 202
869 979
90 271
90 869
90 401
90 460
90 703
90 103
90 357
90 842
90 949
90 292
90 115
90 260
90 815
90 257
90 826
750 808
750 815
750 964
750 816
750 977
750 958
750 875
750 925
64 965
64 573
64 116
64 280
64 796
64 659
64 951
64 411
64 320
64 900
64 500
64 565
64 352
64 414
64 627
64 274
64 381
64 471
64 283
64 722
64 792
489 906
489 592
489 628
489 754
489 992
489 669
489 965
489 582
489 656
489 935
489 949
489 556
489 513
489 814
489 795
489 497
192 925
192 656
192 765
192 675
192 351
192 920
192 535
192 900
192 321
192 822
192 300
192 991
192 795
192 334
192 927
192 705
500 900
500 535
500 656
500 738
500 860
500 512
500 577
500 661
500 989
500 624
500 780
516 662
516 625
516 688
516 762
516 889
516 824
516 937
516 917
516 927
245 918
245 257
245 598
245 420
245 528
245 933
245 540
245 655
245 972
245 405
245 624
245 647
486 597
486 749
486 773
486 949
486 575
486 984
486 647
486 627
451 783
451 599
451 843
451 807
451 476
451 633
451 505
451 487
451 693
451 977
451 950
451 617
451 584
702 925
702 824
702 743
702 935
702 888
938 947
938 957
306 337
306 541
306 500
306 938
306 656
306 351
306 747
306 773
306 820
306 338
306 386
306 951
528 891
528 618
528 571
528 744
528 972
528 899
528 655
528 977
528 935
528 901
528 600
221 688
221 981
221 665
221 713
221 526
221 807
221 627
221 586
221 490
221 519
221 624
221 283
221 656
221 679
158 351
158 179
158 281
158 984
158 215
158 696
158 628
158 535
158 670
158 240
158 268
158 649
947 974
656 893
656 743
656 842
656 754
656 947
656 781
656 890
656 707
752 808
257 752
257 289
257 964
257 772
257 617
257 379
257 635
257 668
257 350
257 573
257 936
257 505
257 662
257 633
957 971
433 917
433 979
433 468
433 459
433 965
433 778
35 548
35 757
35 383
35 292
35 423
35 751
35 628
35 528
35 807
35 756
35 709
35 570
35 586
35 740
35 865
230 302
230 633
230 781
230 923
230 971
230 876
230 513
230 315
230 363
230 947
230 467
230 969
230 656
230 320
230 959
230 796
381 594
381 869
381 938
381 841
381 754
381 481
381 949
381 674
381 728
381 441
381 423
193 799
193 222
193 291
193 273
193 627
193 570
193 743
205 605
205 487
205 913
205 736
205 327
205 308
205 574
205 750
205 355
205 548
796 917
796 837
796 841
613 775
613 659
613 674
613 838
700 866
700 946
700 849
700 907
700 824
700 827
700 878
338 518
338 396
338 345
338 702
338 535
338 748
338 907
338 938
338 628
338 881
338 679
508 806
508 630
508 759
508 530
508 921
508 980
508 942
508 596
508 968
508 726
116 947
116 641
116 781
116 693
116 353
116 327
116 505
116 158
116 615
116 816
116 320
116 810
116 769
116 307
116 817
116 495
116 740
116 831
116 651
459 624
459 712
459 675
459 597
459 726
459 968
459 501
459 745
459 907
359 659
359 890
359 862
359 929
359 510
359 513
359 666
359 800
359 438
359 512
359 396
359 379
423 830
423 480
423 552
423 807
423 944
423 815
423 780
423 955
659 949
659 927
659 800
659 876
659 688
659 891
659 713
917 990
917 926
917 951
917 979
376 819
376 968
376 440
376 951
376 655
376 613
376 510
376 989
376 381
376 794
376 777
376 582
376 459
357 453
357 591
357 616
357 854
357 991
357 544
357 759
357 629
547 826
547 778
547 947
547 820
547 734
547 829
547 748
547 772
547 833
547 825
547 636
547 598
547 814
547 750
83 722
83 388
83 116
83 658
83 928
83 321
83 396
83 791
83 672
83 335
83 381
83 750
83 204
83 485
83 320
83 843
83 652
248 900
248 306
248 286
248 630
248 965
248 889
248 828
248 703
248 271
248 268
248 743
78 197
78 510
78 548
78 965
78 754
78 722
78 566
78 776
78 479
78 230
78 109
78 275
78 816
78 907
78 108
78 146
78 949
78 466
78 984
541 613
541 740
541 900
541 959
541 983
541 545
616 642
616 769
616 700
616 727
616 925
616 668
471 781
471 894
471 702
471 804
471 795
471 542
471 609
471 818
927 938
927 947
337 633
337 518
337 357
337 791
337 795
337 388
337 891
337 424
337 372
337 568
337 458
688 828
688 839
688 711
332 438
332 334
332 615
332 439
332 511
332 933
332 894
332 459
332 447
713 770
713 739
713 725
713 743
218 726
218 781
218 518
218 927
218 230
218 971
218 705
218 381
218 595
218 360
218 320
218 486
218 991
218 365
218 642
218 917
726 991
726 761
726 874
726 993
726 907
726 781
726 856
268 482
268 311
268 851
268 697
268 807
268 503
268 466
268 959
268 281
268 287
268 895
268 327
802 963
802 827
401 530
401 535
401 654
401 578
401 607
401 579
401 500
401 652
401 441
401 988
401 686
401 849
401 987
401 922
327 649
327 682
327 824
327 518
327 526
327 802
327 513
327 339
327 592
327 816
327 549
327 642
327 746
327 441
327 743
327 556
327 709
327 438
327 830
327 951
461 597
461 489
461 659
461 999
461 700
461 609
461 518
461 925
461 816
461 946
461 869
461 567
815 991
815 984
906 910
756 928
756 917
756 759
935 967
313 922
313 400
313 544
313 415
313 943
313 642
313 688
313 528
522 649
522 541
522 925
522 866
522 750
522 574
106 111
106 906
106 694
106 204
106 720
106 416
106 828
106 661
106 379
106 584
106 763
106 589
106 176
827 857
379 633
379 773
379 544
379 889
379 402
379 949
379 781
379 434
792 892
792 830
570 669
570 697
570 971
513 977
513 625
513 898
513 628
513 708
513 938
513 815
513 540
513 577
705 932
705 883
705 794
705 802
705 899
705 779
705 828
490 975
490 527
490 502
490 589
490 649
490 796
588 604
588 967
588 605
588 735
588 973
588 979
889 925
889 984
219 957
219 751
219 279
219 431
219 783
219 508
219 952
219 969
219 589
219 326
219 592
219 951
219 925
219 889
219 500
207 889
207 548
207 758
207 579
207 405
207 346
207 891
207 488
207 392
207 245
207 452
207 803
207 602
207 263
207 971
207 759
397 690
397 892
397 951
363 792
363 526
363 490
363 380
363 698
363 690
363 464
363 813
274 917
274 781
274 717
274 849
274 359
274 313
830 972
830 906
830 949
830 856
511 633
511 973
511 962
511 931
511 661
511 760
36 324
36 275
36 83
36 880
36 483
36 613
36 415
36 462
36 471
36 293
36 750
36 68
36 582
36 933
649 739
649 700
649 915
649 744
649 750
617 641
617 645
617 647
617 895
617 743
326 681
326 644
326 476
326 925
326 388
326 702
326 490
326 353
326 363
326 655
326 348
326 518
126 474
126 218
126 495
126 798
126 712
126 634
126 816
126 756
126 963
126 473
126 298
126 868
126 654
126 187
126 548
126 883
126 188
843 946
843 943
512 896
512 860
512 725
512 661
512 710
512 934
709 923
709 743
709 776
709 772
505 742
505 874
505 851
505 796
505 713
505 790
177 496
177 482
177 257
177 294
177 193
177 599
177 283
177 927
177 942
177 632
177 448
177 373
807 925
807 819
807 926
807 823
807 928
807 882
577 756
577 773
577 802
577 935
577 844
577 729
467 617
467 731
467 927
372 702
372 895
372 899
372 925
372 656
372 676
372 649
372 975
372 518
372 458
372 376
372 866
372 829
295 511
295 831
295 585
295 353
295 957
295 391
295 727
518 889
518 559
518 965
240 278
240 579
240 895
240 951
240 860
240 811
571 634
571 762
571 822
571 860
292 624
292 655
292 978
292 325
292 736
110 642
110 547
110 489
110 313
110 978
110 479
110 879
110 920
110 752
110 476
110 381
110 571
110 758
110 295
110 442
110 894
110 702
110 815
110 237
40 917
40 617
40 345
40 843
40 146
40 68
40 535
40 589
40 692
40 594
40 649
40 662
40 499
40 205
40 698
40 454
922 967
922 991
922 952
510 860
510 814
510 713
510 618
510 856
510 943
289 598
289 981
289 661
289 711
289 350
289 673
289 397
289 329
289 622
289 464
526 834
526 979
526 951
526 985
526 870
526 749
526 534
311 658
311 956
311 661
311 822
311 406
311 467
311 765
311 624
578 589
578 661
578 765
578 983
578 628
578 940
578 943
578 744
578 921
578 830
517 824
517 912
517 802
517 971
907 988
907 927
280 403
280 951
280 740
280 359
280 924
280 470
280 967
280 751
280 756
280 627
280 339
280 971
280 743
280 650
481 617
481 959
481 719
481 795
481 783
481 887
91 795
91 819
91 193
91 283
91 522
91 188
91 877
91 472
91 481
91 977
91 831
91 646
91 676
91 161
91 451
91 991
647 822
647 652
647 944
647 793
647 817
822 845
822 906
773 991
346 936
346 757
346 633
346 471
346 824
346 807
346 520
346 712
346 530
346 449
346 841
346 391
392 889
392 550
392 658
385 916
385 613
385 920
385 863
385 985
385 770
385 885
385 518
385 933
385 558
385 461
385 459
585 949
585 615
585 865
585 638
642 647
642 649
642 758
642 914
642 984
828 979
828 900
828 933
487 799
487 939
487 714
487 653
487 708
487 547
391 585
391 894
391 953
391 692
548 589
548 750
548 743
548 901
548 591
200 724
200 376
200 475
200 399
200 824
200 327
926 973
926 938
866 935
866 969
866 976
866 981
866 869
866 927
559 578
559 986
559 997
399 920
399 834
399 481
399 810
399 550
66 996
66 735
66 540
66 548
66 925
66 834
66 741
66 830
66 515
66 592
66 137
66 993
66 336
66 310
66 611
66 493
66 702
943 978
943 985
589 675
589 662
589 661
589 929
589 733
589 663
725 933
403 689
403 424
403 937
403 737
403 884
403 484
403 571
350 439
350 530
350 860
350 401
350 878
350 997
350 926
350 782
765 965
765 821
765 822
627 996
627 945
627 925
627 679
627 810
627 747
627 963
627 820
627 733
934 937
934 949
740 977
740 917
740 926
629 918
629 906
629 726
629 820
629 843
131 376
131 787
131 890
131 472
131 268
131 919
131 486
131 165
131 731
131 977
131 792
84 922
84 813
84 385
84 283
84 526
84 655
84 481
84 89
84 870
84 775
84 919
84 125
84 322
84 651
84 215
84 499
84 249
84 320
206 677
206 319
206 885
206 327
206 773
206 858
206 965
741 754
741 864
758 862
758 975
697 870
774 796
774 806
774 969
774 855
429 743
429 634
429 755
429 792
429 978
429 517
429 680
429 782
429 471
568 597
568 743
568 840
568 711
568 587
568 746
654 824
654 676
3 414
3 937
3 553
3 578
3 438
3 321
3 89
3 86
3 960
3 205
681 975
681 843
681 993
681 904
681 978
360 955
360 670
360 364
360 751
360 588
360 881
360 496
360 664
360 922
360 597
360 460
360 499
360 650
360 929
932 975
932 969
932 971
679 945
679 795
679 758
15 919
15 301
15 594
15 582
15 366
15 332
15 27
15 575
15 814
470 961
470 765
470 815
470 587
751 872
744 964
744 950
744 869
744 875
841 866
222 599
222 688
222 459
222 674
222 487
222 343
222 516
222 502
314 895
314 429
314 627
314 510
314 546
314 855
314 574
314 516
314 486
940 971
870 983
442 983
442 678
442 931
442 493
442 803
442 970
442 616
187 963
187 833
187 518
187 383
187 197
187 207
187 522
187 502
102 308
102 848
102 762
102 647
102 516
102 447
102 511
102 230
102 314
102 814
864 869
865 907
865 988
334 712
334 640
334 783
334 688
334 715
334 618
334 700
334 722
334 891
334 616
334 862
737 972
737 764
737 846
892 959
336 985
336 983
336 642
336 578
336 758
336 861
336 500
336 457
336 681
336 539
173 884
173 895
173 275
173 337
173 885
173 571
552 719
552 651
19 349
19 760
19 21
19 167
19 973
19 46
19 80
19 240
19 307
19 226
19 514
19 965
19 835
19 598
19 218
19 83
686 796
686 907
686 740
686 916
686 763
686 697
686 882
266 451
266 883
266 677
266 428
266 845
266 632
266 647
266 499
13 726
13 874
13 955
13 222
13 383
13 330
13 188
13 81
13 547
13 647
13 635
13 863
77 273
77 405
77 505
77 849
77 357
77 380
77 915
77 444
77 482
77 458
77 179
77 315
77 450
77 96
77 918
77 149
708 903
708 938
669 974
669 794
669 940
669 844
194 834
194 376
194 551
194 751
194 202
194 299
194 764
194 390
194 733
194 283
514 827
514 857
514 945
514 577
514 849
514 702
514 701
514 905
514 524
226 932
226 268
226 434
226 281
226 906
226 528
226 538
226 955
226 772
226 413
226 573
226 274
152 337
152 501
152 351
152 252
152 445
152 238
152 551
152 876
152 497
152 744
152 336
152 460
152 723
152 312
152 628
152 329
152 603
152 702
898 943
898 922
308 551
308 711
308 336
308 873
308 431
308 522
308 319
308 446
1 476
1 260
1 446
1 101
1 378
1 885
1 649
1 511
1 721
1 875
1 109
1 387
1 199
1 193
1 956
260 776
260 722
260 707
260 971
260 337
260 719
260 754
260 803
260 309
918 998
103 289
103 388
103 849
103 781
103 626
103 812
103 737
103 264
883 995
883 955
499 900
499 957
436 996
436 496
436 494
436 949
436 840
436 678
436 636
436 630
436 941
565 848
565 813
565 694
565 608
565 568
565 736
191 266
191 889
191 984
191 426
191 918
191 552
191 885
191 866
191 688
191 730
191 380
191 405
191 474
191 548
191 617
335 896
335 777
335 706
335 811
335 514
335 670
335 697
335 546
335 978
335 975
335 829
335 855
73 865
73 806
73 809
73 674
73 399
73 686
73 387
73 518
711 859
711 938
760 833
760 799
760 845
760 902
760 916
319 545
319 398
319 757
319 346
319 972
319 763
319 784
319 741
319 595
144 324
144 955
144 203
144 295
144 740
144 953
144 260
144 931
144 290
144 354
144 355
144 849
144 694
144 783
144 570
144 504
690 927
690 865
690 761
690 965
426 840
426 918
426 829
426 755
181 664
181 473
181 320
181 364
181 564
181 569
181 658
181 944
181 402
181 477
181 394
181 358
181 590
181 405
692 892
636 858
636 705
636 723
636 927
636 779
636 697
636 769
636 979
636 946
636 944
636 921
18 723
18 701
18 807
18 64
18 327
89 854
89 103
89 702
89 906
89 525
89 281
89 452
89 478
89 439
89 385
89 200
698 828
698 772
223 415
223 721
223 281
223 794
223 868
223 687
223 932
223 975
223 284
223 307
223 611
223 857
223 352
885 899
373 692
373 697
373 773
373 952
373 991
373 400
373 915
373 445
373 995
373 557
415 545
415 897
415 629
132 575
132 646
132 436
132 371
132 781
132 369
132 932
132 409
132 741
132 684
132 234
858 907
858 889
446 513
446 744
446 749
446 957
446 595
446 532
630 980
630 918
630 919
630 955
630 701
630 723
169 281
169 831
169 724
169 400
169 559
169 599
169 978
374 661
374 993
374 417
374 612
856 979
856 903
237 752
237 446
237 862
237 708
237 328
237 312
237 440
237 564
237 892
175 474
175 649
175 998
175 840
641 752
641 807
641 653
641 910
641 844
27 905
27 166
27 266
27 830
27 131
27 639
27 765
27 461
27 480
27 168
27 388
27 650
188 200
188 202
188 629
188 860
188 513
188 669
188 975
188 305
188 469
188 396
188 636
674 817
495 645
495 897
495 671
495 899
712 844
712 907
712 813
712 874
712 752
22 291
22 60
22 690
22 914
22 88
22 836
22 927
22 658
22 284
22 203
22 335
22 842
22 85
22 869
662 841
662 690
662 842
651 940
651 745
651 742
651 752
441 506
441 712
441 604
441 602
441 866
441 598
677 804
677 743
677 820
677 911
677 822
677 883
677 877
166 526
166 681
166 633
166 293
166 316
166 977
166 957
166 397
166 923
501 893
501 873
658 922
658 662
658 942
658 880
658 915
995 996
783 948
400 851
400 992
400 807
400 888
400 650
400 403
444 614
444 624
444 882
444 532
444 582
444 576
444 776
444 948
890 928
762 842
762 831
71 498
71 874
71 750
71 319
71 370
71 362
71 143
71 205
71 250
71 103
457 555
457 700
457 649
457 984
457 848
457 806
457 691
127 889
127 487
127 983
127 975
127 430
127 308
127 786
127 909
127 282
291 371
291 546
291 978
291 645
291 702
291 608
291 981
895 932
24 206
24 653
24 491
24 900
24 26
24 352
24 191
24 732
24 54
24 624
24 257
24 815
24 933
24 386
24 107
396 648
396 478
396 550
396 759
369 707
369 865
369 528
369 848
369 833
369 871
369 471
833 954
515 753
515 591
515 915
515 674
928 994
198 998
198 264
198 222
198 459
198 244
198 849
198 627
736 889
736 855
114 983
114 879
114 173
114 296
114 945
114 695
114 169
114 862
114 200
687 890
687 867
687 709
916 984
97 198
97 524
97 319
97 710
97 204
97 613
97 271
97 780
167 471
167 723
167 874
167 349
298 614
298 792
298 357
298 925
298 509
466 999
466 728
466 693
466 542
466 510
466 804
466 919
746 900
746 782
948 949
876 925
876 994
876 959
755 778
755 847
831 839
831 898
831 990
831 836
831 945
421 463
421 880
421 705
421 444
421 969
421 599
290 827
290 486
290 875
290 731
290 353
290 562
290 659
478 871
478 789
478 686
478 752
478 889
478 972
478 652
386 525
386 971
386 438
386 677
386 562
413 848
413 705
413 793
413 441
413 911
413 993
413 829
435 750
435 896
435 548
435 746
435 711
502 526
502 995
502 682
502 713
502 765
599 707
599 709
599 870
599 982
599 659
673 912
673 755
673 795
595 634
595 892
494 975
494 833
494 513
494 949
494 620
51 165
51 973
51 733
51 161
51 401
51 463
51 434
51 534
51 758
51 597
51 83
51 239
51 193
157 686
157 540
157 592
157 984
157 660
299 754
299 937
299 907
299 783
299 397
458 626
458 815
458 804
458 917
458 814
458 673
458 512
458 718
458 998
458 749
229 323
229 796
229 999
229 368
229 379
229 991
229 754
229 566
136 927
136 556
136 169
136 597
136 547
136 240
136 206
136 822
136 752
136 549
136 818
650 973
650 822
168 884
168 220
168 979
168 815
168 921
168 534
881 925
862 967
639 822
639 895
639 679
215 530
215 390
215 444
215 974
215 578
215 903
215 909
911 949
117 226
117 983
117 605
117 204
117 504
117 376
117 552
477 983
477 981
477 667
477 762
477 779
408 876
408 661
408 870
408 625
408 777
408 809
408 824
113 578
113 829
113 209
113 751
113 935
113 447
113 374
95 952
95 636
95 686
95 151
95 320
95 312
95 824
95 928
95 776
95 490
2 131
2 362
2 205
2 836
2 66
2 416
2 315
562 698
562 919
562 785
562 995
562 577
562 863
524 894
524 682
524 556
524 952
896 951
896 920
176 236
176 825
176 661
176 843
176 698
176 423
176 623
176 482
176 860
348 869
348 360
348 609
348 936
348 792
348 975
348 825
395 605
395 854
395 807
395 995
395 953
302 635
302 552
302 522
302 474
302 452
302 936
472 885
472 688
472 718
472 607
135 810
135 916
135 214
135 699
135 738
135 350
135 820
135 975
135 477
135 511
135 361
135 149
135 636
135 280
428 595
428 827
44 80
44 498
44 686
44 452
44 864
44 167
44 512
44 805
496 667
496 812
496 625
496 748
496 892
496 948
496 837
602 805
602 619
5 206
5 676
5 364
5 519
5 920
5 841
5 842
5 493
5 512
5 890
349 814
349 933
349 432
349 388
349 424
349 499
349 510
349 457
635 922
635 894
247 988
247 618
247 525
49 739
49 814
49 136
49 81
49 957
49 549
49 497
653 800
653 988
653 865
653 785
653 716
653 977
604 820
604 700
567 858
567 690
497 934
497 748
195 796
195 522
195 956
195 971
195 514
195 776
195 808
195 682
195 861
195 208
195 687
195 801
307 781
307 888
307 833
307 867
307 478
307 409
434 932
434 780
434 638
434 578
434 641
678 909
678 785
678 914
427 541
427 552
427 740
427 758
427 960
427 510
427 678
427 869
427 667
427 866
264 610
264 332
264 720
264 787
264 974
716 977
716 997
723 745
723 997
640 925
640 922
660 856
660 961
707 735
707 752
707 888
707 931
54 760
54 740
54 725
54 336
54 559
54 565
54 337
54 219
54 375
54 790
54 416
54 341
54 821
146 482
146 926
146 287
146 518
146 671
146 857
146 434
146 553
146 855
146 239
146 528
146 792
525 570
525 680
525 655
525 759
525 547
525 684
68 936
68 395
68 170
68 865
68 103
68 665
68 864
703 779
848 869
482 776
482 587
482 923
564 605
564 934
564 973
915 965
476 695
476 528
476 761
476 956
476 833
199 741
199 373
199 999
199 370
199 473
199 336
199 501
199 547
199 856
199 925
65 392
65 275
65 173
65 642
65 868
65 912
65 638
65 114
201 808
201 985
201 253
201 977
201 725
667 722
667 904
543 611
543 762
543 819
543 931
806 836
806 982
806 960
87 832
87 597
87 143
87 983
87 942
87 511
87 648
87 480
87 771
87 365
546 659
546 575
546 831
546 967
546 677
244 760
244 568
244 902
244 415
244 319
244 363
244 798
448 895
448 858
448 919
149 469
149 791
149 882
149 429
149 320
149 991
149 772
149 600
149 847
875 987
875 980
258 611
258 755
258 948
258 673
258 612
258 832
258 350
258 995
258 298
258 577
857 862
632 771
632 677
632 972
263 856
263 775
263 910
263 876
263 738
263 930
263 811
263 983
263 377
424 450
424 675
424 460
424 873
424 771
424 435
424 733
424 685
424 970
227 913
227 870
227 240
371 691
371 476
371 820
371 872
722 793
722 932
722 886
722 908
722 783
722 991
854 905
80 534
80 614
80 984
80 674
80 426
791 944
791 934
304 704
304 571
304 690
304 307
304 642
304 979
304 407
304 621
304 337
304 335
128 399
128 552
128 329
128 841
128 794
128 263
128 738
128 456
128 210
128 130
128 442
123 976
123 493
123 502
123 736
123 305
297 656
297 698
297 639
297 525
297 476
297 486
644 953
644 837
644 787
719 773
252 957
252 427
252 774
252 344
252 716
252 898
491 845
491 621
491 870
491 824
609 932
609 949
609 635
573 620
573 826
573 987
573 640
293 481
293 373
293 322
293 955
293 904
293 852
293 530
293 708
293 545
293 969
293 776
293 505
358 360
358 475
358 721
358 602
358 731
79 102
79 424
79 258
79 171
79 292
79 104
79 124
79 813
79 143
79 864
556 824
556 776
817 851
817 907
544 647
544 881
544 974
544 993
440 700
440 744
202 661
202 404
202 826
202 508
867 875
645 769
645 732
645 935
394 466
394 681
394 689
394 833
394 764
394 963
394 403
394 799
880 990
574 802
574 677
574 818
574 938
574 996
759 967
47 513
47 522
47 802
47 634
47 470
47 681
47 550
47 943
47 690
764 875
764 948
764 828
608 937
608 854
608 864
608 705
608 663
147 534
147 285
147 855
147 864
147 538
147 195
147 730
147 306
147 252
147 475
676 984
676 752
676 692
676 802
378 719
378 616
378 426
378 936
378 773
378 381
42 420
42 335
42 921
42 307
42 286
42 816
42 148
625 698
625 943
625 677
203 609
203 256
203 381
203 909
203 642
203 603
203 416
203 329
74 969
74 584
74 673
74 972
74 152
74 194
387 467
387 592
387 961
450 878
450 570
450 577
450 495
153 336
153 801
153 984
153 288
153 616
153 711
153 998
340 840
340 751
340 467
340 641
340 852
967 976
914 939
914 996
914 954
882 911
48 635
48 974
48 513
48 941
48 930
48 964
48 498
48 209
48 486
33 472
33 226
33 471
33 989
33 578
33 965
33 745
670 985
670 848
670 963
855 996
855 915
621 974
621 670
621 753
621 892
70 697
70 287
70 289
70 943
70 187
70 861
70 978
70 964
70 450
70 393
70 961
137 440
137 584
137 249
137 824
137 522
137 172
137 219
137 715
137 351
800 994
800 890
942 991
810 861
810 844
234 402
234 883
234 812
234 869
138 195
138 719
138 609
138 896
138 320
138 440
138 978
138 454
365 604
365 828
365 532
464 585
464 472
464 997
464 767
464 873
464 983
801 816
801 893
801 861
861 951
183 320
183 866
183 306
183 655
534 722
534 560
534 767
256 437
256 596
256 800
256 388
256 780
256 320
208 515
208 797
208 336
208 459
208 216
757 855
757 848
757 980
771 781
771 930
771 998
771 794
771 773
416 931
416 920
416 556
416 663
813 925
85 715
85 588
85 599
85 457
85 952
85 528
190 609
190 762
190 645
190 248
190 478
190 313
190 951
190 930
190 771
190 658
190 514
190 199
124 502
124 397
124 219
124 673
124 363
380 752
380 960
380 553
380 592
788 860
788 848
404 916
404 487
404 625
404 833
404 791
404 852
404 677
789 912
769 959
172 571
172 195
172 771
172 865
172 406
172 661
172 792
172 177
693 849
693 917
693 789
693 737
463 624
463 998
463 472
582 863
582 765
324 821
324 584
324 769
324 917
324 535
324 851
324 569
324 964
974 993
603 769
603 674
603 650
330 606
330 885
330 505
330 387
330 723
330 699
330 468
790 880
790 932
790 930
790 927
931 993
285 831
285 773
285 571
285 505
285 363
285 359
285 595
285 733
296 583
296 685
296 596
296 757
296 723
296 451
296 905
296 840
296 401
122 567
122 705
122 421
122 952
821 904
821 930
770 943
637 690
637 928
637 768
637 975
682 929
682 971
682 726
808 900
269 426
269 911
269 421
309 385
309 492
309 747
309 543
309 512
309 326
6 925
6 283
6 135
6 794
6 585
6 825
6 757
6 284
418 507
418 780
418 996
418 765
445 451
445 658
445 898
445 965
445 999
20 855
20 906
20 934
20 469
20 177
20 407
20 342
20 753
20 497
20 56
20 893
217 800
217 342
217 833
217 262
217 283
323 639
323 781
323 855
323 854
0 845
0 465
0 740
0 741
0 923
0 997
0 286
0 36
484 755
484 730
484 521
484 562
484 675
310 528
310 824
310 600
310 977
286 647
286 739
286 311
286 904
286 386
331 783
331 821
331 782
331 859
331 565
331 583
331 386
566 787
566 722
878 990
878 964
878 975
11 761
11 460
11 569
11 605
11 867
11 809
11 347
11 37
11 642
362 940
362 588
362 593
362 767
362 796
793 930
210 673
210 314
210 776
210 964
210 489
210 496
493 674
493 754
493 982
493 702
493 515
493 611
493 679
156 854
156 394
156 317
156 481
156 371
156 635
555 768
555 619
550 582
767 826
767 880
231 987
231 894
231 556
231 927
231 825
231 634
231 907
231 650
540 796
540 764
540 914
715 727
715 811
715 948
715 895
715 769
182 603
182 235
182 308
182 785
558 658
558 629
558 864
842 853
29 341
29 79
29 703
29 796
29 660
29 461
29 156
29 872
29 69
29 832
443 980
443 974
443 682
443 533
443 752
443 488
443 844
276 764
276 509
276 440
276 995
276 719
276 285
276 307
812 891
812 887
341 867
341 342
341 584
341 552
341 570
101 618
101 647
101 219
101 206
101 121
101 552
101 185
101 123
101 154
101 231
17 864
17 340
17 459
17 718
17 791
452 608
452 515
452 860
452 614
452 924
356 968
356 664
356 379
503 879
503 540
503 573
503 514
503 525
339 356
339 949
339 837
339 760
780 962
389 629
389 921
389 751
389 786
154 789
154 929
154 257
154 166
154 580
154 734
165 868
165 584
165 478
165 460
232 997
232 309
232 421
232 968
232 859
232 835
804 968
278 839
278 684
278 408
278 828
43 829
43 307
43 481
43 336
43 311
43 729
43 758
43 816
43 799
43 301
43 81
43 877
163 244
163 864
163 452
163 188
163 422
163 544
163 299
163 292
163 433
695 765
695 865
605 829
953 991
342 439
342 611
342 993
768 927
946 962
724 962
300 555
300 787
300 593
300 965
300 384
300 485
300 459
300 666
542 689
542 719
542 886
542 826
39 557
39 345
39 246
39 673
39 973
39 434
39 974
251 691
251 793
251 433
251 550
251 375
251 680
251 573
936 959
936 975
819 894
242 655
242 382
242 366
352 667
352 882
352 511
352 381
352 465
352 927
352 694
407 578
407 697
407 695
407 617
666 685
666 691
666 732
666 729
666 818
145 653
145 769
145 417
145 774
145 231
145 343
236 398
236 849
236 530
72 443
72 451
72 425
72 473
72 409
72 276
72 424
72 813
72 224
72 159
72 470
197 433
197 782
197 749
197 728
197 287
197 466
844 998
189 524
189 292
189 222
189 999
189 526
189 777
184 698
184 738
184 550
184 824
184 214
184 938
184 209
184 222
184 220
184 998
184 427
549 949
549 582
186 371
186 999
186 966
186 280
186 758
186 849
186 430
76 641
76 458
76 169
76 459
76 551
76 167
76 776
76 385
76 574
50 127
50 73
50 964
50 696
615 792
305 343
305 955
305 403
305 743
305 720
305 627
305 907
734 862
734 972
31 339
31 458
31 888
31 657
563 873
563 867
563 974
563 954
249 378
249 790
249 521
249 814
249 483
447 674
575 852
575 776
575 914
312 714
312 755
312 823
894 972
749 894
749 909
720 945
720 770
720 830
398 736
398 684
398 687
398 790
246 775
246 323
246 830
246 949
246 943
246 314
672 806
672 716
672 734
672 724
112 887
112 530
112 755
112 129
112 943
112 350
728 778
728 984
728 759
728 948
745 823
992 997
483 954
483 777
483 541
483 887
483 729
498 879
498 996
498 718
284 714
284 719
284 999
284 841
691 964
691 743
691 766
626 884
626 892
626 958
45 818
45 360
45 405
45 790
45 529
717 941
717 932
836 901
836 846
836 938
836 845
99 979
99 110
99 523
99 651
99 106
99 455
294 897
294 549
294 888
294 703
294 601
294 745
294 435
294 813
294 488
294 633
159 846
159 292
159 693
159 392
159 833
159 466
159 287
607 877
607 796
607 693
735 984
735 907
439 783
439 985
133 427
133 871
133 721
133 428
133 347
133 313
133 775
133 613
420 647
420 874
420 654
420 790
761 900
761 887
761 942
107 809
107 534
107 505
107 300
107 556
254 733
254 366
254 868
254 485
254 798
406 594
406 881
406 831
406 474
729 925
729 862
729 960
729 895
729 839
196 502
196 611
196 412
196 887
196 696
185 499
185 785
185 505
185 457
60 618
60 416
60 990
60 567
60 536
60 316
60 554
60 528
60 235
60 693
409 648
409 593
784 915
784 823
784 814
710 906
710 835
710 957
710 844
58 78
58 780
58 973
58 605
58 333
449 927
449 776
449 597
449 704
799 811
799 890
799 867
799 817
267 701
267 888
267 612
267 916
267 742
775 807
775 850
474 675
474 595
474 805
507 925
507 559
507 917
507 810
519 667
519 695
519 594
519 995
370 469
370 559
370 658
370 810
845 875
845 987
845 883
21 740
21 614
21 872
21 809
21 519
21 549
455 880
455 951
455 461
455 490
253 490
538 679
593 996
593 600
593 878
593 817
593 644
593 833
888 893
410 484
410 840
410 979
539 571
614 822
30 808
30 787
30 848
30 205
30 411
30 977
30 981
30 34
580 888
580 616
580 985
580 809
238 628
238 575
238 457
238 492
238 444
270 515
270 700
485 663
485 849
485 776
611 868
611 854
611 913
67 247
67 339
67 715
67 615
67 935
67 732
287 586
287 475
287 503
287 546
287 952
287 610
88 159
88 314
88 451
88 332
88 641
328 672
328 444
328 341
328 791
92 229
92 111
92 512
92 326
92 709
479 614
479 906
10 633
10 210
10 73
10 237
10 347
10 977
10 364
10 859
10 966
10 338
10 603
825 836
825 996
569 803
488 502
488 846
488 695
488 997
488 531
488 996
288 978
288 614
837 958
837 910
837 852
367 914
367 405
367 377
367 571
422 881
344 599
344 769
344 409
344 703
412 681
412 748
412 672
432 656
432 697
432 942
432 677
384 434
384 969
384 820
680 713
108 141
108 901
108 346
345 613
345 789
345 475
345 847
345 745
150 950
150 977
150 889
150 622
150 348
150 665
150 371
150 710
150 500
150 750
322 600
322 704
322 666
322 604
322 692
322 868
322 504
235 501
235 256
235 492
235 378
235 755
235 257
699 755
699 825
701 987
279 940
279 660
279 866
279 922
279 716
279 864
38 111
38 640
38 579
38 773
38 689
26 333
26 912
26 994
26 271
26 844
364 723
835 949
871 958
871 876
871 996
129 580
129 267
129 990
129 716
893 910
623 975
623 648
623 978
623 831
623 898
56 312
56 971
56 915
56 951
56 346
56 603
255 902
255 430
255 932
255 277
255 308
255 407
255 306
164 674
164 342
164 172
164 704
591 897
591 886
591 940
591 818
180 732
180 500
180 955
180 823
180 310
966 992
453 570
453 693
453 556
453 974
453 661
453 757
162 434
162 834
162 502
162 379
162 623
162 902
162 796
162 248
162 925
721 912
721 760
721 878
721 987
721 834
732 816
732 952
354 916
354 930
354 801
354 512
233 833
233 609
233 351
233 705
233 894
233 927
96 364
96 866
96 719
96 265
96 283
96 962
96 572
96 497
96 824
213 419
213 339
213 301
213 671
213 265
213 262
213 581
213 221
368 878
368 514
368 817
4 43
4 411
4 87
4 753
4 169
4 449
739 776
739 806
739 750
59 514
59 721
262 425
601 757
579 881
579 786
579 661
579 763
579 822
390 420
390 846
390 700
390 722
390 646
390 763
390 823
390 828
714 948
572 853
572 983
527 742
527 601
527 818
527 889
527 620
527 972
689 716
689 775
333 816
333 848
533 730
533 897
533 979
683 919
683 774
683 900
437 534
437 841
437 990
437 957
618 795
61 160
61 282
61 138
61 678
61 358
61 547
61 695
402 862
402 861
402 949
318 749
318 945
318 599
318 822
318 891
318 525
523 800
523 875
545 664
115 924
115 172
115 323
115 505
115 830
606 961
606 624
606 994
606 964
606 759
375 896
375 873
375 700
375 898
536 779
536 925
536 774
536 855
536 891
536 948
228 843
228 908
228 905
228 519
228 468
228 633
228 886
228 529
228 537
557 794
557 762
904 959
316 405
316 666
316 974
316 432
316 879
316 317
671 757
671 715
225 472
225 833
465 870
465 607
465 683
694 762
694 804
638 746
170 487
170 837
55 90
55 984
55 256
55 574
14 204
14 564
14 897
14 750
14 525
14 627
14 823
14 113
643 910
643 776
643 732
504 812
504 887
646 828
130 852
130 817
130 283
130 230
130 236
130 305
130 966
139 323
139 374
139 402
119 227
119 399
119 574
119 673
119 721
910 941
696 868
696 882
32 540
32 104
32 88
32 237
32 795
32 630
32 898
32 180
81 151
81 336
81 582
277 790
277 727
277 881
277 665
277 425
282 631
282 465
282 836
282 498
282 480
282 539
282 335
250 599
250 917
250 577
250 801
250 281
839 845
976 988
121 606
121 640
121 988
121 632
121 217
596 751
596 984
596 743
596 612
596 785
492 671
492 839
581 975
581 842
581 672
414 761
414 974
414 520
414 759
811 861
469 627
469 986
469 566
46 749
46 267
46 147
46 938
46 96
46 780
675 807
675 801
317 925
317 791
317 391
317 508
317 754
480 659
480 857
480 985
805 936
805 985
730 858
730 869
23 987
23 475
23 103
23 666
23 946
23 187
179 815
179 744
179 758
648 833
648 904
303 830
303 959
303 369
303 948
303 636
785 871
785 872
62 609
62 862
140 556
140 205
140 288
140 462
140 721
417 531
903 980
551 885
12 98
12 380
12 157
468 643
468 658
468 517
134 486
134 640
134 512
134 135
561 800
561 891
561 764
561 744
155 266
155 202
155 716
155 792
155 473
155 801
109 175
109 257
109 166
109 904
109 337
109 130
109 317
109 206
109 136
109 148
109 191
109 980
100 513
100 788
243 858
243 594
243 841
243 291
37 325
37 996
37 65
37 644
171 728
171 434
171 274
104 477
104 856
104 261
104 139
104 774
104 319
425 949
425 774
425 557
425 734
506 794
506 830
506 645
763 818
763 970
763 826
763 854
216 426
216 324
216 812
668 748
272 884
272 285
272 786
143 713
143 680
143 409
143 865
143 882
143 955
143 730
143 793
125 175
125 686
125 362
125 970
125 170
125 805
25 366
25 132
25 333
25 498
25 942
25 88
25 791
25 905
25 76
25 93
25 399
419 738
383 405
383 882
383 474
383 535
529 798
529 921
529 863
685 970
685 939
685 747
75 520
75 308
75 714
75 140
75 863
75 214
75 743
75 583
75 982
57 476
57 154
57 813
57 418
57 553
57 543
57 284
325 363
325 528
325 610
325 786
718 856
718 907
456 592
456 948
456 995
456 726
456 972
521 868
846 931
846 970
846 930
265 598
265 880
265 461
265 420
265 976
265 531
377 861
377 452
377 867
377 752
241 574
261 410
261 935
261 558
261 604
393 605
393 450
393 591
393 899
160 323
160 671
160 404
148 391
148 320
148 317
148 263
809 828
809 896
663 686
853 942
462 824
462 683
622 931
622 673
622 897
239 252
239 984
631 666
747 839
41 138
41 865
41 226
41 509
41 997
41 392
537 730
537 801
970 986
382 772
382 674
382 577
382 940
382 667
619 810
619 753
98 413
98 554
98 530
98 514
98 806
98 665
850 888
94 504
94 976
94 821
94 753
94 557
94 824
873 948
259 676
259 884
86 549
86 871
86 193
86 374
665 966
665 969
958 986
731 845
731 768
731 825
798 965
798 824
142 319
142 670
142 446
142 824
612 967
706 982
727 850
727 734
178 782
178 246
178 514
178 557
178 497
178 399
178 858
664 693
63 409
63 617
63 571
63 181
63 799
63 654
63 655
63 995
63 773
610 921
431 607
431 946
82 372
82 630
82 260
82 954
34 821
34 768
34 477
34 407
34 155
34 453
34 741
209 976
209 557
209 369
209 559
211 925
366 809
366 411
366 879
366 837
366 444
366 675
52 767
52 621
52 404
9 918
9 624
9 239
301 721
301 425
301 460
301 309
301 889
901 923
224 527
224 701
224 276
224 591
224 715
224 366
224 987
576 947
576 946
576 762
576 594
214 678
214 885
214 381
214 644
214 903
343 985
8 959
8 646
8 994
8 15
8 49
8 177
8 80
8 730
430 982
361 946
361 929
93 897
93 812
93 608
657 884
509 899
509 800
590 915
590 664
590 683
347 424
347 927
347 555
347 532
738 832
738 788
587 694
587 835
587 752
583 617
105 644
105 673
105 391
105 999
105 185
475 849
475 994
475 855
684 698
141 559
141 217
141 592
141 455
141 425
141 835
141 775
69 192
69 328
69 716
69 785
69 472
560 771
560 700
560 580
454 593
454 841
454 672
172 571 63 409 648 396 83 722 534 107 809 828 979 99 110 642 327 116 947 656 592 988 653 145 769 636 858 567 60 618 101 1 476 695 765 578 589 675 807 18 723 167 471 174 188 200 724 438 161 977 10 633 294 897 14 204 117 226 33 472 464 289 598 351 892 237 752 28 518 461 29 341 275 78 197 187 963 802 705 421 122 952 524 894 332 15 919 84 922 401 530 750 739 49 8 959 541 613 7 345 39 557 794 506 441 413 98 554 514 368 878 700 616 442 983 336 985 201 808 30 787 131 376 819 543 611 868 223 415 545 664 181 473 155 266 451 88 159 846 931 993 974 453 357 77 273 597 111 280 403 689 38 640 121 606 961 470 72 443 980 508 806 795 337 152 501 235 256 437 841 128 399 353 949 425 141 559 169 281 984 889 379 229 323 639 822 647 102 79 424 450 570 669 283 661 500 219 957 295 511 352 667 519 228 843 655 938 460 933 24 206 677 432 697 335 22 291 371 691 964 50 127 487 404 916 385 76 641 617 257 154 789 693 849 475 23 987 573 620 527 742 651 940 362 588 604 261 410 484 755 778 728 171 434 932 895 268 158 179 815 513 494 975 135 810 861 951 925 411 748 547 826 542 466 999 105 644 326 309 232 997 350 439 89 854 395 605 11 761 690 47 522 195 796 64 965 798 126 474 406 594 40 917 756 928 994 26 333 58 780 46 749 446 744 528 891 321 498 71 874 420 654 824 556 416 54 760 244 568 565 848 757 671 160 61 282 631 666 685 970 986 469 20 855 996 66 735 707 260 144 324 821 34 768 555 457 649 915 600 879 316 405 740 21 614 444 328 672 454 593 300 192 16 363 792 146 482 776 709 923 166 526 834 194 551 308 711 435 896 138 719 552 427 252 774 104 477 981 221 688 191 426 840 296 114 173 884 259 676 372 702 338 306 147 285 831 839 747 627 314 429 743 856 726 629 558 658 370 199 741 53 433 251 793 930 790 880 990 129 580 560 771 781 535 624 660 157 686 663 608 937 934 497 96 364 360 955 293 481 43 829 113 209 48 635 609 348 869 730 143 713 388 27 905 900 248 286 311 956 467 731 845 491 621 670 142 319 398 736 123 976 94 504 322 704 164 674 447 381 203 909 215 390 646 91 193 799 811 263 775 133 871 478 190 762 694 106 906 489 628 733 51 165 584 729 862 359 659 290 827 857 480 87 832 258 948 456 995 883 234 402 139 374 86 549 582 118 801 816 120 652 217 800 509 899 885 214 678 436 496 812 103 626 458 31 339 67 247 525 503 540 32 630 918 998 153 288 140 205 913 227 870 599 318 945 679 493 754 317 156 394 681 586 287 70 943 625 516 662 842 5 920 512 44 80 19 349 814 510 860 240 278 684 132 25 366 837 958 910 643 468 517 912 65 392 550 184 698 176 236 130 852 340 17 864 279 866 935 645 732 180 823 745 459 712 334 783 299 907 718 231 927 449 346 936 320 872 785 182 603 650 973 564 926 400 851 505 330 13 222 343 305 720 264 610 921 168 220 389 751 35 548 207 758 315 329 212 502 490 95 151 81 312 56 971 386 331 782 746 638 585 6 825 699 836 901 108 2 284 714 75 520 414 3 553 57 813 418 507 380 12 960 759 967 546 575 238 492 914 939 954 563 873 375 898 623 162 902 255 430 186 966 665 277 727 850 888 307 833 233 225 369 865 73 387 68 36 483 249 137 440 276 764 737 972 830 423 944 791 149 882 911 269 383 696 196 412 887 112 820 384 969 74 673 210 124 397 119 574 55 90 271 97 198 710 150 950 622 835 587 844 577 773 991 373 692 391 148 109 175 125 170 805 602 358 721 59 301 213 419 738 788 100 265 531 488 417 262 581 619 753 515 452 163 422 881 544 313 274 717 941 579 786 325 292 978 189 777 408 876 230 302 218 595 634 428 486 297 134 365 532 347 37 272 763 818 45 529 863 562 136 591 224 701 267 612 596 715 85 886 393 377 367 867 687 890 875 523 924 115 208 797 216 270 4 904 42 953 395 177 942 853 572 632 448 445 378 250 382 772 709 242 703 779 536 344 241 838 847 246 178 303 245 734 561 521 137 462 683 590 465 0 607 877 431 946 962 576 361 929 682 41 304 407 893 992 982 706 82 583 615 859 95 455 253 803 569 770 185 499 817 851 69 716 183 192 968 804 356 624 784 310 495 254 485 93 725 92 354 538 355 463 9 239 680 657 903 708 298 342 537 62 479 52 767 533 202 637 566 539 601 243 668 211 766 908 989 878 705 29
