1000 5000
791 926
791 849
791 927
791 998
791 994
791 929
610 791
610 766
610 707
610 779
610 939
610 912
610 890
610 757
94 281
94 205
94 116
94 338
94 696
94 153
94 695
94 203
94 881
94 294
94 914
94 706
94 956
94 632
94 155
94 410
94 863
94 221
94 507
94 610
94 465
294 767
294 779
294 420
294 635
294 317
294 977
294 881
294 927
294 742
294 740
294 535
294 409
294 860
294 791
881 901
881 998
881 993
881 952
155 268
155 548
155 791
155 868
155 627
155 948
155 517
155 781
155 302
155 855
155 363
155 338
155 221
155 969
155 551
155 458
155 709
155 185
155 754
155 294
155 542
155 430
155 260
221 390
221 477
221 547
221 999
221 791
221 352
221 298
221 379
221 383
221 358
221 516
205 533
205 846
205 998
205 542
205 394
205 363
205 574
205 608
205 338
205 296
205 404
205 408
205 868
205 481
205 759
205 551
205 791
205 711
205 702
205 364
205 210
205 541
205 416
205 867
205 610
205 696
41 352
41 998
41 83
41 167
41 709
41 610
41 94
41 530
41 881
41 779
41 116
41 930
41 627
927 941
927 943
927 965
352 763
352 939
352 907
352 375
352 400
352 867
352 610
352 748
352 787
352 479
352 378
352 791
352 711
352 881
352 994
939 998
26 584
26 185
26 41
26 954
26 311
26 582
26 348
26 142
26 201
26 294
26 221
26 997
26 564
26 454
26 782
26 286
26 572
26 718
26 420
26 808
26 239
26 964
26 881
26 176
26 985
26 78
26 909
26 658
26 823
26 107
26 855
311 927
311 852
311 610
311 798
311 935
311 541
311 891
311 315
311 947
311 325
311 444
311 998
311 348
311 507
311 881
311 338
311 408
311 939
311 695
311 781
311 539
5 990
5 527
5 176
5 420
5 187
5 239
5 797
5 378
5 153
5 352
5 359
5 477
5 428
5 155
5 685
5 268
5 529
5 817
5 294
5 882
5 355
5 171
5 873
5 185
5 394
5 939
5 535
61 627
61 329
61 616
61 298
61 132
61 221
61 771
61 608
61 89
61 704
61 828
61 116
61 868
61 352
61 160
61 444
61 338
61 110
61 471
61 750
61 224
61 527
61 581
61 378
61 262
116 262
116 404
116 160
116 718
116 646
116 754
116 471
116 378
116 316
116 750
116 855
116 791
116 738
116 311
116 881
116 189
116 781
116 205
378 849
378 962
378 379
378 756
378 390
378 610
378 772
378 672
378 463
378 496
378 750
378 707
281 948
281 927
281 693
281 283
281 608
281 797
281 507
281 338
281 410
281 937
281 640
281 284
281 569
281 610
281 773
281 809
338 565
338 618
338 591
338 561
338 694
338 809
338 469
338 684
338 551
338 678
338 604
338 741
338 939
338 542
338 379
338 616
338 778
338 868
338 959
338 835
404 479
404 754
404 686
404 408
404 823
404 925
404 817
404 967
404 622
404 791
404 868
404 780
404 879
404 849
404 857
420 881
420 465
420 868
420 513
420 888
420 974
420 927
394 406
394 704
394 403
394 875
394 833
394 754
394 905
394 489
394 881
394 998
153 399
153 742
153 163
153 311
153 458
153 892
153 713
153 352
153 797
153 767
153 781
153 390
153 939
153 586
153 761
153 676
153 348
153 420
153 805
153 591
153 211
153 366
868 939
868 890
868 881
68 910
68 527
68 219
68 778
68 287
68 849
68 142
68 955
68 325
68 265
68 709
68 73
68 96
68 799
68 788
68 893
68 131
68 221
68 262
68 517
68 797
68 155
68 476
68 132
68 608
68 90
68 292
68 862
68 420
68 695
68 167
855 963
110 404
110 781
110 479
110 526
110 240
110 689
110 169
110 421
110 627
110 262
110 138
110 614
110 348
110 658
110 954
110 338
110 420
110 868
110 314
110 877
110 707
185 341
185 531
185 828
185 331
185 967
185 991
185 718
185 410
185 877
185 493
185 809
185 803
185 881
185 911
185 338
185 551
185 969
185 922
185 903
185 660
185 800
132 355
132 791
132 652
132 404
132 757
132 741
132 768
132 660
132 451
132 994
132 627
132 390
132 868
132 738
132 530
132 411
132 247
132 351
132 542
132 155
132 309
132 205
83 893
83 211
83 494
83 868
83 915
83 701
83 781
83 625
83 971
83 368
83 447
83 224
83 497
83 901
83 551
83 817
83 799
83 137
83 290
83 561
187 572
187 701
187 388
187 912
187 489
187 860
187 547
187 444
187 922
187 394
187 403
187 907
187 610
187 404
187 389
187 360
187 939
781 985
781 967
781 855
781 852
781 805
781 868
410 715
410 424
410 892
410 791
410 646
410 535
410 717
410 767
410 428
410 411
410 868
262 290
262 408
262 385
262 451
262 828
262 602
262 927
262 348
262 283
262 760
262 650
262 604
262 321
262 799
262 467
262 340
262 465
572 690
572 599
572 807
572 805
572 696
572 680
572 797
572 855
348 658
348 542
348 681
348 926
348 435
348 572
348 535
348 590
348 578
167 391
167 632
167 637
167 724
167 197
167 603
167 275
167 571
167 586
167 776
167 635
167 656
167 798
167 495
167 239
167 262
167 658
167 348
390 796
390 546
390 580
390 410
390 486
390 610
390 521
390 436
390 998
390 531
390 403
390 803
390 553
390 932
390 406
680 781
680 997
680 696
680 938
680 779
35 824
35 83
35 826
35 41
35 906
35 936
35 948
35 489
35 539
35 57
35 378
35 122
35 873
35 486
35 853
797 938
797 939
797 931
260 778
260 655
260 296
260 635
260 420
260 839
260 738
260 495
260 378
260 496
260 580
260 281
260 518
260 692
260 948
658 880
658 669
658 861
658 816
658 747
658 696
658 734
658 865
658 998
948 995
247 765
247 772
247 993
247 828
247 320
247 592
247 546
247 637
247 738
247 710
247 314
247 275
247 591
247 695
247 804
247 728
403 800
403 993
403 945
403 756
403 906
403 438
403 548
403 928
403 862
403 760
403 759
403 868
403 999
403 919
290 479
290 636
290 415
290 610
290 352
290 782
290 401
290 863
290 589
290 693
290 967
290 459
290 538
290 390
489 998
489 656
489 578
489 982
489 890
489 815
489 807
489 610
275 551
275 750
275 486
275 338
275 869
275 693
275 816
275 656
176 861
176 436
176 559
176 784
176 364
176 522
176 219
176 811
176 742
176 394
176 809
176 945
176 527
176 970
176 924
176 373
176 237
551 939
551 658
551 666
551 791
551 779
551 624
224 390
224 739
224 939
224 779
224 838
224 847
224 754
224 388
224 404
224 489
224 444
224 480
224 649
224 809
224 275
224 848
224 287
779 868
779 901
591 656
591 679
591 788
591 720
591 658
591 706
379 702
379 467
379 813
379 643
379 797
379 607
379 404
379 397
379 388
379 649
379 842
379 479
379 683
379 991
379 795
527 906
527 810
527 948
527 603
527 992
527 829
527 680
527 854
322 589
322 383
322 584
322 489
322 894
322 693
322 444
322 881
8 455
8 345
8 262
8 438
8 954
8 613
8 798
8 788
8 737
8 96
8 321
8 816
8 449
8 382
8 62
8 133
8 247
8 290
8 403
849 868
177 939
177 868
177 379
177 248
177 375
177 975
177 444
177 541
177 325
177 210
177 506
177 383
177 405
177 352
177 927
96 205
96 258
96 240
96 885
96 408
96 889
96 348
96 998
96 696
96 227
96 962
96 848
96 360
96 427
96 791
239 988
239 715
239 502
239 240
239 875
239 317
239 489
239 809
239 936
239 749
239 447
239 680
239 327
239 572
239 397
239 706
553 779
553 853
553 781
553 610
553 917
553 684
553 671
553 990
553 760
553 569
321 517
321 676
321 404
321 479
321 553
321 717
696 748
696 873
696 797
696 974
693 948
693 849
693 881
693 791
693 996
693 950
693 958
693 927
693 932
57 176
57 696
57 62
57 946
57 794
57 521
57 616
57 873
57 286
57 223
57 656
57 427
57 271
57 736
219 948
219 927
219 775
219 321
219 263
219 366
219 454
219 400
219 812
219 261
219 863
219 527
219 553
219 442
219 292
219 962
219 575
465 861
465 769
465 794
465 754
465 602
465 685
465 713
465 521
465 849
465 745
440 702
440 741
440 807
440 520
440 540
440 791
440 740
440 907
440 954
440 718
440 675
440 610
632 837
632 902
632 766
632 722
632 817
436 924
436 561
436 489
436 892
436 688
436 500
436 542
436 772
436 463
436 680
436 608
436 564
436 971
436 999
436 798
436 750
848 954
848 904
848 939
211 998
211 407
211 750
211 627
211 551
211 933
211 630
211 465
211 526
211 967
754 944
754 855
754 853
133 678
133 233
133 252
133 338
133 962
133 155
133 181
133 696
133 718
133 283
133 385
133 958
133 321
133 528
133 800
133 666
133 591
133 690
809 981
809 972
197 759
197 232
197 295
197 813
197 410
197 853
197 311
197 952
197 348
197 948
197 818
197 541
197 737
197 413
197 240
197 338
197 657
197 787
197 848
197 650
197 982
707 916
707 762
707 742
707 991
798 981
798 998
798 891
798 939
798 893
798 932
542 927
542 760
542 926
542 628
542 690
542 750
542 867
542 597
529 542
529 556
529 595
529 927
529 907
529 912
529 566
529 711
529 780
529 656
529 732
246 322
246 901
246 368
246 761
246 637
246 489
246 447
246 390
246 344
246 857
246 770
246 902
246 436
246 262
355 445
355 910
355 578
355 849
355 754
355 408
355 610
355 875
355 911
355 982
355 466
709 901
709 922
709 791
709 824
709 827
709 883
131 542
131 436
131 141
131 902
131 695
131 894
131 942
131 707
131 405
131 586
131 939
131 653
131 529
131 543
131 642
131 958
131 842
131 796
131 434
179 680
179 247
179 696
179 215
179 236
179 610
179 190
179 332
179 404
179 474
179 184
179 901
179 946
179 709
179 180
179 754
358 550
358 972
358 798
358 782
358 799
358 933
358 547
358 729
663 767
663 687
663 809
663 719
663 881
663 958
517 586
517 919
517 848
517 924
517 914
517 949
517 750
517 754
890 924
608 632
608 798
608 704
608 738
608 758
608 749
608 744
608 942
405 663
405 853
405 516
405 606
405 578
405 420
405 579
405 442
405 756
405 691
405 543
750 914
750 901
750 903
368 932
368 780
368 527
368 713
368 809
368 983
368 434
368 926
368 906
368 546
548 863
548 784
548 693
548 970
548 828
548 805
78 253
78 412
78 270
78 759
78 388
78 454
78 203
78 750
78 185
78 661
78 586
78 310
78 959
78 495
78 703
78 926
78 202
541 828
541 802
541 587
541 804
541 872
541 905
541 569
541 610
541 706
767 925
767 958
767 907
223 658
223 491
223 338
223 547
223 956
223 351
223 444
223 405
223 251
223 608
223 455
223 939
223 962
223 649
223 394
586 761
586 986
586 984
586 665
586 963
444 849
444 745
444 746
444 678
444 564
444 500
444 646
444 630
444 859
444 891
444 538
447 778
447 961
447 477
447 951
447 479
49 61
49 247
49 94
49 360
49 906
49 346
49 427
49 718
49 397
49 265
49 845
49 168
49 534
49 154
49 521
49 616
616 901
616 924
616 737
616 794
616 919
805 846
805 931
805 827
695 831
695 902
695 766
385 548
385 707
385 937
385 405
385 616
385 559
385 455
385 410
385 924
385 928
385 689
385 865
817 916
817 829
817 975
817 922
817 854
817 879
107 805
107 530
107 701
107 695
107 319
107 262
107 907
107 627
107 769
107 849
107 657
107 451
107 662
107 733
107 595
107 917
901 927
901 945
2 518
2 944
2 767
2 107
2 636
2 820
2 360
2 119
2 108
2 658
2 738
2 595
916 972
627 927
627 868
627 732
627 758
580 868
580 756
580 906
580 807
580 704
580 609
580 735
287 801
287 511
287 687
287 608
287 944
287 674
287 350
287 658
287 367
113 240
113 203
113 798
113 538
113 709
113 132
113 968
113 478
113 899
113 617
375 905
375 750
375 901
656 997
656 759
656 907
656 917
656 878
701 993
701 722
701 873
701 880
701 982
701 737
701 796
701 732
240 444
240 671
240 998
240 324
240 410
240 632
240 928
240 555
240 738
240 542
240 321
240 404
286 802
286 548
286 338
286 290
286 739
286 797
286 600
286 463
286 924
286 369
718 983
718 874
718 903
718 921
718 948
718 956
718 827
104 502
104 541
104 745
104 616
104 340
104 719
104 791
104 187
800 918
800 987
569 881
569 909
569 592
272 707
272 606
272 551
272 299
272 366
272 830
272 348
272 482
272 913
272 547
272 738
272 462
272 323
272 632
737 953
737 759
737 826
737 902
142 580
142 441
142 185
142 195
142 997
142 603
142 824
142 286
142 311
142 809
142 918
142 467
142 754
142 244
283 456
283 437
283 444
283 650
283 867
283 542
283 570
283 572
283 849
283 979
283 460
283 968
283 925
521 756
521 656
521 805
521 672
521 687
48 779
48 440
48 527
48 211
48 203
48 962
48 915
48 832
48 388
48 898
48 737
873 944
160 507
160 436
160 223
160 970
160 846
160 737
160 817
160 656
160 608
160 872
160 604
160 521
160 924
160 927
160 404
778 931
778 946
778 849
778 861
778 926
778 889
530 565
530 681
530 797
530 916
454 690
454 480
454 710
454 573
454 979
454 757
713 817
713 762
713 818
713 958
360 487
360 474
360 538
360 805
360 415
360 783
335 495
335 998
335 451
335 812
335 523
335 368
335 892
335 969
335 860
335 572
335 718
335 664
80 849
80 669
80 243
80 567
80 989
80 846
80 541
80 603
80 998
80 789
80 996
912 956
912 957
202 541
202 577
202 382
202 492
202 394
202 791
202 929
202 224
202 707
202 642
202 376
202 304
202 294
202 657
202 918
202 718
408 809
408 860
408 488
408 778
408 908
408 813
408 906
408 801
408 523
408 420
637 912
637 977
637 783
637 695
637 828
637 895
495 713
495 504
495 809
495 941
495 620
495 697
180 581
180 593
180 855
180 489
180 355
180 911
180 346
180 424
180 407
180 793
180 578
180 362
180 657
180 381
180 736
203 366
203 767
203 839
203 481
203 905
203 958
203 762
203 235
203 828
203 536
203 492
203 936
203 693
203 554
203 354
203 545
203 846
678 874
678 967
678 926
678 719
678 681
678 715
678 966
547 925
547 898
118 992
118 420
118 158
118 360
118 378
118 184
118 854
118 153
118 797
118 644
118 501
166 343
166 954
166 642
166 874
166 614
166 283
166 420
166 192
166 529
166 855
166 799
166 798
166 922
166 360
166 842
166 327
166 322
816 977
816 953
816 971
687 861
687 828
687 917
351 979
351 547
351 793
351 467
351 926
351 991
351 702
351 819
388 835
388 520
388 902
388 905
388 838
388 518
89 408
89 798
89 351
89 251
89 346
89 530
89 218
89 185
89 378
89 565
89 686
89 452
89 404
89 311
89 600
89 912
89 211
89 138
382 788
382 693
382 462
382 551
382 454
382 629
382 806
382 915
738 775
738 938
880 933
880 986
880 956
369 477
369 378
369 729
369 603
369 737
369 383
369 382
369 783
369 704
366 763
366 395
366 529
366 884
366 553
366 999
366 938
366 927
494 527
494 880
494 621
494 657
546 709
546 967
546 658
546 714
546 586
546 738
510 707
510 809
510 797
510 647
510 971
773 948
210 581
210 430
210 368
905 914
761 916
761 893
761 956
761 982
761 869
761 798
964 983
59 907
59 93
59 609
59 85
59 185
59 652
59 350
59 559
59 66
51 465
51 719
51 720
51 64
51 410
51 543
51 778
51 947
51 913
51 964
51 202
51 801
51 749
51 910
51 368
64 949
64 350
64 580
64 211
64 187
64 637
64 280
64 760
64 322
64 439
64 197
137 171
137 964
137 190
137 609
137 791
137 463
137 436
137 789
137 442
137 827
759 775
584 863
584 742
584 828
584 974
584 783
584 970
584 960
92 966
92 734
92 438
92 926
92 274
92 341
92 855
92 287
438 678
438 622
438 855
438 711
438 947
438 662
438 919
438 963
455 463
455 982
455 991
455 748
455 816
455 975
455 798
479 745
479 741
479 704
479 944
479 768
479 801
479 774
479 518
479 678
479 715
479 660
479 772
341 870
341 647
341 769
341 779
341 760
341 400
341 964
341 861
341 738
720 775
720 773
720 926
720 807
720 901
720 863
720 912
846 849
846 908
846 880
846 862
846 931
646 768
646 962
646 878
646 902
646 794
646 797
298 584
298 408
298 817
298 510
298 849
298 833
298 537
298 769
298 787
298 466
298 720
298 786
559 618
559 956
559 680
559 998
559 825
559 906
559 771
559 809
559 922
15 705
15 239
15 41
15 903
15 855
15 246
15 527
15 600
15 993
15 975
15 91
15 338
15 672
15 227
15 986
15 826
15 329
671 817
671 840
671 857
671 894
561 897
561 798
561 603
561 867
561 905
593 900
593 890
593 709
593 939
593 707
593 775
593 859
507 609
507 881
507 732
507 846
507 759
507 989
507 929
507 584
507 797
507 624
635 644
635 666
578 620
578 663
578 872
578 859
589 724
589 817
589 826
589 931
589 900
589 663
589 856
589 883
589 731
383 511
383 568
383 552
383 610
383 863
383 967
383 584
383 692
383 890
719 780
719 746
719 817
719 890
719 733
257 640
257 589
257 281
257 769
257 374
257 440
257 388
257 839
257 817
257 386
257 862
257 506
257 454
257 579
257 351
46 635
46 573
46 204
46 134
46 132
46 660
46 553
46 420
853 957
62 982
62 817
62 997
62 338
62 512
62 596
62 873
62 717
62 191
53 709
53 158
53 137
53 480
53 939
53 106
53 910
53 646
53 750
53 666
53 168
675 798
675 831
675 773
675 983
675 971
675 946
675 702
739 746
739 767
704 912
704 741
704 808
704 806
704 721
212 843
212 754
212 808
212 675
212 413
212 708
212 742
212 905
212 460
212 300
212 931
212 983
204 224
204 543
204 586
204 696
324 800
324 366
324 753
324 694
324 675
324 861
324 369
324 584
324 681
324 360
660 916
660 898
660 694
660 857
518 542
518 768
539 760
539 561
539 863
539 928
539 766
769 872
769 899
523 742
523 590
523 618
523 832
523 614
523 660
523 850
818 861
818 855
34 48
34 53
34 305
34 546
34 920
34 881
34 378
34 124
34 355
34 776
34 705
34 554
34 853
34 148
34 402
34 678
467 753
467 661
467 542
467 880
151 800
151 309
151 321
151 767
151 392
151 877
151 164
151 230
151 434
151 798
151 622
151 218
151 404
151 498
756 970
756 901
756 863
756 942
756 954
756 794
756 958
54 276
54 681
54 267
54 66
54 221
54 257
54 576
54 932
54 306
54 383
54 616
54 118
54 991
54 722
54 474
54 775
54 204
54 366
305 907
305 717
305 772
305 383
305 447
305 749
787 803
787 909
787 922
787 796
599 778
599 881
599 801
599 756
842 958
105 629
105 294
105 182
105 758
105 216
105 551
105 275
105 394
105 349
105 220
50 88
50 743
50 247
50 187
50 386
50 645
50 610
50 95
50 705
50 137
50 109
685 920
685 697
685 784
685 927
685 917
861 966
861 906
861 962
276 685
276 322
276 756
276 346
910 997
190 556
190 939
190 194
190 694
190 489
190 553
190 541
190 405
190 222
190 846
190 269
190 974
190 642
775 926
775 798
775 808
775 975
775 889
758 909
758 954
758 971
758 847
672 858
672 779
672 781
672 922
603 805
603 663
603 684
603 833
603 691
715 744
715 961
715 729
189 855
189 904
189 242
189 538
189 998
189 240
189 723
189 262
772 838
772 787
314 418
314 511
314 963
314 351
314 599
314 665
314 569
314 927
314 416
314 625
314 699
314 385
838 908
838 924
506 890
300 850
300 451
300 978
300 687
300 985
300 613
300 981
442 947
442 486
442 995
442 854
442 729
376 451
376 709
376 615
376 893
376 561
67 758
67 690
67 75
67 770
67 128
67 310
67 650
67 212
67 113
148 324
148 761
148 660
148 455
148 290
148 706
148 321
148 531
749 897
315 591
315 674
315 344
315 455
315 950
315 870
315 392
315 605
243 264
243 876
243 742
243 799
243 864
243 769
243 628
243 431
243 871
706 766
706 958
706 788
706 820
706 994
920 964
252 338
252 723
252 750
252 949
252 341
252 693
252 698
252 986
252 805
782 901
782 969
782 815
782 837
742 978
742 760
742 918
711 797
711 878
711 927
711 759
622 708
622 857
622 926
622 754
622 816
350 541
350 892
350 768
350 689
350 994
350 533
350 634
350 780
702 744
702 983
702 768
702 810
702 724
702 958
543 616
543 827
543 871
543 587
543 546
543 818
931 998
931 954
486 695
486 783
486 712
486 642
486 951
486 506
486 919
486 874
486 600
746 770
746 864
746 780
746 815
0 389
0 894
0 74
0 747
0 49
0 646
0 84
0 545
0 913
0 429
532 658
532 921
532 978
532 550
532 931
532 850
532 634
532 575
745 920
745 847
745 950
745 827
745 903
451 689
451 589
451 476
451 909
859 903
859 991
538 626
538 790
538 928
538 599
538 779
538 801
200 640
200 614
200 450
200 759
200 272
200 240
200 447
200 677
319 684
319 919
319 720
319 954
319 913
319 444
319 351
319 410
319 333
293 765
293 476
293 458
293 315
293 431
293 956
293 319
293 592
606 792
606 890
606 666
606 767
606 713
606 637
244 545
244 794
244 763
244 481
244 543
244 472
244 505
244 932
267 538
267 764
267 319
267 542
267 516
267 775
267 748
267 677
267 982
267 867
267 367
733 998
592 912
592 696
531 716
531 621
531 715
531 880
531 738
531 913
531 796
807 918
71 171
71 627
71 812
71 814
71 954
71 566
71 663
71 315
71 944
71 798
71 365
71 368
71 571
71 418
827 872
399 978
399 938
399 642
399 701
399 924
399 919
399 453
600 649
600 760
600 693
346 879
346 719
346 350
346 951
909 970
487 772
487 678
487 768
780 831
505 779
505 923
505 534
681 816
681 986
681 982
681 809
370 436
370 758
370 514
430 838
430 687
430 474
430 993
430 580
430 603
430 843
430 707
430 591
430 766
760 813
25 430
25 244
25 112
25 758
25 517
25 350
25 997
25 773
25 240
25 455
25 316
25 389
25 599
184 600
184 945
184 964
184 736
184 767
158 667
158 873
158 685
158 911
158 530
158 573
158 548
158 761
340 955
340 502
340 949
340 960
340 813
340 484
741 893
741 916
741 964
741 785
43 558
43 806
43 450
43 379
43 902
43 548
43 793
43 595
400 505
400 517
400 606
400 520
400 658
400 927
400 723
233 280
233 734
233 405
233 354
233 818
233 731
233 529
31 157
31 709
31 462
31 824
31 677
31 902
31 219
31 809
31 532
31 917
31 972
31 546
697 950
697 827
697 745
697 904
302 480
302 475
302 510
302 450
302 468
302 727
302 542
302 601
302 961
302 550
657 923
657 710
618 926
618 724
618 805
618 939
618 956
618 853
618 763
6 353
6 459
6 246
6 450
6 713
6 806
6 243
6 792
6 982
6 403
6 636
139 142
139 950
139 207
139 422
139 594
139 450
139 499
139 365
139 999
139 524
139 591
139 994
139 991
139 397
139 695
139 826
88 284
88 774
88 212
88 169
88 642
88 880
88 529
88 115
88 685
88 201
717 920
717 858
717 897
717 754
717 813
757 900
896 948
896 981
788 884
397 720
397 589
397 900
397 750
397 602
397 953
397 758
90 660
90 92
90 973
90 859
90 949
90 653
90 953
90 895
434 548
434 633
434 994
434 606
434 759
434 760
434 613
949 960
389 517
389 506
109 434
109 754
109 315
109 589
109 624
109 508
109 862
109 941
109 923
339 615
339 685
339 541
339 878
339 515
339 930
339 584
339 907
339 716
339 697
339 786
621 888
621 644
621 767
666 932
502 687
502 826
502 909
502 785
407 878
407 778
407 625
407 726
407 799
407 733
407 518
407 909
363 849
363 621
363 494
363 622
363 610
363 550
499 884
499 993
499 516
499 588
499 513
499 535
499 720
499 918
677 805
677 856
655 934
655 680
655 874
655 695
655 980
450 845
450 582
450 519
450 513
690 818
690 878
496 542
496 735
496 650
496 956
496 611
163 655
163 607
163 658
163 286
163 825
877 881
877 905
796 821
796 806
437 599
437 562
437 586
437 770
437 450
794 978
794 796
642 943
642 880
642 998
227 329
227 571
227 745
227 678
227 913
227 273
227 384
227 979
227 982
227 416
325 879
325 961
325 788
325 746
325 829
325 658
364 464
364 938
364 880
364 779
364 696
364 539
752 940
752 768
752 829
752 955
752 787
237 334
237 890
237 824
237 701
237 318
237 389
237 711
237 844
237 483
919 938
449 840
449 737
449 873
449 687
449 546
449 601
449 634
734 975
734 860
918 926
367 655
367 871
367 551
367 792
367 917
367 639
367 905
367 433
367 383
367 781
172 724
172 659
172 911
172 998
172 438
172 616
172 627
172 933
172 950
172 951
172 338
172 404
629 706
629 832
265 522
265 578
265 924
265 440
265 820
265 752
265 659
480 549
480 604
480 489
373 482
373 862
373 694
373 683
373 755
373 936
373 956
182 361
182 628
182 578
182 656
182 673
182 715
182 522
182 836
428 985
428 771
428 610
428 947
428 506
903 958
903 988
306 712
306 344
306 517
306 587
641 741
641 772
641 834
641 722
641 962
714 991
714 737
125 177
125 999
125 630
125 794
125 912
125 758
125 552
65 272
65 726
65 689
65 182
65 929
65 365
65 240
65 953
879 930
879 883
115 537
115 904
115 854
115 169
115 588
115 700
115 229
115 382
650 805
650 934
650 743
650 939
650 920
650 715
36 782
36 578
36 352
36 560
36 927
36 680
36 268
36 332
36 536
452 917
452 932
452 902
452 655
452 975
66 569
66 642
66 991
66 801
66 363
66 979
456 772
456 748
456 780
456 771
316 461
316 826
316 703
316 429
316 601
316 338
316 813
316 843
42 694
42 837
42 859
42 220
42 242
42 340
418 565
418 690
418 936
418 800
418 863
418 890
418 675
472 790
472 750
472 527
58 474
58 890
58 323
58 400
58 996
58 390
58 793
58 109
58 106
58 278
801 814
251 419
251 307
251 863
251 589
598 954
598 820
598 849
598 631
598 687
213 931
213 535
213 925
213 223
213 523
213 940
213 641
583 888
583 979
583 998
583 798
583 827
310 946
310 435
310 922
310 317
310 608
310 701
310 368
310 598
310 403
320 712
320 444
320 430
415 570
415 856
415 981
415 741
415 494
415 826
763 871
763 933
763 944
377 745
377 453
377 693
377 816
377 601
377 477
10 769
10 671
10 203
10 379
10 46
10 17
10 166
10 66
270 693
270 782
270 828
270 748
270 895
327 791
327 574
327 639
327 420
327 532
327 558
250 935
250 642
250 555
250 911
250 918
250 443
770 871
770 833
147 401
147 493
147 794
147 782
147 895
147 378
147 207
147 894
147 276
147 860
768 905
768 799
768 835
284 473
284 324
284 364
284 504
284 976
284 382
833 878
833 926
871 973
520 766
520 599
520 756
520 740
520 748
520 729
520 523
520 929
688 923
688 764
688 800
513 660
513 534
513 693
513 681
513 661
477 718
477 905
477 992
477 939
477 519
477 890
477 534
477 684
171 632
171 724
171 417
171 854
171 870
171 258
705 835
705 938
705 838
983 985
723 929
723 904
723 982
723 973
723 963
723 735
723 853
729 739
729 896
395 403
395 623
395 718
395 610
395 666
694 802
372 820
372 640
372 782
372 639
372 848
372 806
372 945
689 912
689 928
689 937
628 952
628 794
628 688
628 651
628 711
628 931
120 133
120 962
120 973
120 451
953 962
953 969
837 871
837 999
933 949
60 901
60 768
60 158
60 399
60 673
60 445
60 829
60 570
60 179
60 228
60 601
60 701
860 865
860 887
537 718
537 853
537 848
537 631
537 563
537 894
537 910
537 785
567 975
567 818
567 642
567 899
567 698
921 957
826 885
396 615
396 419
396 889
396 820
396 588
396 799
565 976
565 669
565 870
565 816
91 456
91 286
91 611
91 879
91 217
91 506
91 622
91 97
91 305
296 704
296 471
296 800
296 635
296 632
296 651
296 436
611 680
611 972
611 852
611 672
493 658
493 520
129 297
129 212
129 182
129 756
129 753
129 905
129 900
129 413
129 290
464 681
464 982
464 510
464 907
464 636
464 538
464 894
894 993
330 498
330 823
330 860
330 440
330 793
330 828
330 738
330 336
297 520
297 933
297 917
297 586
297 929
297 707
297 991
401 710
401 902
401 822
401 494
401 550
401 709
401 713
724 786
724 796
515 739
515 863
515 964
515 805
515 854
515 834
165 885
165 656
165 294
165 331
165 937
165 523
165 266
169 885
169 722
169 466
169 721
169 290
748 807
748 763
748 932
748 821
511 659
511 901
511 518
511 699
516 718
516 998
516 962
516 818
516 833
516 608
516 548
191 272
191 381
191 498
191 823
191 684
191 353
191 294
191 595
191 494
191 855
191 586
259 809
259 515
259 960
259 941
259 611
259 358
259 771
259 571
771 904
771 812
595 664
595 779
595 809
20 939
20 753
20 816
20 591
20 565
20 674
679 963
679 873
134 285
134 504
134 551
134 677
955 962
474 841
474 890
867 915
206 674
206 277
206 799
206 567
206 809
206 327
206 442
206 409
799 837
799 874
799 932
417 438
417 887
417 428
674 874
674 931
674 863
674 941
843 941
604 958
604 949
604 658
915 956
497 714
497 975
497 654
497 953
497 850
497 553
333 339
333 382
333 906
333 466
333 375
122 682
122 179
122 822
122 909
122 486
122 307
122 285
122 452
609 629
609 647
609 944
581 764
581 602
581 849
878 906
433 570
433 480
433 702
119 604
119 462
119 285
119 712
119 472
119 847
119 932
119 809
119 692
119 701
119 154
301 311
301 806
301 546
301 307
301 454
301 565
482 689
482 544
482 881
482 892
482 488
482 934
263 538
263 752
263 361
263 564
263 737
263 865
263 400
144 909
144 752
144 993
144 523
144 188
144 826
144 473
500 860
500 846
500 772
500 703
500 916
500 867
500 603
732 836
732 993
159 845
159 227
159 627
159 987
17 833
17 685
17 233
17 569
17 972
17 104
17 64
280 385
280 947
280 425
280 648
280 292
280 583
280 344
549 670
549 918
549 855
549 730
344 657
344 901
344 549
344 794
344 807
344 978
344 390
29 679
29 383
29 589
29 54
29 43
29 907
29 38
29 751
226 982
226 383
226 896
226 251
226 480
740 775
740 850
740 776
63 462
63 293
63 557
63 221
63 73
63 939
63 188
63 166
63 428
63 189
63 663
63 643
63 132
929 967
439 881
439 705
439 758
439 729
439 691
128 918
128 932
128 681
783 855
216 705
216 387
216 707
216 304
216 765
216 770
216 605
216 888
365 813
365 687
365 555
365 450
365 869
126 766
126 569
126 154
126 732
126 131
126 840
126 962
126 521
126 699
815 960
225 319
225 540
225 575
225 476
225 507
225 648
225 983
225 687
225 950
726 845
726 727
285 945
285 289
285 541
285 325
285 581
285 936
285 546
95 98
95 329
95 314
95 533
95 900
391 955
391 869
391 953
667 771
667 837
667 859
667 951
667 869
667 926
222 712
222 339
222 726
222 579
222 646
222 510
222 241
222 736
222 752
421 640
421 626
421 913
421 999
421 482
466 971
466 822
466 748
466 474
466 985
52 423
52 242
52 200
52 322
52 640
52 391
268 580
268 489
268 895
268 625
268 501
268 417
268 363
28 107
28 655
28 943
28 327
28 716
28 761
28 61
28 714
299 413
299 356
299 613
299 809
162 348
162 263
162 177
162 223
162 555
162 382
162 654
162 439
792 854
716 851
716 783
374 975
374 511
374 632
374 448
555 628
555 588
555 684
555 795
555 881
579 772
579 674
579 745
579 795
138 885
138 607
138 182
138 559
138 420
138 226
138 595
138 316
813 856
784 818
601 650
571 800
571 929
571 719
571 787
571 962
571 587
231 876
231 412
231 878
231 641
231 401
231 825
231 915
231 730
87 556
87 579
87 339
87 145
87 413
87 314
87 829
87 426
753 820
753 974
347 593
347 985
347 875
347 524
347 437
347 502
347 899
347 588
24 960
24 447
24 715
24 631
24 237
24 376
24 313
24 110
24 250
24 534
24 25
425 448
425 637
425 594
371 397
371 496
371 578
371 919
186 782
186 980
186 698
186 690
186 713
448 525
448 623
448 820
448 854
850 905
850 961
123 420
123 946
123 228
123 338
123 541
123 915
123 679
423 961
423 497
423 755
423 671
423 698
423 746
229 428
229 442
229 633
229 972
229 602
229 741
229 298
229 675
229 814
229 990
229 381
69 125
69 696
69 715
509 948
509 582
509 528
509 568
445 494
445 891
445 720
445 624
445 530
460 957
460 679
460 840
460 463
460 686
460 975
544 679
544 605
544 565
329 772
329 957
644 713
644 980
644 699
13 969
13 987
13 841
13 260
13 949
13 485
195 818
195 733
195 688
195 226
384 461
384 975
384 582
384 965
384 702
56 445
56 883
56 901
56 630
56 350
56 855
56 539
56 512
56 939
303 605
303 647
303 667
303 603
303 617
303 671
303 694
535 816
535 717
535 548
535 616
535 887
535 807
562 786
562 776
722 969
722 971
217 360
217 395
174 669
174 444
174 966
174 553
174 993
710 988
387 848
387 651
387 535
387 774
387 545
387 636
387 400
387 723
387 402
387 544
387 781
258 404
258 606
258 546
258 900
258 408
258 355
258 893
594 882
156 262
156 807
156 665
156 395
156 998
156 295
575 772
575 603
575 774
575 947
575 696
575 846
575 849
649 731
145 286
145 747
145 835
145 276
145 679
145 826
145 923
413 723
413 510
413 816
413 784
413 837
413 431
413 500
413 854
413 925
602 774
602 982
602 632
602 830
682 872
682 916
682 696
682 731
633 751
633 766
633 887
633 838
522 767
522 625
522 678
525 678
525 880
525 712
525 736
175 847
175 256
175 684
175 976
175 993
175 511
830 923
121 988
121 628
121 296
121 875
121 394
121 595
121 189
127 578
127 586
127 999
127 697
127 361
127 497
127 472
127 224
127 591
127 316
876 997
309 607
309 681
309 327
309 782
309 819
309 551
309 591
654 681
654 696
654 838
648 760
44 556
44 169
44 299
44 583
44 693
44 285
44 504
111 181
111 646
111 393
111 492
111 494
111 169
111 758
111 303
111 384
735 744
735 923
825 936
412 735
412 540
412 983
412 726
412 627
412 995
412 561
862 884
614 982
164 320
164 741
164 671
164 963
164 813
164 401
292 714
292 882
292 300
292 943
292 461
292 456
292 753
292 550
292 425
676 736
30 674
30 815
30 171
30 729
30 805
30 242
30 848
708 915
708 737
426 654
426 944
564 735
564 715
564 744
564 849
730 905
730 813
730 873
829 935
607 922
607 834
173 398
173 611
173 858
173 235
173 195
173 846
576 893
576 853
576 833
576 626
576 710
32 188
32 606
32 187
32 894
32 780
85 638
85 195
85 996
85 456
85 853
85 263
85 149
85 89
755 881
755 786
755 806
380 555
380 979
380 392
605 957
684 924
684 948
424 794
424 605
424 809
424 918
424 731
424 727
892 933
81 650
81 320
81 530
81 245
81 896
135 380
135 800
135 194
135 389
135 437
106 187
106 552
588 909
588 649
588 794
356 434
356 849
356 688
84 598
84 214
84 166
84 328
245 468
245 876
245 435
245 802
435 834
435 868
852 878
852 975
271 787
271 510
271 679
271 357
271 477
271 347
271 769
819 954
774 968
568 815
552 941
528 849
528 800
528 563
528 613
398 674
398 823
398 432
398 992
786 935
786 826
814 856
386 822
386 595
386 843
386 425
386 676
386 555
386 658
386 961
776 912
776 902
776 843
550 817
345 936
345 811
345 502
345 526
345 427
345 365
215 269
215 886
215 647
215 320
215 283
215 594
215 400
519 679
519 955
519 756
349 950
349 465
349 580
349 695
651 979
93 185
712 994
712 828
712 752
478 487
647 648
207 710
207 353
207 501
207 762
845 904
845 894
253 377
253 325
253 469
253 409
253 652
253 732
277 590
277 364
277 888
277 441
277 477
256 762
39 827
39 56
39 72
39 868
39 621
39 96
39 633
39 593
639 877
639 724
639 971
639 816
639 849
639 825
935 985
124 221
124 890
124 642
124 704
124 969
463 664
545 961
545 870
545 808
1 566
1 305
1 511
1 45
1 286
1 41
1 289
856 912
354 708
354 803
354 452
354 535
432 695
432 597
37 966
37 235
37 467
37 56
37 664
37 647
37 289
37 476
9 962
9 421
9 736
9 112
9 244
9 158
914 944
161 724
161 743
161 421
161 653
161 605
161 374
161 823
161 634
161 541
812 984
524 538
524 829
524 874
524 936
524 997
12 81
12 546
12 926
414 928
414 922
414 980
353 461
353 870
353 423
353 893
38 542
38 747
38 152
38 310
38 509
114 919
114 145
114 576
114 718
114 401
114 719
114 389
154 861
154 238
154 707
154 225
154 819
498 865
498 820
498 689
483 529
201 585
201 771
201 340
201 805
201 562
201 687
201 220
218 325
218 780
218 661
218 983
218 941
218 870
218 539
218 363
218 945
72 392
72 200
72 805
72 414
533 707
533 918
751 851
279 708
279 546
673 788
673 858
188 884
188 372
188 337
188 796
640 700
640 972
103 331
103 328
103 395
103 306
103 483
103 683
103 720
554 994
554 558
255 737
255 885
255 307
255 801
255 322
255 506
686 988
686 937
686 706
476 653
476 699
476 616
476 688
476 855
476 779
476 969
100 346
100 584
100 133
100 614
317 775
317 631
317 904
317 549
317 622
492 585
492 860
492 958
492 664
492 841
492 579
492 922
492 596
443 898
443 763
291 994
291 305
291 896
291 433
22 600
22 67
22 590
22 965
22 664
22 293
22 89
22 972
336 904
336 664
336 749
336 747
585 832
585 923
585 960
459 634
112 282
112 828
112 667
112 289
112 676
112 206
112 565
79 260
79 252
79 495
79 379
79 320
79 791
27 626
27 409
27 562
27 189
27 61
27 420
27 294
536 844
536 956
536 705
14 347
14 305
14 712
14 783
14 92
181 314
181 570
181 741
181 423
181 911
181 371
181 970
526 804
526 850
526 994
526 757
235 798
235 997
274 387
274 445
274 478
274 622
274 543
406 829
406 786
269 629
269 383
269 368
269 660
11 667
11 433
11 962
11 185
11 975
11 788
11 594
11 475
11 380
11 377
11 266
209 402
209 301
209 283
209 671
209 339
875 899
289 832
289 496
289 969
422 843
422 692
422 610
220 988
220 328
220 710
220 807
220 618
220 787
220 883
220 508
620 962
566 638
566 610
885 929
228 790
228 624
228 371
228 885
228 992
228 500
228 952
326 458
326 667
326 684
326 375
624 727
199 697
199 224
199 348
199 955
242 858
242 916
242 822
242 513
242 955
242 712
242 402
242 358
766 992
725 964
725 734
108 533
108 928
108 311
108 718
108 828
899 931
328 374
328 636
626 857
626 897
481 501
481 639
481 942
481 559
831 869
831 845
831 925
540 892
540 828
540 999
540 834
596 988
596 743
596 677
596 920
596 995
596 734
596 612
596 737
168 296
168 675
168 243
168 362
168 703
168 598
168 993
76 325
76 435
76 536
76 986
76 146
490 647
490 943
490 762
490 879
431 915
431 619
431 825
577 758
577 832
577 960
21 102
21 134
21 694
21 742
21 567
214 715
214 366
3 296
3 835
3 581
3 971
3 967
273 369
811 892
504 759
70 151
70 653
70 521
70 407
70 675
409 648
409 563
409 876
409 625
409 607
409 505
47 196
47 719
47 885
47 519
47 452
47 506
47 721
47 375
793 981
793 906
461 658
461 729
461 545
461 988
508 841
508 796
508 982
343 589
343 756
343 929
343 662
343 706
102 185
102 941
102 217
102 677
102 393
102 772
102 917
75 216
75 628
75 238
75 824
501 958
501 518
501 992
501 605
501 688
501 838
312 635
312 394
312 632
312 339
312 763
312 829
312 396
668 933
668 870
590 994
304 719
304 518
304 902
475 816
475 552
264 280
264 579
264 850
264 265
117 838
117 592
117 291
117 938
117 516
117 676
117 917
136 734
136 299
136 668
136 938
136 715
136 967
136 212
484 550
392 423
392 899
392 711
232 324
232 969
232 539
232 801
232 291
232 404
473 793
777 830
777 912
777 886
777 869
402 543
402 495
470 734
470 567
470 712
470 544
470 524
698 850
698 942
698 900
698 866
488 867
488 896
491 576
491 901
491 963
491 759
957 979
86 758
86 496
86 99
86 265
587 805
587 971
99 314
99 859
99 650
99 433
869 957
140 496
140 430
140 907
140 833
140 689
140 796
140 621
984 993
193 995
193 432
193 824
193 504
193 761
193 194
193 195
193 344
359 711
359 436
359 873
359 759
652 726
762 921
183 696
183 640
183 691
183 477
183 968
183 780
4 190
4 517
4 496
4 324
4 747
4 22
178 598
178 699
178 900
178 871
178 355
178 933
178 324
178 991
178 460
337 419
337 590
337 952
337 756
795 977
795 862
940 950
966 970
101 482
101 850
101 711
101 297
101 848
101 636
645 857
645 850
393 610
393 658
393 786
393 506
643 796
643 714
643 827
643 719
411 480
411 417
485 650
485 973
485 987
141 424
141 521
141 767
152 351
152 483
152 779
152 346
152 253
152 856
152 595
152 158
731 759
731 734
40 270
40 983
40 292
40 434
40 858
40 711
254 285
254 677
254 642
254 785
747 798
362 690
362 721
362 981
804 970
636 780
623 910
623 762
623 637
623 688
157 506
157 948
157 682
157 325
157 853
157 963
157 835
157 751
458 678
458 645
458 815
458 773
458 599
458 689
73 251
73 842
73 509
557 906
557 680
557 837
288 422
288 410
288 411
288 875
288 681
288 645
288 781
288 654
288 861
7 116
7 877
7 929
7 455
7 253
866 948
77 557
77 880
77 378
77 500
77 216
77 984
77 109
858 860
858 986
870 975
74 169
74 157
74 509
74 302
74 492
74 507
661 925
661 901
683 812
683 932
248 542
248 597
248 703
248 795
619 730
619 727
619 796
249 654
249 703
249 989
427 570
427 508
241 962
241 587
241 548
241 357
241 628
313 679
313 836
313 452
313 750
582 839
582 908
97 316
97 603
97 891
234 598
234 802
234 311
234 939
234 270
234 334
234 466
18 44
18 212
18 652
18 550
192 470
192 872
192 854
806 852
617 704
617 922
323 691
323 423
323 335
323 460
381 608
381 835
514 990
514 967
514 796
514 757
563 774
563 823
170 751
170 578
170 466
170 890
170 552
170 894
170 469
429 496
429 455
429 937
194 960
194 501
318 878
318 892
318 501
318 443
669 857
669 715
662 826
662 886
789 995
789 890
789 831
534 710
98 461
98 296
98 122
98 143
98 935
295 673
295 503
295 850
308 341
308 899
512 792
282 670
282 777
282 711
282 511
282 960
357 932
357 879
55 802
55 849
55 950
55 186
55 523
55 736
691 749
691 850
691 934
691 747
503 516
503 695
503 888
638 980
638 758
266 693
266 774
266 862
266 848
266 642
266 765
266 508
16 148
16 282
16 838
16 338
16 495
16 355
16 463
468 578
468 894
462 993
462 592
462 853
462 494
462 644
615 792
615 766
615 835
615 690
471 668
471 853
471 717
471 961
471 582
45 918
45 652
45 865
45 452
45 909
45 176
45 124
45 588
334 418
334 584
334 478
334 386
334 460
130 954
130 804
198 288
198 975
198 430
198 324
198 517
198 497
196 850
196 935
196 964
895 952
692 722
692 998
33 647
33 830
33 428
882 961
307 368
441 861
441 619
441 677
441 886
886 958
886 967
844 848
844 864
469 692
469 813
150 719
150 584
19 923
19 819
19 321
19 862
19 319
19 639
19 136
19 345
19 863
19 340
361 614
361 941
361 845
361 847
342 376
342 983
342 714
342 934
342 543
342 827
143 471
143 317
143 250
143 469
143 432
143 505
143 207
143 303
556 978
556 633
332 664
332 643
832 857
832 900
560 970
560 998
560 675
560 706
560 996
560 729
743 791
230 460
230 380
230 414
149 663
149 981
149 464
573 816
573 822
573 789
457 914
457 865
457 670
457 950
670 866
670 692
721 909
208 437
208 331
208 338
453 567
453 844
453 810
453 751
446 569
446 521
446 488
419 442
419 704
419 574
23 268
23 53
23 668
23 704
23 292
700 809
700 805
82 753
82 516
82 914
82 985
82 454
728 795
728 991
261 836
261 612
416 485
416 722
416 921
764 793
764 897
834 944
634 658
278 902
278 519
278 382
146 443
146 514
146 327
146 384
146 620
236 847
236 491
851 912
558 678
267 538 626 790 472 127 578 182 129 297 520 440 702 744 564 735 580 868 939 56 445 494 191 62 982 227 329 15 705 835 3 296 704 419 442 947 280 385 548 535 816 977 294 767 410 715 214 84 598 178 699 511 659 172 724 161 743 596 988 239 26 584 339 615 792 512 6 353 461 292 23 268 5 990 553 321 240 444 849 639 877 881 41 352 763 366 153 399 60 901 782 147 401 710 207 143 98 95 314 247 132 355 34 48 779 152 38 29 679 544 387 848 266 693 600 286 142 441 861 966 778 931 899 875 347 593 900 698 252 338 123 420 327 791 155 133 678 874 655 934 342 376 451 689 458 645 288 422 843 430 838 908 582 450 437 599 572 690 818 713 368 83 893 761 586 78 253 377 745 697 950 55 802 694 21 102 185 11 667 771 559 618 926 720 775 317 310 946 179 680 781 311 927 177 162 348 197 759 504 495 44 556 529 166 343 589 257 640 281 948 260 635 167 391 955 962 126 766 539 35 824 75 216 77 557 906 333 382 115 537 718 395 403 800 571 259 809 700 805 677 134 285 945 176 436 924 160 507 609 59 907 656 997 25 24 960 282 670 866 457 914 94 205 533 350 541 202 577 758 627 71 171 632 602 774 88 284 473 793 981 896 81 650 99 859 903 750 313 836 732 701 993 174 669 857 660 916 707 510 464 681 530 158 873 696 748 807 344 657 107 28 943 642 250 935 196 47 719 304 518 501 194 190 4 517 919 371 397 49 61 616 57 794 756 405 663 687 365 813 164 320 79 379 378 89 408 404 187 32 188 63 462 592 117 291 994 590 523 165 885 929 967 546 390 796 619 431 915 708 279 354 233 734 92 14 305 1 566 638 980 644 118 54 276 685 17 833 298 229 428 985 82 753 467 661 513 534 477 271 787 803 772 641 741 181 570 415 856 814 801 479 110 526 804 130 954 819 154 238 119 604 262 290 636 328 220 201 585 832 629 105 551 658 591 315 674 579 492 111 860 865 263 219 454 301 806 852 878 407 625 409 648 225 319 684 555 628 952 895 90 68 910 53 709 922 607 309 151 392 423 961 850 295 673 788 706 958 203 839 113 798 561 897 717 920 964 515 739 746 770 246 322 64 949 13 969 124 221 547 358 550 363 621 888 277 364 938 136 299 413 723 904 189 855 438 622 274 478 487 360 96 258 606 890 418 565 976 175 847 236 361 614 100 346 879 817 829 325 218 780 183 691 603 500 846 575 532 921 416 485 973 120 871 243 264 265 522 86 496 429 455 463 460 323 58 474 841 508 427 345 19 923 145 87 426 654 249 703 316 826 502 909 45 918 424 141 131 542 760 434 633 751 851 912 956 223 491 576 114 389 135 380 979 66 569 446 521 70 653 476 293 765 22 67 128 932 244 545 0 894 845 726 222 712 242 52 200 72 39 827 137 50 386 822 573 46 204 224 754 394 406 786 755 373 482 101 711 797 646 768 752 940 213 925 283 456 85 195 173 398 823 563 528 509 74 169 722 692 469 170 466 971 675 560 36 332 536 844 864 237 334 234 270 40 983 412 540 892 318 443 146 76 435 834 944 287 608 516 998 489 480 302 475 552 106 125 69 999 139 594 425 448 525 880 933 211 630 465 769 10 671 840 449 737 8 613 300 978 742 212 808 18 652 905 375 326 388 902 452 917 367 433 383 269 215 886 662 777 830 33 647 37 235 664 595 2 820 396 312 889 588 499 884 862 109 624 228 992 527 810 453 567 80 989 789 995 193 432 695 831 869 957 605 303 853 471 668 870 341 400 505 308 738 272 913 421 9 736 180 581 764 688 623 762 256 490 637 783 369 324 148 16 531 716 232 198 975 497 714 991 351 728 795 248 597 643 953 65 374 384 965 273 729 30 815 568 439 486 275 122 682 872 192 470 524 936 825 163 231 876 245 468 730 549 854 157 506 255 307 251 226 138 863 73 842 393 610 757 514 370 91 611 972 31 672 858 986 217 97 891 963 731 649 951 447 828 108 928 414 230 112 289 676 206 799 837 42 340 104 484 330 498 336 749 51 543 402 209 587 306 103 331 208 483 683 812 335 984 241 357 747 356 210 911 362 721 168 381 184 116 7 349 503 996 727 941 372 43 558 121 278 519 776 740 562 27 601 634 882 411 417 887 733 583 156 665 942 481 620 898 811 970 773 867 488 968 144 359 199 159 987 666 651 785 254 686 937 140 930 883 20 784 725 617 554 337 261 612 493 459 974 186 821 12 149 150 574 631 93 959
