1000 2000
730 836
85 462
85 668
85 622
85 681
85 630
85 730
85 568
85 460
85 705
85 446
85 724
85 176
85 943
85 142
630 706
630 681
630 832
630 740
630 730
630 866
142 681
142 630
142 411
142 753
142 730
142 647
142 628
142 235
142 622
142 789
142 578
142 723
142 412
142 283
681 982
681 704
681 730
622 630
235 250
235 336
235 569
235 723
235 681
235 754
384 803
384 611
384 730
384 602
384 864
384 681
384 412
166 239
166 825
166 295
166 273
166 420
166 866
166 187
166 581
166 906
166 736
166 622
9 35
9 176
9 493
9 965
9 753
9 865
9 256
9 856
9 229
9 630
9 282
9 745
9 421
9 288
412 730
412 520
412 522
412 828
412 722
412 485
412 965
581 642
581 681
581 640
581 683
73 388
73 101
73 543
73 142
73 384
73 723
73 250
73 706
73 581
73 739
73 166
73 766
38 313
38 564
38 438
38 670
38 730
38 588
38 541
38 546
38 862
38 520
38 95
723 730
723 753
288 336
288 866
288 425
288 800
288 296
396 761
396 742
396 412
396 739
396 566
396 723
396 647
396 568
647 815
647 763
647 730
647 823
647 842
753 891
753 913
753 853
346 851
346 412
346 581
346 889
346 608
346 630
346 723
346 757
250 288
250 257
250 570
250 423
250 582
250 891
250 280
250 686
250 375
541 754
541 640
336 568
336 933
336 730
336 757
336 761
742 888
742 876
742 998
742 753
280 389
280 997
280 386
602 681
602 728
602 742
602 994
520 884
520 778
640 736
640 853
640 998
386 724
386 630
386 851
386 556
754 776
90 205
90 602
90 386
90 216
866 868
866 959
3 588
3 742
3 980
3 264
3 706
3 582
3 920
3 406
3 9
482 565
482 766
482 581
564 707
564 588
564 844
564 862
564 883
564 983
888 992
888 906
629 670
629 844
629 879
629 888
629 641
87 354
87 491
87 888
87 578
87 507
87 481
548 986
548 596
548 753
548 563
548 830
257 408
257 782
257 807
257 766
257 538
487 761
487 907
487 658
487 622
487 895
487 865
487 625
736 754
736 956
509 976
509 581
509 979
109 425
109 834
109 746
109 580
109 509
342 768
342 645
342 440
342 754
342 622
199 629
199 412
199 844
199 537
199 742
199 205
310 935
310 386
658 851
205 803
205 257
205 244
205 300
205 329
205 699
522 563
522 668
117 930
117 328
117 351
117 751
117 866
117 581
117 990
117 811
699 902
642 971
642 825
766 862
766 857
766 908
582 723
582 878
582 864
582 844
582 909
582 784
130 891
130 358
130 683
130 888
130 522
130 849
130 807
588 836
588 651
706 982
706 787
706 776
440 486
440 629
440 733
440 856
440 609
440 464
739 799
636 708
636 699
636 695
7 923
7 115
7 76
7 681
7 210
7 57
7 706
7 357
7 380
862 906
556 906
556 752
556 770
556 984
556 563
313 642
313 716
313 579
313 876
313 560
313 510
313 972
231 342
231 821
231 723
231 905
231 238
460 888
460 561
129 356
129 316
129 862
129 954
129 541
129 400
129 235
578 582
578 803
578 660
659 897
659 761
659 925
659 684
70 115
70 207
70 431
70 556
70 403
569 640
136 964
136 584
136 383
136 427
136 272
136 241
136 257
136 919
136 142
136 346
670 907
69 681
69 428
69 578
69 920
69 466
425 568
425 638
425 982
425 516
27 162
27 421
27 803
27 821
27 754
150 496
150 754
150 178
150 307
150 169
150 983
150 711
635 991
635 762
635 906
635 649
635 721
493 599
493 556
493 856
493 620
493 756
493 862
453 951
453 578
453 703
453 557
388 920
388 736
388 688
458 909
458 605
458 568
458 541
458 771
878 892
704 879
32 541
32 51
32 448
32 306
32 384
32 36
32 394
32 295
32 322
32 964
32 137
32 44
32 744
99 198
99 821
99 676
99 506
99 136
99 638
99 820
751 771
287 658
287 753
287 460
287 730
287 789
287 672
314 819
314 622
314 630
686 846
851 870
30 474
30 835
30 177
30 85
724 726
724 730
724 754
474 827
474 872
474 887
474 900
864 895
638 940
638 883
492 766
492 828
492 830
295 757
295 723
295 560
683 837
448 948
448 639
448 630
496 698
496 686
496 830
537 980
537 649
132 440
132 826
132 522
132 159
132 258
132 684
77 567
77 215
77 280
77 659
421 803
421 697
421 983
752 914
752 819
535 964
535 602
535 635
121 720
121 878
121 421
121 148
121 199
627 761
627 743
627 963
102 289
102 891
148 802
148 248
148 471
148 795
148 959
148 809
148 242
148 443
148 578
514 970
514 766
514 642
514 538
514 581
660 742
660 836
395 869
395 620
395 520
395 535
489 845
489 706
293 388
293 885
293 965
293 803
301 838
301 376
301 847
301 568
301 864
301 673
301 426
301 435
729 906
789 981
74 724
74 298
74 164
74 448
74 533
74 825
74 463
74 184
74 358
74 352
74 757
620 692
620 964
389 812
389 879
389 845
389 630
889 906
889 917
872 915
872 991
186 647
186 349
186 209
186 707
186 492
318 926
318 563
318 706
318 388
318 472
358 699
358 536
358 538
383 697
383 578
383 694
383 735
19 598
19 638
19 720
19 438
19 770
495 774
495 724
495 600
198 444
198 579
198 686
198 201
198 584
198 467
198 417
198 659
534 807
534 725
534 573
534 889
438 456
438 757
438 731
438 534
115 139
115 593
115 231
115 864
115 834
333 640
333 906
333 917
207 235
207 324
207 509
207 910
277 293
277 539
277 598
277 609
277 564
178 684
178 325
178 773
178 206
178 985
178 610
538 624
538 872
538 942
788 803
765 999
765 906
375 411
375 603
375 563
368 571
368 888
368 789
368 741
322 742
322 746
322 568
322 463
322 902
322 891
836 896
480 922
480 812
480 872
480 607
668 980
668 916
15 721
15 537
469 705
469 862
469 856
176 195
176 198
721 802
721 868
162 235
162 322
162 449
162 554
162 869
162 996
162 545
162 495
162 340
253 599
253 957
184 789
184 522
184 713
184 623
184 388
184 349
184 263
184 631
184 266
184 926
184 331
261 492
261 315
261 384
24 658
24 928
24 781
24 480
24 654
24 393
24 736
24 488
24 30
157 187
157 414
157 322
445 487
445 992
445 867
445 537
445 501
189 410
189 292
189 638
189 840
72 422
72 496
72 376
72 329
72 250
72 117
72 535
266 777
266 953
563 622
563 765
563 956
613 752
613 805
155 537
155 733
155 458
155 964
88 445
88 718
553 978
553 889
885 929
376 552
376 468
51 127
51 682
51 403
51 659
380 625
329 506
329 840
329 336
329 722
784 971
784 990
784 830
296 838
289 642
289 876
289 549
676 880
552 785
552 936
552 759
355 681
123 359
123 258
123 348
123 346
123 469
123 967
159 595
159 280
159 262
159 699
593 947
593 792
900 981
356 971
356 657
356 903
300 721
907 986
726 839
726 968
23 637
23 271
23 726
23 525
23 697
23 453
188 809
188 789
188 552
403 560
403 777
403 738
403 874
403 714
59 501
59 493
59 697
722 854
722 888
722 973
770 864
770 924
595 746
595 816
595 954
595 842
366 668
366 568
366 652
968 981
131 814
131 389
131 347
131 430
131 286
131 257
267 366
267 985
727 800
727 739
252 729
259 465
259 397
259 578
259 313
545 743
545 595
672 808
592 680
592 654
592 894
592 795
592 642
29 701
29 968
76 900
76 447
167 887
167 891
167 403
167 407
167 279
641 917
471 935
471 583
80 704
80 176
80 408
80 584
217 386
217 818
217 650
206 964
206 508
809 903
809 982
420 898
420 711
420 754
420 471
560 975
560 995
560 932
560 868
349 386
419 520
419 885
419 662
192 297
192 831
192 614
192 448
192 344
43 85
43 151
774 779
774 893
774 984
229 659
229 738
229 958
708 866
610 766
743 839
743 888
128 541
128 316
128 166
348 598
348 472
348 924
830 853
185 362
185 236
185 553
185 389
263 373
263 777
263 599
95 228
95 437
95 359
95 189
415 702
415 578
415 461
746 972
909 959
662 784
867 918
584 904
584 725
297 974
297 768
297 959
297 672
297 505
297 548
239 801
239 655
239 635
239 311
44 250
44 124
44 180
44 386
776 927
776 961
256 870
256 941
256 649
256 266
256 299
13 790
13 479
13 95
13 862
68 150
68 325
68 313
68 637
68 942
68 437
417 714
407 532
407 698
103 831
103 336
213 331
213 462
213 567
213 522
800 929
618 883
618 761
618 879
331 722
331 858
645 921
645 729
559 946
559 665
559 670
559 635
559 613
559 824
828 973
828 908
827 944
827 917
827 911
341 430
341 765
639 834
215 239
973 977
410 432
505 532
505 937
505 968
191 852
191 337
191 278
191 956
624 770
397 436
397 595
465 912
465 776
465 594
465 636
465 891
22 525
22 250
22 845
22 772
22 824
22 68
22 680
614 750
232 554
232 787
232 784
232 974
247 836
247 864
247 321
247 849
801 919
466 608
466 492
466 865
372 432
372 864
372 725
175 996
175 278
175 788
52 646
52 123
52 674
52 736
525 652
525 971
37 371
37 78
37 908
37 568
64 464
64 520
64 250
64 878
79 634
79 451
79 284
79 997
79 788
139 678
139 960
139 841
139 403
228 641
11 727
11 35
11 762
11 786
11 352
11 69
11 397
337 964
337 718
337 550
325 694
325 570
325 356
812 895
720 737
720 975
644 743
644 788
291 647
291 402
807 915
758 968
609 853
609 706
549 845
549 912
777 869
777 944
777 925
97 874
97 344
86 176
86 459
86 774
86 708
86 165
144 704
144 989
144 649
144 212
144 210
144 166
144 225
144 789
124 666
124 296
124 527
124 614
124 903
124 303
678 730
714 742
714 843
767 878
767 866
324 459
324 595
771 952
165 294
165 342
165 448
165 167
697 917
443 866
113 281
113 215
113 259
113 939
113 909
113 869
446 909
446 498
446 467
446 780
446 530
446 880
110 253
110 745
110 337
304 553
304 427
304 548
234 932
234 433
234 660
241 773
241 800
241 749
241 568
623 662
623 647
273 969
273 726
14 51
14 840
14 202
14 557
14 336
713 949
230 714
230 698
230 686
230 693
230 993
494 678
533 992
991 998
561 859
648 773
648 668
554 866
554 649
164 708
164 488
164 191
373 761
373 751
795 810
795 949
254 395
254 256
733 956
733 749
733 922
565 998
271 521
583 890
281 568
281 886
281 822
281 571
316 693
709 812
684 901
684 854
684 820
152 737
152 588
152 769
278 576
278 505
278 600
35 477
35 948
35 838
365 773
365 879
365 987
428 861
428 644
530 608
530 596
530 851
530 933
243 745
243 992
531 538
531 540
531 714
557 729
202 720
202 220
202 982
472 825
472 519
501 812
501 589
10 206
10 43
942 978
941 984
16 719
16 131
16 534
16 264
16 81
145 176
145 745
822 909
822 946
223 581
223 899
328 868
328 956
49 164
49 576
49 732
49 223
18 678
18 360
18 616
18 823
18 482
558 825
558 977
558 559
100 800
100 620
100 889
100 498
400 628
400 836
400 569
400 590
400 998
400 574
173 251
173 866
0 409
0 13
0 358
0 446
898 942
119 127
119 338
119 971
119 555
119 629
844 930
433 847
433 686
242 782
242 249
181 610
181 548
96 557
96 105
96 966
96 257
96 944
96 625
616 730
842 900
308 629
308 575
308 648
308 426
308 853
696 830
696 902
476 984
476 728
479 712
762 840
402 814
402 549
402 695
171 830
171 345
171 851
153 271
153 708
153 454
55 338
55 830
55 97
82 466
82 726
82 733
82 392
459 741
459 969
544 888
544 593
544 643
101 985
426 601
211 419
211 685
211 595
211 606
211 944
211 565
216 872
210 223
210 748
75 231
75 585
219 664
219 489
305 730
305 489
305 652
305 486
305 345
305 662
40 692
40 920
40 718
646 651
646 898
503 885
248 365
248 432
502 742
824 951
824 966
987 995
596 648
596 828
596 955
98 449
98 726
98 345
98 583
98 316
423 772
423 742
423 632
786 972
282 757
282 330
823 945
65 685
65 147
65 384
5 97
5 261
5 992
45 644
45 633
45 241
58 973
84 770
84 185
84 496
462 843
432 509
657 900
46 681
46 241
46 870
122 839
738 988
57 765
57 259
25 368
25 821
25 600
359 714
859 990
377 842
377 677
377 960
169 661
169 869
107 879
107 134
539 919
539 905
539 674
715 913
715 832
360 373
360 762
455 761
455 672
447 689
447 460
427 755
427 722
279 428
279 985
279 923
790 973
790 845
790 929
270 678
435 715
435 627
745 766
745 980
364 801
364 481
405 841
398 820
398 400
398 764
411 900
411 646
799 812
799 855
799 909
959 972
53 851
53 202
309 660
255 567
811 991
17 863
17 739
17 815
17 813
212 814
212 359
212 528
212 421
212 439
689 750
689 899
566 678
585 851
436 709
436 774
436 771
2 191
2 748
2 534
2 407
2 282
886 920
485 986
485 917
208 786
208 218
818 819
41 577
41 375
491 575
34 287
108 489
108 334
454 520
454 684
454 908
93 758
93 866
877 888
664 964
902 918
571 814
571 991
200 584
200 741
200 335
200 561
114 134
114 361
114 241
33 900
147 703
147 510
147 203
183 826
183 691
183 767
183 976
183 379
183 703
183 860
183 374
434 718
422 988
422 704
422 882
422 734
361 402
361 513
543 879
409 752
369 454
369 381
369 511
126 406
126 972
12 477
12 108
12 534
251 346
251 862
62 280
62 703
621 888
621 902
478 777
20 714
264 469
264 886
735 953
687 948
687 985
133 773
133 327
133 660
604 910
604 675
246 407
246 336
441 818
734 881
498 790
928 960
61 685
61 173
393 825
393 771
393 500
598 901
551 748
551 581
673 940
673 787
507 833
507 718
511 731
516 547
674 700
810 967
810 859
810 912
149 642
149 951
156 929
156 181
156 455
272 365
272 858
272 699
272 562
89 945
89 261
89 649
285 592
285 502
285 421
125 346
179 252
179 743
179 337
179 505
182 710
182 959
182 617
182 254
680 917
306 503
677 746
677 780
362 763
226 388
226 517
226 871
226 984
449 954
449 705
335 488
118 534
118 476
755 969
755 796
413 949
413 670
413 771
209 316
652 783
66 483
66 285
573 839
94 522
94 488
838 938
617 807
617 634
416 826
416 850
416 421
695 796
60 803
587 717
587 999
587 765
587 660
587 807
111 683
111 378
111 982
944 982
154 295
154 544
154 656
666 698
195 930
177 551
323 928
323 528
378 810
576 770
871 981
517 670
512 618
512 884
711 799
711 852
711 965
312 629
312 595
42 711
612 998
612 833
747 825
71 328
71 747
586 711
586 970
586 602
339 736
4 38
4 665
4 985
4 7
488 658
504 711
685 818
685 688
685 865
54 452
54 933
452 827
452 707
452 853
846 979
858 998
740 800
275 673
275 429
490 956
490 591
249 466
236 970
236 374
218 942
848 849
340 482
340 993
26 611
26 838
26 81
382 877
382 696
546 676
546 598
631 851
631 982
214 593
214 717
214 366
214 925
943 968
127 578
307 535
307 916
307 489
379 445
47 297
47 543
47 325
260 614
260 267
424 819
508 958
508 626
508 798
508 849
350 384
350 536
350 783
350 424
269 340
269 871
269 475
21 145
21 923
21 191
439 962
439 985
442 909
442 493
884 908
829 885
829 861
78 784
78 470
78 702
387 906
28 188
28 336
28 493
28 143
238 934
238 985
238 930
36 142
172 370
172 614
172 438
172 189
172 677
330 709
481 649
481 619
500 574
778 910
193 908
193 521
31 884
268 758
268 903
268 936
190 791
190 673
190 799
190 672
48 67
48 949
48 671
8 393
8 241
8 670
8 529
8 328
286 907
515 892
106 301
106 132
143 681
290 706
161 222
161 829
161 376
161 442
161 404
104 683
104 443
104 807
983 995
437 889
437 771
437 547
798 965
798 853
334 408
334 365
303 681
303 435
669 715
457 819
457 567
768 854
197 905
197 286
470 820
141 384
221 796
221 812
81 843
81 663
81 959
484 928
484 733
484 802
163 319
163 782
450 730
168 400
168 628
224 817
224 317
224 420
700 903
700 831
700 988
418 674
406 778
381 606
381 894
381 510
464 905
112 590
112 627
456 827
634 689
399 735
399 871
39 548
39 813
39 468
497 525
317 436
317 693
317 553
347 354
875 913
665 896
140 564
140 675
793 961
137 641
430 562
394 567
394 956
394 806
691 704
605 797
692 899
146 633
146 734
351 767
120 859
655 689
589 767
589 616
589 812
653 751
653 982
653 978
302 484
302 893
302 768
196 727
196 546
667 866
274 696
274 697
274 424
633 995
702 868
194 877
486 778
220 470
220 623
220 870
461 509
262 762
262 313
158 178
158 859
158 359
227 889
475 757
6 196
483 669
116 656
116 359
233 237
233 941
332 979
332 772
332 472
518 571
518 845
367 402
526 928
854 982
904 991
245 353
245 786
245 845
690 754
135 369
135 478
67 154
67 345
105 815
105 130
804 996
804 966
524 727
524 558
606 774
160 543
160 509
320 646
320 950
392 593
392 503
835 931
542 759
542 812
542 547
170 924
170 940
56 443
56 650
756 911
276 700
444 529
444 545
353 977
353 822
499 649
717 755
344 569
344 761
679 897
679 791
63 396
265 973
873 916
873 973
873 894
794 944
615 713
615 676
562 814
562 878
562 853
473 480
92 696
92 449
626 888
91 960
91 938
91 540
244 692
244 283
385 665
1 131
204 460
391 467
50 380
608 926
523 956
237 847
138 350
401 421
83 229
83 755
83 216
83 341
83 403
363 395
363 944
363 544
327 414
572 876
572 640
775 829
321 433
326 960
390 638
390 953
390 864
451 769
938 982
513 874
513 633
240 471
292 731
760 961
180 370
764 985
352 376
611 936
574 648
805 852
805 921
343 647
343 822
319 338
319 648
174 466
174 569
404 606
597 672
597 723
370 738
963 988
651 680
713 184 789 144 704 691 183 826 132 440 486 778 910 604 675 140 564 707 186 647 815 105 130 891 250 72 422 988 738 403 560 975 720 737 152 588 836 400 628 168 142 681 982 425 568 322 32 541 38 4 665 385 559 946 822 281 113 215 77 567 457 819 424 274 696 830 496 698 666 124 296 288 336 235 207 70 115 139 678 494 270 566 396 761 627 743 179 252 729 557 96 966 824 951 149 642 971 119 127 51 14 840 762 11 727 800 241 773 648 574 500 393 825 74 724 726 273 166 239 801 919 539 277 293 388 318 926 608 530 596 548 986 907 487 445 379 992 243 745 110 253 599 493 556 906 862 469 705 85 462 213 331 722 427 136 964 337 191 164 708 153 271 521 193 908 37 371 78 784 232 554 162 449 954 595 397 259 465 912 810 795 148 802 721 300 205 803 788 175 996 804 278 576 770 624 538 531 540 91 960 928 323 528 212 814 131 1 16 719 534 807 257 408 334 365 879 618 883 638 99 198 444 529 8 670 517 226 871 981 968 758 93 866 173 251 346 851 585 75 231 342 768 854 684 901 598 348 123 359 95 228 641 137 917 333 640 572 876 289 102 549 845 518 571 991 872 915 474 827 452 54 933 853 308 629 312 844 582 723 73 101 985 439 962 178 150 68 325 694 383 697 59 501 812 480 922 733 82 466 249 242 782 163 319 338 55 97 874 513 361 402 291 367 695 636 699 272 858 998 565 211 419 520 412 199 537 980 668 522 94 488 335 200 584 904 725 372 432 509 160 543 47 297 974 959 182 710 617 634 79 451 769 284 997 280 389 185 362 763 236 970 514 766 482 340 269 475 757 295 154 544 363 395 869 169 661 777 478 135 369 454 381 606 404 161 222 829 885 929 790 973 873 916 307 535 602 586 711 420 898 646 52 674 700 903 809 188 28 143 552 785 936 611 26 838 35 477 12 108 489 219 664 305 730 384 350 138 536 358 0 409 752 914 613 805 852 921 645 13 479 712 446 909 458 605 797 771 952 751 653 978 553 317 436 709 330 282 9 176 86 459 741 368 888 87 354 347 491 575 578 415 702 868 328 956 736 24 658 287 34 753 742 423 772 22 525 652 783 366 214 593 947 392 503 306 792 717 755 969 83 229 659 897 679 791 190 673 301 376 352 468 39 813 17 863 739 799 855 847 237 233 941 984 774 495 600 25 821 27 421 121 878 562 430 341 765 57 7 923 279 167 887 165 294 448 192 831 103 614 172 370 180 44 386 90 216 630 706 609 3 264 886 920 69 428 861 644 45 633 146 734 881 995 987 983 40 692 620 100 889 227 437 547 542 759 516 498 244 283 899 689 750 447 460 204 561 859 158 990 117 930 195 238 934 351 767 589 616 18 360 373 263 823 945 89 261 492 828 315 5 649 499 635 481 364 619 256 870 46 220 470 820 398 764 623 662 202 53 254 266 953 390 864 895 247 321 433 234 932 660 309 133 327 414 157 187 587 999 686 230 714 417 843 81 663 20 693 316 98 345 67 48 949 413 671 171 583 890 471 935 310 240 129 356 657 900 33 842 377 677 746 109 834 639 580 972 786 208 218 942 245 353 977 558 524 126 406 313 262 159 716 579 510 147 703 453 23 637 62 203 65 685 818 441 217 650 56 443 104 683 837 581 223 49 732 210 748 2 407 532 505 937 246 551 177 30 835 931 111 378 688 61 865 780 76 411 375 603 41 577 563 622 314 209 128 993 846 979 332 472 519 849 508 958 626 206 10 43 151 798 965 848 735 399 299 811 120 655 718 88 434 507 833 612 290 787 776 927 754 690 961 760 793 832 715 913 875 669 483 66 285 592 680 651 654 894 502 435 303 740 349 438 456 731 511 292 189 410 19 260 267 344 569 174 948 687 21 145 357 380 50 625 892 515 64 464 905 197 286 416 850 401 779 893 302 484 476 118 728 106 426 601 940 170 924 275 429 672 455 156 181 610 808 597 925 796 221 497 632 781 339 394 806 490 591 523 71 747 461 621 902 918 867 877 194 382 324 80 856 224 817 304 155 442 467 391 880 676 615 546 196 6 141 450 938 268 276 418 320 950 42 504 994 265 58 775 944 794 643 656 116 857 374 84 976 248 15 485 884 512 31 114 134 107 749 607 473 570 911 756 258 967 631 125 667 29 701 943 545 201 506 329 573 839 122 526 326 60 594 816 92 550 387 957 533 955 311 298 463 682 555 112 590 963 63 841 405 431 527 255 939 343 896 36 744 355 882 860 989 225
